93
Clover_yellow_mosaic_virus                  0.0000000 2.1155672 2.0880440 2.0393036 2.2456175 2.2699842 2.2733240 2.5139010 2.5013422 2.0802468 2.4443893 2.2515370 2.2851256 2.1454421 2.1577218 2.1371074 2.3022788 2.2700042 2.2994743 2.3527548 2.1713921 2.0982917 2.1230993 1.9628599 1.9645821 1.8379360 1.7672245 1.8933187 1.8406938 2.4711048 2.4733602 2.4733602 2.3942719 2.4654175 2.4435340 2.4680154 2.4877583 2.3669827 2.3882824 2.3882824 2.4182933 2.4822194 2.4822194 2.4490577 2.4663793 2.4663793 2.4674272 2.4674272 2.8115350 2.6520929 2.6697004 2.5166303 2.4587743 2.4577438 2.6392619 2.5324444 2.7186657 2.7934900 2.6448233 2.7008516 2.7215734 2.6648387 2.7217104 2.7302651 1.9270784 1.9040336 1.8614346 2.1817976 2.1523153 2.0753137 2.1500731 2.1637585 2.1427115 2.1970368 2.2010191 2.1774089 2.1775705 2.2255751 2.2455839 2.1651459 2.0485865 2.1109995 2.1572673 2.1846265 2.1194358 2.1762847 2.1537978 2.1739081 2.1756683 2.1025095 2.1003015 2.1976331 2.1976331 
Hydrangea_ringspot_virus                    2.1155672 0.0000000 1.7339532 1.8329486 2.0980408 1.8386310 1.8203377 2.9452478 2.3244105 2.3209030 1.7661431 2.0165366 2.0118987 2.0254629 1.9062991 2.0344867 2.1035419 2.0854543 2.1103069 1.7695418 1.8250173 1.8278377 1.8879231 1.6503735 1.6520254 1.7571412 1.5918316 1.8524460 1.7531266 2.0519835 2.0330957 2.0330957 1.9457610 2.0145978 2.0266365 2.0366870 2.0524519 1.9916240 1.9829695 1.9829695 2.0128382 2.0180253 2.0180253 2.0345146 2.0487641 2.0487641 2.0496460 2.0496460 1.9747257 2.1072703 2.1386848 2.1042187 2.0493334 2.0280025 2.3027428 2.2981857 2.2113443 2.3269271 2.2831993 2.1160978 2.1372175 2.1585465 2.1231334 2.1419845 1.8765536 1.8930724 1.8647122 1.8889375 1.8641762 1.8554683 1.9050609 1.9169016 1.8877420 1.8552868 1.8412136 1.8592327 1.7637302 1.8413479 1.9056746 1.8134359 1.7157829 1.7886379 1.8664187 1.7919367 1.7972787 1.8680365 1.8493264 1.7932837 1.8143128 1.8094818 1.7912827 1.8467895 1.8467895 
Plantago_asiatica_mosaic_virus__KU697313    2.0880440 1.7339532 0.0000000 0.3474400 0.4057652 0.3251365 0.3279178 2.3651262 2.7513749 3.0941107 1.6702719 1.9466586 1.9756881 1.9431129 1.9401160 1.9800898 2.2143175 2.2629464 2.2682786 1.7030202 1.8810614 1.8901974 1.9351031 1.5134659 1.4995557 1.7053122 1.5810417 1.7818026 1.5146279 1.9350872 1.9030105 1.9030105 1.8682625 1.9341065 1.9099238 1.9155754 1.9301516 1.8970473 1.8890357 1.8890357 1.9176022 1.8814200 1.8814200 1.8856533 1.9021374 1.9021374 1.9013034 1.9013034 1.7293985 1.7261298 1.7116213 1.7675365 1.7456927 1.7801065 1.8979073 1.8217135 1.8380912 2.1826269 1.8632825 1.7336178 1.7721179 1.7717921 1.7683773 1.7612782 1.8795844 1.9677709 1.8913049 2.2243275 1.8969170 1.8345366 1.9067408 1.9169101 1.8027722 1.8278429 1.8078743 1.8316135 1.7782810 1.8141789 1.8632309 1.8109189 1.7066055 1.8359887 1.7683170 1.8558611 1.8067006 1.8295429 1.8075309 1.8403505 1.8446237 1.8190884 1.8008101 1.8389736 1.8389736 
Nandina_mosaic_virus                        2.0393036 1.8329486 0.3474400 0.0000000 0.3430990 0.3198897 0.3273541 2.5057801 2.6216039 2.7915011 2.0672042 2.0876577 2.1596805 2.1362763 2.1070732 2.1409491 2.2673127 2.2629519 2.2679728 1.7249655 1.8043319 1.7660053 1.7350330 1.6226297 1.6448596 1.6962021 1.5638514 1.7633450 1.6542035 1.8402307 1.7959322 1.7959322 1.7559804 1.7970504 1.7815384 1.7926284 1.8060649 1.7908697 1.7835389 1.7835389 1.8070739 1.7828584 1.7828584 1.8168110 1.8094083 1.8094083 1.8230058 1.8230058 2.1028338 1.9795603 1.9650186 1.9906198 1.9566093 1.9237058 2.0714748 2.0545235 2.1362972 2.6275065 2.1738123 1.9182509 1.9313185 1.9137637 1.9117122 1.9284705 1.7824681 1.8010605 1.7493363 2.0345732 2.1521644 2.0133156 2.1426512 2.1703596 2.1306051 2.1655446 2.1678982 2.1594261 2.0837176 2.1858045 2.0640982 2.0474699 1.9397487 2.0321389 2.0592825 2.0686604 2.0374898 2.1047348 2.0451890 2.0331150 2.0338526 2.0513451 2.0302681 2.0625533 2.0625533 
Plantago_asiatica_mosaic_virus__LC155795    2.2456175 2.0980408 0.4057652 0.3430990 0.0000000 0.3574543 0.3572189 2.7649400 2.6822444 3.0832016 1.8703761 1.8646173 1.9414892 1.9145455 1.8305330 1.9050161 2.2066501 2.1783608 2.2592232 1.7705020 1.6938882 1.7333646 1.6351762 1.4838789 1.4914644 1.5787847 1.4823953 1.6335553 1.5583520 1.8656846 1.7913008 1.7913008 1.7567513 1.8279633 1.8129226 1.8345542 1.8484156 1.8455663 1.8378658 1.8378658 1.8383967 1.8183876 1.8183876 1.8296566 1.8221504 1.8221504 1.8359062 1.8359062 1.8415298 1.7960031 1.8000551 1.7415421 1.6952264 1.7212213 1.8640236 1.7834687 1.8107098 1.9425588 1.7960747 1.7764815 1.7869644 1.7746927 1.7990312 1.7917142 1.6657872 1.6521181 1.6450318 1.8005762 1.9018694 1.8926147 1.9443134 1.9688616 1.9692783 1.9715656 1.9751096 1.9513212 1.8947295 1.9821973 1.9603128 1.9928186 1.8881634 1.9169030 1.9297594 1.9034960 1.9034845 1.9419945 1.9473555 1.9554566 1.9245237 1.9066373 1.8872912 1.9548346 1.9548346 
Plantago_asiatica_mosaic_virus__KT717325    2.2699842 1.8386310 0.3251365 0.3198897 0.3574543 0.0000000 0.0118645 2.4959250 2.8707344 3.1963233 2.2124228 2.0933535 2.1625239 2.2965714 2.1425376 2.2790415 2.0821160 1.9837773 2.0215944 1.6756660 1.7805067 1.7462512 1.7379990 1.5712195 1.5923542 1.7271149 1.6474783 1.7636509 1.6022110 2.0038958 1.9077141 1.9077141 1.9457964 1.9854739 1.9681486 1.9840447 1.9992881 1.9911971 1.9825431 1.9825431 1.9204992 1.9210178 1.9210178 1.9601756 1.9518396 1.9518396 1.9667892 1.9667892 1.9789480 1.8012740 1.8053079 1.8391074 1.8417696 1.8413767 1.9210379 1.8596702 1.8679497 2.3338894 1.9254184 1.8421511 1.8688432 1.8720099 1.8421210 1.8483936 1.8768433 1.8808173 1.8381345 2.0332305 1.8472404 1.6881483 1.8218800 1.8146016 1.8674524 1.8674695 1.8693089 1.8310859 1.7913105 1.8534260 1.8017355 1.7589972 1.6821037 1.7698866 1.7307092 1.7831868 1.7930912 1.8005090 1.7872959 1.8127593 1.7989470 1.8160395 1.7977532 1.8228721 1.8228721 
Plantago_asiatica_mosaic_virus__KU159093    2.2733240 1.8203377 0.3279178 0.3273541 0.3572189 0.0118645 0.0000000 2.4928732 2.7245451 3.2200528 2.1402735 2.0883255 2.1592013 2.3312924 2.1373947 2.2735910 2.0283138 1.9671980 2.0046363 1.7002206 1.7821781 1.7478791 1.7680998 1.5596109 1.5805177 1.7154194 1.6359145 1.7518928 1.5904137 1.9246914 1.8331788 1.8331788 1.8682854 1.9064409 1.8898470 1.9058490 1.9203811 1.9262986 1.9180659 1.9180659 1.8453485 1.8764288 1.8764288 1.9000009 1.9064547 1.9064547 1.8894302 1.8894302 1.9310958 1.7723575 1.7764553 1.8097083 1.8114398 1.8111387 1.9215515 1.8300030 1.8381340 2.2709142 1.8944269 1.8127678 1.8389125 1.8419778 1.8262919 1.8188202 1.9532254 1.9573468 1.9446823 2.2333402 1.8346006 1.6891925 1.8094605 1.8022416 1.8546735 1.8546847 1.8565045 1.8185376 1.7652920 1.8407452 1.7894751 1.7470319 1.6575602 1.7285729 1.7189467 1.7425129 1.7515731 1.7590569 1.7456512 1.7710367 1.7577029 1.7740997 1.7562688 1.7811524 1.7811524 
Senna_mosaic_virus                          2.5139010 2.9452478 2.3651262 2.5057801 2.7649400 2.4959250 2.4928732 0.0000000 1.6232419 1.6360718 1.3870701 1.3806920 1.4626029 1.4062046 1.3968290 1.3772317 2.5687609 2.6547762 2.6409676 2.2069670 2.2650675 2.3282749 2.3866385 2.0036088 2.0334275 2.1872949 2.0233764 2.2983644 2.0074138 2.3434454 2.3911853 2.3911853 2.2436808 2.3225384 2.2807549 2.3482166 2.3664334 2.2057008 2.2210509 2.2210509 2.3339077 2.3574113 2.3574113 2.3228597 2.3430581 2.3430581 2.3420769 2.3420769 1.9904763 2.3362237 2.3259484 2.3825543 2.3875239 2.3958929 2.4072891 2.4262975 2.4826223 3.3192618 2.6007559 2.4618476 2.4530980 2.4222731 2.4258960 2.4147112 2.3163566 2.3209478 2.2701570 2.5828024 2.1762666 2.0978514 2.2388021 2.2298769 2.1999876 2.1825647 2.1659078 2.1797160 2.1708772 2.1651367 2.2423090 2.1390002 2.1128718 2.0925347 2.1734443 2.1297738 2.1641743 2.2019132 2.1915266 2.1647818 2.1792727 2.1504975 2.1050113 2.1525685 2.1525685 
Babaco_mosaic_virus                         2.5013422 2.3244105 2.7513749 2.6216039 2.6822444 2.8707344 2.7245451 1.6232419 0.0000000 1.3386955 1.1678606 1.1893297 1.1383549 1.1888588 1.0998042 1.1642647 2.6535547 2.6999905 2.7062224 2.1665281 2.2220765 2.0464448 2.0455560 1.8298704 1.8177997 1.9161730 1.8339509 2.0118412 1.9060412 1.6303946 1.6624607 1.6624607 1.5710240 1.5944257 1.6025555 1.6453061 1.6572861 1.5890218 1.5829669 1.5829669 1.6126710 1.6195752 1.6195752 1.6065852 1.6175001 1.6175001 1.6181760 1.6181760 1.8951393 1.9613165 2.0007010 2.0100893 1.9317305 1.9624236 2.0041179 1.9633167 2.0995364 2.2962947 2.0691742 1.9912288 1.9887625 2.0075802 2.0007118 1.9922929 2.1396942 2.1776715 2.1356113 2.4413109 2.1778446 2.1715478 2.2320905 2.2231676 2.0551470 2.0775459 2.1067391 2.0828331 2.0173484 2.0729225 2.1614631 2.1561953 2.0005218 2.0162913 2.0946015 2.0718938 2.0528708 2.0433455 2.0319992 2.0822671 2.1383085 2.1102694 2.0889570 2.0927010 2.0927010 
Papaya_mosaic_virus                         2.0802468 2.3209030 3.0941107 2.7915011 3.0832016 3.1963233 3.2200528 1.6360718 1.3386955 0.0000000 1.2991980 1.3060160 1.3163853 1.3660028 1.2801053 1.3477350 2.6146783 2.6055425 2.6378557 2.2483818 2.3091729 2.1758105 2.2934448 2.0966766 2.0859983 2.0646692 2.0191520 2.2108712 2.0749256 1.9128468 1.9446716 1.9446716 1.8573472 1.9003302 1.8841787 1.9450456 1.9595864 1.8863302 1.8785471 1.8785471 1.9727212 1.9532457 1.9532457 1.9293415 1.9424697 1.9424697 1.9432839 1.9432839 2.2903838 1.9696708 2.0019974 1.9892731 1.8847872 1.9294130 2.0357648 2.0849857 2.0907042 2.8864265 2.1086419 2.0273742 1.9597406 1.9464948 1.9756584 1.9674011 2.1624777 2.1651404 2.1846077 2.4372307 2.1510221 2.1683300 2.2009121 2.2099020 2.1129298 2.1159997 2.1272526 2.0936880 2.0552374 2.1264947 2.1046537 2.0715190 2.0455668 2.0309070 2.0742882 2.0943906 2.0339676 2.1137365 2.0272389 2.0629039 2.1278131 2.1036841 2.0824679 2.1049402 2.1049402 
Alternanthera_mosaic_virus__LC107515        2.4443893 1.7661431 1.6702719 2.0672042 1.8703761 2.2124228 2.1402735 1.3870701 1.1678606 1.2991980 0.0000000 0.3666441 0.3526016 0.3659601 0.3401480 0.3581466 2.1536849 2.2380813 2.2274804 1.9444569 1.8463748 2.0023682 2.0249763 1.5572884 1.5518390 1.7224518 1.6392257 1.7814963 1.6749521 1.5351557 1.5591619 1.5591619 1.4754937 1.5203582 1.4949538 1.5256077 1.5364842 1.5027962 1.4972718 1.4972718 1.5549164 1.5181897 1.5181897 1.5240251 1.5343016 1.5343016 1.5349370 1.5349370 1.7772923 2.1301051 2.1649727 2.0630439 1.9680986 2.0843222 2.1163532 2.0549851 2.0844753 2.6365510 2.0432793 2.0194709 2.0401202 2.0596651 2.0245624 2.0159683 1.8610689 1.8312280 1.8817876 2.0935831 1.7568041 1.7826026 1.7983547 1.8100372 1.7626824 1.8187155 1.7991681 1.7839367 1.7367920 1.8053387 1.8017727 1.7502242 1.6958443 1.6511113 1.7488935 1.7677587 1.7360046 1.7559360 1.7261831 1.7316986 1.7263253 1.7477229 1.7304795 1.7360971 1.7360971 
Alternanthera_mosaic_virus__MH423501        2.2515370 2.0165366 1.9466586 2.0876577 1.8646173 2.0933535 2.0883255 1.3806920 1.1893297 1.3060160 0.3666441 0.0000000 0.0442715 0.0713356 0.0639003 0.0660251 2.0690730 2.1894690 2.1261992 1.6660738 1.7803062 1.8219535 1.8598967 1.6308670 1.6308483 1.6447978 1.5566252 1.7786091 1.6014288 1.7362279 1.7232188 1.7232188 1.6301840 1.6714600 1.6579967 1.7110455 1.7235655 1.6744584 1.6679285 1.6679285 1.7175506 1.7096975 1.7096975 1.6928484 1.7073339 1.7073339 1.7065920 1.7065920 1.8223814 1.7116487 1.7403190 1.8196757 1.7338068 1.7972273 1.7221216 1.8465544 1.8433872 1.9414564 1.8057214 1.8479495 1.8472472 1.8642860 1.8544973 1.8469778 1.6322870 1.6337528 1.6778064 1.7699301 1.8196317 1.8328696 1.8629289 1.8414330 1.8813176 1.8772303 1.8569688 1.8325988 1.7950323 1.8780393 1.8590132 1.8098900 1.7296420 1.7426411 1.8097203 1.7927282 1.7875816 1.8146023 1.7905020 1.8301682 1.8586318 1.8379220 1.8197240 1.8671458 1.8671458 
Alternanthera_mosaic_virus__FJ822136        2.2851256 2.0118987 1.9756881 2.1596805 1.9414892 2.1625239 2.1592013 1.4626029 1.1383549 1.3163853 0.3526016 0.0442715 0.0000000 0.0679021 0.0605513 0.0626398 2.0327865 2.1506786 2.0887055 1.7309874 1.7946703 1.8665728 1.9055513 1.6896652 1.6899298 1.7431604 1.6376675 1.8628668 1.6854416 1.8198207 1.8060595 1.8060595 1.7065190 1.7497101 1.7356085 1.7916002 1.8048144 1.7754967 1.7683680 1.7683680 1.7876428 1.7918711 1.7918711 1.7771660 1.7892368 1.7892368 1.7899859 1.7899859 1.8636211 1.7631204 1.7917339 1.8892016 1.7889840 1.8684951 1.8171675 1.9030160 1.9306797 2.0755198 1.8606888 1.9045370 1.9030093 1.9198989 1.9115131 1.9036535 1.6861263 1.6875754 1.7319785 1.8000829 1.8243173 1.8361076 1.8661835 1.8746422 1.8544055 1.8805313 1.8602073 1.8357735 1.8117162 1.8813425 1.8622550 1.8129848 1.7458169 1.7587869 1.8262626 1.8248299 1.8040640 1.8376509 1.8134587 1.8197843 1.8618906 1.8411329 1.8236800 1.8533542 1.8533542 
Alternanthera_mosaic_virus__GQ179646        2.1454421 2.0254629 1.9431129 2.1362763 1.9145455 2.2965714 2.3312924 1.4062046 1.1888588 1.3660028 0.3659601 0.0713356 0.0679021 0.0000000 0.0540364 0.0101858 1.9197324 2.0141492 1.9568082 1.7936846 1.8602360 1.9566832 1.9462144 1.6783772 1.6785864 1.7199702 1.6488651 1.8600083 1.7541504 1.6805139 1.6680143 1.6680143 1.5778611 1.6178001 1.6047794 1.6563518 1.6683954 1.6345101 1.6282136 1.6282136 1.6512431 1.6549420 1.6549420 1.6387471 1.6527591 1.6527591 1.6520381 1.6520381 1.7161713 1.7517730 1.7810772 1.8290521 1.7446052 1.8085579 1.7604613 1.8717228 1.9160671 2.0313708 1.8661456 1.8299879 1.8292927 1.8461497 1.8364131 1.8289861 1.6344674 1.6359330 1.6538759 1.8166857 1.8153112 1.7788466 1.8586112 1.8670409 1.8556016 1.8833966 1.8630060 1.8783881 1.8403729 1.8842100 1.8546970 1.7768610 1.7610083 1.8033824 1.8352330 1.8620500 1.8521050 1.8771328 1.8604282 1.8557127 1.8988534 1.8744110 1.8722741 1.9049780 1.9049780 
Alternanthera_mosaic_virus__AY863024        2.1577218 1.9062991 1.9401160 2.1070732 1.8305330 2.1425376 2.1373947 1.3968290 1.0998042 1.2801053 0.3401480 0.0639003 0.0605513 0.0540364 0.0000000 0.0490016 1.8882589 1.9938649 1.9374290 1.6170643 1.9172300 1.8945436 1.9004075 1.6772718 1.6774764 1.6383110 1.5619759 1.7692550 1.6822118 1.7755661 1.7621773 1.7621773 1.6669913 1.7092582 1.6954655 1.7496233 1.7624987 1.7276179 1.7207623 1.7207623 1.7442454 1.7483166 1.7483166 1.7309794 1.7458217 1.7458217 1.7450632 1.7450632 1.7409229 1.7056032 1.7341915 1.7954917 1.6974730 1.7595779 1.7115701 1.8208932 1.8028906 1.8979092 1.7965354 1.8072578 1.8065742 1.8231283 1.8166918 1.8093975 1.6923526 1.6673997 1.7126138 1.8077587 1.7984792 1.8110787 1.8412191 1.8495280 1.8402739 1.8677454 1.8475930 1.8327035 1.7951127 1.8685514 1.8080984 1.7484935 1.6879372 1.7010053 1.8010552 1.7595183 1.7604036 1.8134388 1.7825031 1.7667990 1.8074487 1.7871887 1.7695454 1.7995067 1.7995067 
Alternanthera_mosaic_virus__GQ179647        2.1371074 2.0344867 1.9800898 2.1409491 1.9050161 2.2790415 2.2735910 1.3772317 1.1642647 1.3477350 0.3581466 0.0660251 0.0626398 0.0101858 0.0490016 0.0000000 1.9231432 2.0176599 1.9602628 1.7548577 1.8352370 1.9132641 1.9031716 1.6478108 1.6478731 1.6814463 1.6106878 1.8183822 1.7135505 1.6444464 1.6322738 1.6322738 1.5439691 1.5830533 1.5703137 1.6209383 1.6326764 1.5991602 1.5930677 1.5930677 1.6159311 1.6194902 1.6194902 1.6037131 1.6174211 1.6174211 1.6167153 1.6167153 1.7219387 1.7417835 1.7709442 1.8187789 1.7475768 1.7981350 1.7505353 1.8610387 1.9050859 2.0415573 1.8857110 1.8195693 1.8188789 1.8356108 1.8259157 1.8185511 1.6254322 1.6269000 1.6707188 1.8484724 1.8789657 1.8121697 1.8929505 1.9015754 1.8898901 1.9182963 1.8974546 1.8990531 1.8608907 1.9191230 1.8889398 1.8093859 1.7944181 1.8072818 1.8691290 1.8659851 1.8560716 1.8811331 1.8644406 1.8596557 1.9028897 1.8784123 1.8762756 1.9090089 1.9090089 
Opuntia_virus__Strain_CC10                  2.3022788 2.1035419 2.2143175 2.2673127 2.2066501 2.0821160 2.0283138 2.5687609 2.6535547 2.6146783 2.1536849 2.0690730 2.0327865 1.9197324 1.8882589 1.9231432 0.0000000 0.0316525 0.0254215 1.1028776 1.0902129 1.0751014 1.1015960 0.9061572 0.9055169 0.9686357 0.8632678 1.0202632 0.8937706 1.0062653 1.0257593 1.0257593 1.0003968 1.0152579 1.0064174 1.0127201 1.0195071 0.9933572 1.0021971 1.0021971 0.9878082 1.0327123 1.0327123 1.0120098 1.0208728 1.0208728 1.0203736 1.0203736 0.9818307 1.0788383 1.0728952 1.0752195 1.0236337 1.0629928 1.0934746 1.1039365 1.1279110 1.2076860 1.1048544 1.1231346 1.1207844 1.1215850 1.1129548 1.1094956 0.9651455 0.9779471 0.9568164 0.9779303 0.9745874 0.9549893 0.9780673 0.9980085 0.9161396 0.9200635 0.9206191 0.9157895 0.8973705 0.9270467 0.9255886 0.8895206 0.8740989 0.8869263 0.9011800 0.9138801 0.9026292 0.9236134 0.8858629 0.9023283 0.9106134 0.8992814 0.8904163 0.9149068 0.9149068 
Opuntia_virus_X__KY348771                   2.2700042 2.0854543 2.2629464 2.2629519 2.1783608 1.9837773 1.9671980 2.6547762 2.6999905 2.6055425 2.2380813 2.1894690 2.1506786 2.0141492 1.9938649 2.0176599 0.0316525 0.0000000 0.0058486 1.0867892 1.0947358 1.0281655 1.0676440 0.9021984 0.8950343 0.9480983 0.8509674 0.9813934 0.8747096 1.0054460 1.0183862 1.0183862 0.9919689 1.0144292 1.0055895 1.0118999 1.0186852 0.9925300 1.0013693 1.0013693 0.9860686 1.0318849 1.0318849 1.0111880 1.0200503 1.0200503 1.0195510 1.0195510 1.0626667 1.0974525 1.0913100 1.0935859 1.0524305 1.0822343 1.1191904 1.1150474 1.1390060 1.2860942 1.1583716 1.1341968 1.1482512 1.1491188 1.1326533 1.1367336 0.9372032 0.9647166 0.9438670 0.9566819 0.9787084 0.9397284 0.9831233 1.0031909 0.9199315 0.9371539 0.9377257 0.9257929 0.9081388 0.9308984 0.9294277 0.9190255 0.8909023 0.9192348 0.9179165 0.9441975 0.9329740 0.9472667 0.9088196 0.9324605 0.9409775 0.9384630 0.9292628 0.9511786 0.9511786 
Opuntia_virus_X__KU854931                   2.2994743 2.1103069 2.2682786 2.2679728 2.2592232 2.0215944 2.0046363 2.6409676 2.7062224 2.6378557 2.2274804 2.1261992 2.0887055 1.9568082 1.9374290 1.9602628 0.0254215 0.0058486 0.0000000 1.1210152 1.0905690 1.0603810 1.0854765 0.9087310 0.9080999 0.9613912 0.8634621 1.0127579 0.8873640 1.0285968 1.0418027 1.0418027 1.0151199 1.0379968 1.0289890 1.0351836 1.0421305 1.0156908 1.0246959 1.0246959 1.0087446 1.0557037 1.0557037 1.0345053 1.0435343 1.0435343 1.0430295 1.0430295 1.0573942 1.0919404 1.0858584 1.0881482 1.0470595 1.0767134 1.1136063 1.1094917 1.1333183 1.2754886 1.1525650 1.1285282 1.1424948 1.1433479 1.1269664 1.1310292 0.9663460 0.9947268 0.9732374 1.0051320 0.9809080 0.9566204 0.9853237 1.0054287 0.9352410 0.9392684 0.9398419 0.9349626 0.9164874 0.9464106 0.9448947 0.9080666 0.8930010 0.9058938 0.9199960 0.9329309 0.9216986 0.9430358 0.9047177 0.9212645 0.9296929 0.9342690 0.9251065 0.9398221 0.9398221 
Schlumbergera_virus_X__KU854929             2.3527548 1.7695418 1.7030202 1.7249655 1.7705020 1.6756660 1.7002206 2.2069670 2.1665281 2.2483818 1.9444569 1.6660738 1.7309874 1.7936846 1.6170643 1.7548577 1.1028776 1.0867892 1.1210152 0.0000000 0.1678636 0.1614239 0.1763539 0.1269417 0.1255511 0.1373857 0.1174197 0.1483293 0.1195180 0.6341285 0.6300791 0.6300791 0.6149898 0.6228626 0.6121353 0.6154490 0.6197556 0.6201853 0.6186505 0.6186505 0.6286090 0.6247500 0.6247500 0.6264991 0.6249638 0.6249638 0.6293191 0.6293191 0.5590361 0.5760494 0.5788541 0.5985468 0.5613702 0.5571041 0.6283395 0.5971473 0.5929029 0.6964917 0.5972981 0.5904470 0.6014281 0.5956033 0.5840699 0.5898107 0.4884457 0.5081570 0.4868272 0.4967256 0.6038770 0.5872521 0.6072008 0.6153743 0.5963162 0.5927507 0.5924180 0.5859525 0.5758996 0.5945015 0.6239069 0.6199919 0.5677761 0.5764114 0.6089424 0.5951682 0.5875668 0.6050706 0.5721238 0.6019224 0.5965710 0.6010672 0.5947242 0.6137044 0.6137044 
SRR11190802_Plant__DH-1_NC_011659           2.1713921 1.8250173 1.8810614 1.8043319 1.6938882 1.7805067 1.7821781 2.2650675 2.2220765 2.3091729 1.8463748 1.7803062 1.7946703 1.8602360 1.9172300 1.8352370 1.0902129 1.0947358 1.0905690 0.1678636 0.0000000 0.0640353 0.0556554 0.0159203 0.0159921 0.0579255 0.0242706 0.0651874 0.0255396 0.5262177 0.5182989 0.5182989 0.4999620 0.5072206 0.5021885 0.5176120 0.5213851 0.4968562 0.4957265 0.4957265 0.5092998 0.5102219 0.5102219 0.5116190 0.5104578 0.5104578 0.5142005 0.5142005 0.5663371 0.5574534 0.5603080 0.5756377 0.5363300 0.5423621 0.6231181 0.5787942 0.5794699 0.6625382 0.5613239 0.5765172 0.5834744 0.5771367 0.5645640 0.5701632 0.5007818 0.5132047 0.4994731 0.5388962 0.6125998 0.5951404 0.6308027 0.6392939 0.6377100 0.6194969 0.6205058 0.6138795 0.6083356 0.6227011 0.6420263 0.6255136 0.6015838 0.5911754 0.6233270 0.6222587 0.6107205 0.6237988 0.5898274 0.6272848 0.6285462 0.6201867 0.6136692 0.6222320 0.6222320 
Schlumbergera_virus_X__KP090203             2.0982917 1.8278377 1.8901974 1.7660053 1.7333646 1.7462512 1.7478791 2.3282749 2.0464448 2.1758105 2.0023682 1.8219535 1.8665728 1.9566832 1.8945436 1.9132641 1.0751014 1.0281655 1.0603810 0.1614239 0.0640353 0.0000000 0.0394185 0.0225368 0.0209915 0.0364117 0.0193513 0.0452500 0.0256752 0.5286531 0.5206685 0.5206685 0.4939723 0.5053762 0.5043998 0.5199625 0.5237726 0.4978744 0.4967347 0.4967347 0.5195119 0.5124991 0.5124991 0.5139130 0.5127368 0.5127368 0.5165165 0.5165165 0.5810145 0.5442391 0.5511445 0.5626934 0.5234236 0.5206923 0.6006912 0.5490157 0.5750401 0.6533604 0.5541120 0.5717272 0.5794092 0.5730777 0.5605059 0.5661054 0.5015862 0.5140166 0.4995970 0.5300905 0.5586412 0.5321814 0.5668588 0.5787933 0.5837043 0.5785337 0.5794882 0.5730475 0.5579815 0.5815351 0.5767082 0.5792386 0.5410391 0.5374395 0.5683819 0.5590080 0.5515474 0.5686435 0.5361574 0.5718381 0.5781997 0.5650063 0.5588931 0.5681890 0.5681890 
Schlumbergera_virus_X__Strain_K11           2.1230993 1.8879231 1.9351031 1.7350330 1.6351762 1.7379990 1.7680998 2.3866385 2.0455560 2.2934448 2.0249763 1.8598967 1.9055513 1.9462144 1.9004075 1.9031716 1.1015960 1.0676440 1.0854765 0.1763539 0.0556554 0.0394185 0.0000000 0.0240925 0.0209128 0.0411716 0.0209829 0.0450765 0.0255860 0.5231572 0.5152153 0.5152153 0.4887106 0.5000442 0.4990784 0.5145436 0.5183210 0.4903478 0.4929378 0.4929378 0.5062147 0.5066940 0.5066940 0.5085393 0.5073812 0.5073812 0.5111290 0.5111290 0.5800495 0.5592604 0.5580830 0.5689775 0.5335716 0.5348421 0.6253873 0.5636180 0.5988917 0.6507395 0.5688436 0.5788122 0.5858284 0.5794379 0.5662367 0.5718751 0.5206357 0.5333236 0.5186342 0.5533888 0.5921844 0.5654479 0.5962848 0.6043855 0.6082806 0.5946082 0.5955825 0.5937082 0.5879585 0.6066005 0.6070570 0.6054098 0.5745774 0.5731779 0.5995257 0.5809741 0.5781894 0.5909870 0.5683252 0.5976220 0.5997438 0.5906838 0.5843969 0.5936869 0.5936869 
SRR11190798_Plant__DH-3_NC_011659           1.9628599 1.6503735 1.5134659 1.6226297 1.4838789 1.5712195 1.5596109 2.0036088 1.8298704 2.0966766 1.5572884 1.6308670 1.6896652 1.6783772 1.6772718 1.6478108 0.9061572 0.9021984 0.9087310 0.1269417 0.0159203 0.0225368 0.0240925 0.0000000 0.0000010 0.0081217 0.0000010 0.0128356 0.0016221 0.4333555 0.4256474 0.4256474 0.4095358 0.4182539 0.4195282 0.4255213 0.4291465 0.4119776 0.4110195 0.4110195 0.4209263 0.4174037 0.4174037 0.4218916 0.4218916 0.4218916 0.4218916 0.4218916 0.4169984 0.4365577 0.4399531 0.4492412 0.4205979 0.4189796 0.4909420 0.4512662 0.4563041 0.5778864 0.4572982 0.4490350 0.4555236 0.4499522 0.4443703 0.4443703 0.4269329 0.4348238 0.4278859 0.4684776 0.5102692 0.4967248 0.5188026 0.5237037 0.5166135 0.5093412 0.5102638 0.5036556 0.4954085 0.5121915 0.5250094 0.5224699 0.4921541 0.4849440 0.5096385 0.5045528 0.4980300 0.5084531 0.4829323 0.5083785 0.5036425 0.5030180 0.4969399 0.5064459 0.5064459 
SRR11190801_Plant__DH-2_NC_011659           1.9645821 1.6520254 1.4995557 1.6448596 1.4914644 1.5923542 1.5805177 2.0334275 1.8177997 2.0859983 1.5518390 1.6308483 1.6899298 1.6785864 1.6774764 1.6478731 0.9055169 0.8950343 0.9080999 0.1255511 0.0159921 0.0209915 0.0209128 0.0000010 0.0000000 0.0081217 0.0000010 0.0080183 0.0016221 0.4228613 0.4151702 0.4151702 0.3991886 0.4078550 0.4090939 0.4151142 0.4187027 0.4016218 0.4006909 0.4006909 0.4105358 0.4070954 0.4070954 0.4115233 0.4115233 0.4115233 0.4115233 0.4115233 0.4200927 0.4337722 0.4371853 0.4464623 0.4177681 0.4161589 0.4881324 0.4484932 0.4535280 0.5732981 0.4545043 0.4462593 0.4527389 0.4471758 0.4416020 0.4416020 0.4264883 0.4344184 0.4274455 0.4680921 0.5102460 0.4966270 0.5188254 0.5237531 0.5108470 0.5036099 0.5045275 0.4979176 0.4924752 0.5064400 0.5192322 0.5208725 0.4891710 0.4832526 0.5080090 0.5029221 0.4963719 0.5068202 0.4812410 0.5067458 0.5020095 0.5013670 0.4952795 0.5048192 0.5048192 
SRR11603189_RR-peel-3_NC_011659             1.8379360 1.7571412 1.7053122 1.6962021 1.5787847 1.7271149 1.7154194 2.1872949 1.9161730 2.0646692 1.7224518 1.6447978 1.7431604 1.7199702 1.6383110 1.6814463 0.9686357 0.9480983 0.9613912 0.1373857 0.0579255 0.0364117 0.0411716 0.0081217 0.0081217 0.0000000 0.0000010 0.0045519 0.0031892 0.4565689 0.4562397 0.4562397 0.4307778 0.4419721 0.4459950 0.4559192 0.4595532 0.4429853 0.4419721 0.4419721 0.4474024 0.4513505 0.4513505 0.4519812 0.4519812 0.4519812 0.4519812 0.4519812 0.5005679 0.5015448 0.5018569 0.5126903 0.4835571 0.4801128 0.5460425 0.5046268 0.5223495 0.5985563 0.5108416 0.5140973 0.5186582 0.5099232 0.5041016 0.5094524 0.4590034 0.4709459 0.4603140 0.4799560 0.5164282 0.4775644 0.5283981 0.5360130 0.5194329 0.5151766 0.5160702 0.5097076 0.4986611 0.5179412 0.5328089 0.5385386 0.5030485 0.4890587 0.5167398 0.5078208 0.5059168 0.5227405 0.4921398 0.5131399 0.5206533 0.5063769 0.5005210 0.5104601 0.5104601 
SRR11603187_RR-pulp-2_NC_011659             1.7672245 1.5918316 1.5810417 1.5638514 1.4823953 1.6474783 1.6359145 2.0233764 1.8339509 2.0191520 1.6392257 1.5566252 1.6376675 1.6488651 1.5619759 1.6106878 0.8632678 0.8509674 0.8634621 0.1174197 0.0242706 0.0193513 0.0209829 0.0000010 0.0000010 0.0000010 0.0000000 0.0000010 0.0000010 0.4227530 0.4186502 0.4186502 0.3956792 0.4034450 0.4074296 0.4185705 0.4185705 0.4053354 0.4043881 0.4043881 0.4099759 0.4140587 0.4140587 0.4146549 0.4146549 0.4146549 0.4146549 0.4146549 0.4527018 0.4338695 0.4344921 0.4424111 0.4128733 0.4122769 0.4771841 0.4383575 0.4513953 0.5696523 0.4401325 0.4479138 0.4519582 0.4436762 0.4421847 0.4472489 0.4097616 0.4178261 0.4109816 0.4588367 0.4737328 0.4463352 0.4837271 0.4911105 0.4807645 0.4727394 0.4736005 0.4671829 0.4611093 0.4753723 0.4896865 0.4956118 0.4673182 0.4605352 0.4862596 0.4774643 0.4697529 0.4881229 0.4601966 0.4785522 0.4835276 0.4716976 0.4658923 0.4757460 0.4757460 
SRR11603183_GW-peel-2_NC_011659             1.8933187 1.8524460 1.7818026 1.7633450 1.6335553 1.7636509 1.7518928 2.2983644 2.0118412 2.2108712 1.7814963 1.7786091 1.8628668 1.8600083 1.7692550 1.8183822 1.0202632 0.9813934 1.0127579 0.1483293 0.0651874 0.0452500 0.0450765 0.0128356 0.0080183 0.0045519 0.0000010 0.0000000 0.0000010 0.4822569 0.4820722 0.4820722 0.4564065 0.4639889 0.4680627 0.4815951 0.4775952 0.4687049 0.4676351 0.4676351 0.4730170 0.4769356 0.4769356 0.4775933 0.4775933 0.4775933 0.4775933 0.4775933 0.5364786 0.5246546 0.5276530 0.5385583 0.5068078 0.5006149 0.5796197 0.5287533 0.5467314 0.6280218 0.5351812 0.5383737 0.5445487 0.5384575 0.5282064 0.5336424 0.4771677 0.4891431 0.4785066 0.5088809 0.5435676 0.5046830 0.5557866 0.5635714 0.5487223 0.5358617 0.5367718 0.5304151 0.5257168 0.5386929 0.5573025 0.5728081 0.5325302 0.5174465 0.5592615 0.5498670 0.5397191 0.5524149 0.5258339 0.5470344 0.5408574 0.5402163 0.5341962 0.5440238 0.5440238 
SRR11603184_GW-peel-1_NC_011659             1.8406938 1.7531266 1.5146279 1.6542035 1.5583520 1.6022110 1.5904137 2.0074138 1.9060412 2.0749256 1.6749521 1.6014288 1.6854416 1.7541504 1.6822118 1.7135505 0.8937706 0.8747096 0.8873640 0.1195180 0.0255396 0.0256752 0.0255860 0.0016221 0.0016221 0.0031892 0.0000010 0.0000010 0.0000000 0.4281333 0.4241219 0.4241219 0.4016193 0.4118310 0.4082900 0.4240075 0.4240075 0.4039142 0.4029899 0.4029899 0.4194781 0.4195543 0.4195543 0.4201471 0.4201471 0.4201471 0.4201471 0.4201471 0.4743169 0.4463511 0.4496757 0.4535799 0.4215096 0.4209041 0.4953068 0.4431914 0.4608946 0.5518894 0.4537398 0.4574163 0.4638968 0.4583302 0.4567387 0.4567387 0.4175312 0.4370077 0.4261398 0.4611450 0.4999299 0.4775686 0.5057600 0.5133273 0.4953003 0.4883005 0.4837363 0.4773423 0.4717667 0.4855299 0.5078278 0.5188356 0.4702367 0.4637181 0.4930248 0.4857946 0.4778140 0.4850952 0.4558906 0.4916173 0.4914468 0.4863502 0.4804920 0.4898446 0.4898446 
MG210801                                    2.4711048 2.0519835 1.9350872 1.8402307 1.8656846 2.0038958 1.9246914 2.3434454 1.6303946 1.9128468 1.5351557 1.7362279 1.8198207 1.6805139 1.7755661 1.6444464 1.0062653 1.0054460 1.0285968 0.6341285 0.5262177 0.5286531 0.5231572 0.4333555 0.4228613 0.4565689 0.4227530 0.4822569 0.4281333 0.0000000 0.0133429 0.0133429 0.0089493 0.0074109 0.0074239 0.0117940 0.0132867 0.0074454 0.0074353 0.0074353 0.0148270 0.0133150 0.0133150 0.0103188 0.0117936 0.0117936 0.0103009 0.0103009 0.6146075 0.5322888 0.5313202 0.5629338 0.5198427 0.5307193 0.5880946 0.5540110 0.5764564 0.5826157 0.5581961 0.5348274 0.5313269 0.5269565 0.5315370 0.5303024 0.4754972 0.4710795 0.4595123 0.4636006 0.5888262 0.5802594 0.6156671 0.6135925 0.5991675 0.5995196 0.6004988 0.5909295 0.5658986 0.5983883 0.5850120 0.5781593 0.5291806 0.5547913 0.5651103 0.5596737 0.5618915 0.5728253 0.5533280 0.5687803 0.5776899 0.5739875 0.5678543 0.5767019 0.5767019 
SRR11190800_Plant__BSJ-2_NC_024458          2.4733602 2.0330957 1.9030105 1.7959322 1.7913008 1.9077141 1.8331788 2.3911853 1.6624607 1.9446716 1.5591619 1.7232188 1.8060595 1.6680143 1.7621773 1.6322738 1.0257593 1.0183862 1.0418027 0.6300791 0.5182989 0.5206685 0.5152153 0.4256474 0.4151702 0.4562397 0.4186502 0.4820722 0.4241219 0.0133429 0.0000000 0.0000010 0.0059710 0.0059434 0.0059539 0.0103454 0.0118399 0.0059711 0.0059631 0.0059631 0.0133786 0.0118662 0.0118662 0.0088666 0.0103451 0.0103451 0.0088512 0.0088512 0.6196652 0.5388426 0.5378233 0.5697372 0.5263646 0.5373829 0.6043848 0.5523458 0.5833865 0.6006863 0.5649574 0.5413388 0.5378128 0.5373015 0.5380348 0.5367784 0.4947753 0.4909028 0.4790050 0.4892917 0.5992768 0.5908065 0.6265420 0.6244239 0.6097328 0.6100978 0.6110928 0.6014053 0.5762294 0.6089664 0.5953614 0.5884292 0.5391094 0.5608359 0.5752386 0.5696882 0.5720678 0.5831017 0.5593404 0.5703080 0.5792453 0.5755432 0.5693867 0.5782513 0.5782513 
SRR11190791_Plant__BSJ-1_NC_024458          2.4733602 2.0330957 1.9030105 1.7959322 1.7913008 1.9077141 1.8331788 2.3911853 1.6624607 1.9446716 1.5591619 1.7232188 1.8060595 1.6680143 1.7621773 1.6322738 1.0257593 1.0183862 1.0418027 0.6300791 0.5182989 0.5206685 0.5152153 0.4256474 0.4151702 0.4562397 0.4186502 0.4820722 0.4241219 0.0133429 0.0000010 0.0000000 0.0059710 0.0059434 0.0059539 0.0103454 0.0118399 0.0059711 0.0059631 0.0059631 0.0133786 0.0118662 0.0118662 0.0088666 0.0103451 0.0103451 0.0088512 0.0088512 0.6196652 0.5388426 0.5378233 0.5697372 0.5263646 0.5373829 0.6043848 0.5523458 0.5833865 0.6006863 0.5649574 0.5413388 0.5378128 0.5373015 0.5380348 0.5367784 0.4947753 0.4909028 0.4790050 0.4892917 0.5992768 0.5908065 0.6265420 0.6244239 0.6097328 0.6100978 0.6110928 0.6014053 0.5762294 0.6089664 0.5953614 0.5884292 0.5391094 0.5608359 0.5752386 0.5696882 0.5720678 0.5831017 0.5593404 0.5703080 0.5792453 0.5755432 0.5693867 0.5782513 0.5782513 
SRR11190802_Plant__DH-1_NC_024458           2.3942719 1.9457610 1.8682625 1.7559804 1.7567513 1.9457964 1.8682854 2.2436808 1.5710240 1.8573472 1.4754937 1.6301840 1.7065190 1.5778611 1.6669913 1.5439691 1.0003968 0.9919689 1.0151199 0.6149898 0.4999620 0.4939723 0.4887106 0.4095358 0.3991886 0.4307778 0.3956792 0.4564065 0.4016193 0.0089493 0.0059710 0.0059710 0.0000000 0.0014808 0.0014851 0.0014786 0.0029630 0.0014896 0.0014874 0.0014874 0.0074670 0.0044624 0.0044624 0.0014820 0.0029643 0.0029643 0.0014786 0.0014786 0.5873790 0.5045574 0.5037811 0.5348228 0.4919794 0.5024911 0.5678672 0.5138230 0.5524677 0.5462493 0.5301517 0.5114805 0.5080001 0.5075093 0.5081740 0.5069924 0.4620129 0.4618767 0.4464284 0.4423049 0.5588738 0.5424461 0.5773453 0.5753879 0.5616455 0.5619605 0.5629001 0.5535753 0.5285836 0.5608010 0.5479880 0.5412856 0.4926283 0.5177403 0.5328360 0.5272944 0.5290380 0.5358268 0.5164310 0.5320013 0.5463267 0.5368400 0.5309107 0.5410932 0.5410932 
SRR11190801_Plant__DH-2_NC_024458           2.4654175 2.0145978 1.9341065 1.7970504 1.8279633 1.9854739 1.9064409 2.3225384 1.5944257 1.9003302 1.5203582 1.6714600 1.7497101 1.6178001 1.7092582 1.5830533 1.0152579 1.0144292 1.0379968 0.6228626 0.5072206 0.5053762 0.5000442 0.4182539 0.4078550 0.4419721 0.4034450 0.4639889 0.4118310 0.0074109 0.0059434 0.0059434 0.0014808 0.0000000 0.0000010 0.0000010 0.0000010 0.0000010 0.0000010 0.0000010 0.0059360 0.0029563 0.0029563 0.0000010 0.0014720 0.0014720 0.0000010 0.0000010 0.6100685 0.5099555 0.5091428 0.5402570 0.4974170 0.5079883 0.5738259 0.5234056 0.5579449 0.5578335 0.5355799 0.5168441 0.5133617 0.5128678 0.5135435 0.5123506 0.4717873 0.4673411 0.4556942 0.4532300 0.5769092 0.5605188 0.5957945 0.5937728 0.5796489 0.5799826 0.5809450 0.5714678 0.5463656 0.5788338 0.5657033 0.5589053 0.5126540 0.5313007 0.5544257 0.5486550 0.5425945 0.5534864 0.5326788 0.5410931 0.5555134 0.5460290 0.5400414 0.5502229 0.5502229 
SRR11190798_Plant__DH-3_NC_024458           2.4435340 2.0266365 1.9099238 1.7815384 1.8129226 1.9681486 1.8898470 2.2807549 1.6025555 1.8841787 1.4949538 1.6579967 1.7356085 1.6047794 1.6954655 1.5703137 1.0064174 1.0055895 1.0289890 0.6121353 0.5021885 0.5043998 0.4990784 0.4195282 0.4090939 0.4459950 0.4074296 0.4680627 0.4082900 0.0074239 0.0059539 0.0059539 0.0014851 0.0000010 0.0000000 0.0000010 0.0000010 0.0000010 0.0000010 0.0000010 0.0059464 0.0029615 0.0029615 0.0000010 0.0014754 0.0014754 0.0000010 0.0000010 0.5999576 0.5047650 0.5039903 0.5349168 0.4922373 0.5027106 0.5682464 0.5181851 0.5481504 0.5533780 0.5302632 0.5075197 0.5040635 0.5035782 0.5042306 0.5030651 0.4669437 0.4625279 0.4509534 0.4496536 0.5712753 0.5548841 0.5900191 0.5880188 0.5740227 0.5743502 0.5753050 0.5658815 0.5408323 0.5731992 0.5605849 0.5534137 0.5127861 0.5258533 0.5489421 0.5432335 0.5371392 0.5479863 0.5272482 0.5356873 0.5500341 0.5405596 0.5346138 0.5447840 0.5447840 
SRR11190795_Plant__FR-3_NC_024458           2.4680154 2.0366870 1.9155754 1.7926284 1.8345542 1.9840447 1.9058490 2.3482166 1.6453061 1.9450456 1.5256077 1.7110455 1.7916002 1.6563518 1.7496233 1.6209383 1.0127201 1.0118999 1.0351836 0.6154490 0.5176120 0.5199625 0.5145436 0.4255213 0.4151142 0.4559192 0.4185705 0.4815951 0.4240075 0.0117940 0.0103454 0.0103454 0.0014786 0.0000010 0.0000010 0.0000000 0.0014570 0.0014786 0.0014764 0.0014764 0.0118249 0.0103249 0.0103249 0.0073484 0.0088186 0.0088186 0.0073356 0.0073356 0.6102899 0.5205789 0.5196958 0.5509092 0.5081368 0.5188085 0.5846539 0.5339671 0.5642601 0.5622736 0.5462253 0.5232021 0.5197319 0.5192366 0.5199224 0.5187212 0.4757562 0.4713355 0.4597608 0.4639781 0.5851823 0.5715914 0.6068158 0.6047720 0.5905304 0.5908731 0.5918415 0.5823460 0.5573709 0.5897384 0.5765165 0.5697115 0.5208872 0.5422774 0.5652562 0.5513886 0.5534800 0.5643588 0.5408709 0.5518934 0.5611041 0.5569096 0.5508956 0.5604830 0.5604830 
Pitaya_virus_X                              2.4877583 2.0524519 1.9301516 1.8060649 1.8484156 1.9992881 1.9203811 2.3664334 1.6572861 1.9595864 1.5364842 1.7235655 1.8048144 1.6683954 1.7624987 1.6326764 1.0195071 1.0186852 1.0421305 0.6197556 0.5213851 0.5237726 0.5183210 0.4291465 0.4187027 0.4595532 0.4185705 0.4775952 0.4240075 0.0132867 0.0118399 0.0118399 0.0029630 0.0000010 0.0000010 0.0014570 0.0000000 0.0029623 0.0029583 0.0029583 0.0133216 0.0118163 0.0118163 0.0088303 0.0103027 0.0103027 0.0088150 0.0088150 0.6145597 0.5244513 0.5235402 0.5548773 0.5120106 0.5227475 0.5887870 0.5378537 0.5682811 0.5687555 0.5501772 0.5270461 0.5235668 0.5230685 0.5237636 0.5225517 0.4793599 0.4749202 0.4633016 0.4697740 0.5806144 0.5670016 0.6021067 0.6000806 0.5859452 0.5862828 0.5872449 0.5777943 0.5528640 0.5851468 0.5720145 0.5652387 0.5208872 0.5378396 0.5693391 0.5553943 0.5490366 0.5598794 0.5408709 0.5474906 0.5566701 0.5524553 0.5464748 0.5560588 0.5560588 
SRR11603182_GW-peel-3_NC_024458             2.3669827 1.9916240 1.8970473 1.7908697 1.8455663 1.9911971 1.9262986 2.2057008 1.5890218 1.8863302 1.5027962 1.6744584 1.7754967 1.6345101 1.7276179 1.5991602 0.9933572 0.9925300 1.0156908 0.6201853 0.4968562 0.4978744 0.4903478 0.4119776 0.4016218 0.4429853 0.4053354 0.4687049 0.4039142 0.0074454 0.0059711 0.0059711 0.0014896 0.0000010 0.0000010 0.0014786 0.0029623 0.0000000 0.0000010 0.0000010 0.0044645 0.0029700 0.0029700 0.0000010 0.0014797 0.0014797 0.0000010 0.0000010 0.5880548 0.5074225 0.5066262 0.5377333 0.4948554 0.5054072 0.5708722 0.5208941 0.5510444 0.5474349 0.5330548 0.5101668 0.5066937 0.5062046 0.5068654 0.5056889 0.4652333 0.4608116 0.4492196 0.4472986 0.5663142 0.5500754 0.5852098 0.5832210 0.5705690 0.5696108 0.5705621 0.5611527 0.5360587 0.5684537 0.5554788 0.5487216 0.5040615 0.5254251 0.5461283 0.5404209 0.5367498 0.5519758 0.5268263 0.5310045 0.5397805 0.5358400 0.5299079 0.5432636 0.5432636 
SRR11603184_GW-peel-1_NC_024458             2.3882824 1.9829695 1.8890357 1.7835389 1.8378658 1.9825431 1.9180659 2.2210509 1.5829669 1.8785471 1.4972718 1.6679285 1.7683680 1.6282136 1.7207623 1.5930677 1.0021971 1.0013693 1.0246959 0.6186505 0.4957265 0.4967347 0.4929378 0.4110195 0.4006909 0.4419721 0.4043881 0.4676351 0.4029899 0.0074353 0.0059631 0.0059631 0.0014874 0.0000010 0.0000010 0.0014764 0.0029583 0.0000010 0.0000000 0.0000010 0.0044585 0.0029660 0.0029660 0.0000010 0.0014777 0.0014777 0.0000010 0.0000010 0.5908316 0.5062358 0.5054493 0.5364699 0.4936884 0.5042033 0.5695051 0.5196819 0.5497438 0.5474349 0.5318034 0.5089842 0.5055193 0.5050320 0.5056889 0.5045175 0.4641863 0.4597772 0.4482160 0.4472986 0.5663142 0.5528656 0.5880084 0.5860125 0.5733236 0.5723655 0.5733190 0.5638993 0.5388247 0.5712117 0.5582061 0.5514438 0.5068107 0.5281826 0.5488624 0.5431344 0.5394894 0.5547241 0.5295725 0.5337165 0.5424945 0.5385747 0.5326329 0.5459795 0.5459795 
SRR11603183_GW-peel-2_NC_024458             2.3882824 1.9829695 1.8890357 1.7835389 1.8378658 1.9825431 1.9180659 2.2210509 1.5829669 1.8785471 1.4972718 1.6679285 1.7683680 1.6282136 1.7207623 1.5930677 1.0021971 1.0013693 1.0246959 0.6186505 0.4957265 0.4967347 0.4929378 0.4110195 0.4006909 0.4419721 0.4043881 0.4676351 0.4029899 0.0074353 0.0059631 0.0059631 0.0014874 0.0000010 0.0000010 0.0014764 0.0029583 0.0000010 0.0000010 0.0000000 0.0044585 0.0029660 0.0029660 0.0000010 0.0014777 0.0014777 0.0000010 0.0000010 0.5908316 0.5062358 0.5054493 0.5364699 0.4936884 0.5042033 0.5695051 0.5196819 0.5497438 0.5474349 0.5318034 0.5089842 0.5055193 0.5050320 0.5056889 0.5045175 0.4641863 0.4597772 0.4482160 0.4472986 0.5663142 0.5528656 0.5880084 0.5860125 0.5733236 0.5723655 0.5733190 0.5638993 0.5388247 0.5712117 0.5582061 0.5514438 0.5068107 0.5281826 0.5488624 0.5431344 0.5394894 0.5547241 0.5295725 0.5337165 0.5424945 0.5385747 0.5326329 0.5459795 0.5459795 
SRR11190793_Plant__BR-2_NC_024458           2.4182933 2.0128382 1.9176022 1.8070739 1.8383967 1.9204992 1.8453485 2.3339077 1.6126710 1.9727212 1.5549164 1.7175506 1.7876428 1.6512431 1.7442454 1.6159311 0.9878082 0.9860686 1.0087446 0.6286090 0.5092998 0.5195119 0.5062147 0.4209263 0.4105358 0.4474024 0.4099759 0.4730170 0.4194781 0.0148270 0.0133786 0.0133786 0.0074670 0.0059360 0.0059464 0.0118249 0.0133216 0.0044645 0.0044585 0.0044585 0.0000000 0.0103501 0.0103501 0.0073663 0.0088401 0.0088401 0.0073534 0.0073534 0.5992372 0.5111108 0.5102981 0.5411246 0.4987026 0.5091839 0.5829636 0.5244266 0.5543106 0.5532799 0.5364920 0.5137947 0.5103564 0.5098703 0.5105315 0.5093596 0.4706374 0.4662561 0.4547763 0.4496888 0.5740756 0.5653624 0.6003624 0.5983461 0.5842736 0.5846087 0.5855668 0.5761491 0.5553690 0.5834742 0.5703975 0.5636444 0.5190390 0.5403420 0.5547826 0.5622674 0.5515153 0.5664304 0.5429772 0.5459547 0.5547016 0.5508918 0.5449346 0.5622083 0.5622083 
