120
AF308158                                      0.0000000 0.6971568 0.5331329 0.9428544 1.9890909 1.8300833 2.0656893 1.8373053 1.8284934 1.8404209 0.5297437 0.6594171 0.3613118 1.9272117 0.5219977 0.5991206 0.5202238 0.5496319 0.3446548 0.3606611 0.0359591 0.6910227 2.0002116 2.0078425 1.9073987 0.6957536 0.9440671 2.0503989 0.3634863 0.9474988 1.7653270 1.7399753 0.0391057 1.9524505 2.1574084 0.6874199 1.7781724 0.0206416 0.4749610 0.6364374 0.6606420 0.0176053 0.4904370 0.6768839 0.6610250 0.0152163 0.5024308 0.6774576 0.6600165 0.0231942 0.5092353 0.5980022 0.6447883 0.0237253 0.5128366 0.5927149 0.6464037 0.0117646 0.5239457 0.7017096 0.6329475 0.0310899 0.6620567 0.0093488 0.6802848 0.0354516 0.6617845 0.0309378 0.6620567 0.0310899 0.6620567 0.0268351 0.6417371 0.0105832 0.6814229 0.6422375 0.0227084 0.6000686 0.6402132 0.0367102 0.5219316 0.6604031 0.0187414 0.5260133 0.6056831 0.6604939 0.0350021 0.5237477 0.6534069 0.6620573 0.0363929 0.5223234 0.6603067 0.0362046 0.5237753 0.6544184 0.1959187 0.0491515 0.0929439 0.0793477 0.0491871 0.0488610 0.0967579 0.0946724 0.0834721 0.0473502 0.0496512 0.0471728 0.0543614 0.0470043 0.0383854 0.0338680 0.0475910 0.0716895 0.0422020 0.0449723 0.0618880 0.0559981 0.0387861 0.3403655 
AY366207                                      0.6971568 0.0000000 0.7046798 0.9135001 1.9553239 1.8801053 2.1224118 1.8151488 1.8550882 1.8531962 0.7070747 0.6065105 0.7002188 1.8875248 0.6762876 0.8363256 0.6839453 0.6554539 0.6219194 0.7221292 0.6491197 0.0494173 2.0025996 2.0152716 2.0082580 0.1660001 0.9181806 2.0465113 0.6997398 0.9172568 1.8467080 1.8199034 0.7008340 2.0000562 2.0550700 0.6277740 1.8127546 0.6850566 0.5886880 0.0828968 0.6055954 0.6748080 0.6482788 0.0842920 0.6001254 0.6513944 0.6524271 0.0850382 0.5989855 0.6727423 0.6733661 0.0276832 0.5842852 0.6717427 0.6734274 0.0257890 0.5874789 0.6632163 0.6801725 0.0794635 0.5724787 0.6944635 0.6021396 0.6450144 0.6277494 0.6840996 0.6031578 0.6930432 0.6021396 0.6937150 0.6021396 0.6902070 0.5763809 0.6550573 0.0512284 0.5763354 0.6846827 0.0278671 0.5755601 0.6879418 0.6897289 0.5982250 0.6539806 0.6981950 0.0286046 0.5990296 0.6878025 0.6935671 0.0441022 0.5989759 0.6859218 0.6899312 0.5979742 0.6882123 0.6968221 0.5928768 0.6754474 0.6811822 0.3351371 0.0796926 0.6798176 0.6806695 0.3327228 0.3208217 0.0834721 0.6904794 0.2529067 0.6891656 0.2613824 0.6893961 0.2591226 0.6846833 0.6872930 0.2720392 0.1165552 0.6800483 0.2683510 0.0902482 0.6637988 0.3310781 
AY366208                                      0.5331329 0.7046798 0.0000000 0.9332903 1.8131120 1.8512044 2.0804624 1.8640931 1.8227245 1.8291315 0.0461377 0.6700707 0.5023892 1.9198277 0.0490624 0.0400113 0.0500739 0.2585010 0.5050768 0.5747509 0.5096037 0.6986418 1.8348372 1.8218898 1.7966224 0.6866870 0.9316079 2.1103116 0.5050049 0.9363016 1.7927653 1.7323431 0.5162033 1.8691006 2.0506418 0.6988546 1.8106543 0.5132944 0.0451068 0.6565890 0.6747930 0.5025538 0.0388099 0.6905984 0.6727533 0.4858867 0.0393531 0.6924276 0.6715201 0.5006961 0.0482462 0.5947680 0.6494436 0.4996173 0.0499930 0.5918097 0.6516581 0.4986791 0.0519713 0.7101871 0.6405055 0.5146289 0.6719142 0.4761301 0.6959486 0.5143745 0.6757138 0.5139630 0.6719142 0.5151875 0.6719142 0.5135406 0.6491998 0.4857842 0.6839741 0.6488930 0.5051079 0.6024276 0.6466954 0.5116428 0.0484521 0.6675022 0.4934616 0.0495882 0.6075129 0.6669796 0.5148509 0.0487903 0.6500477 0.6677485 0.5116270 0.0480726 0.6681310 0.5143784 0.0495624 0.6638328 0.5352016 0.5145069 0.1474913 0.2572058 0.5145489 0.5158108 0.1631712 0.1303647 0.2376484 0.5163772 0.1445439 0.5162137 0.1524108 0.5163649 0.1518550 0.5161207 0.5118032 0.1487241 0.1103298 0.5045460 0.1424955 0.0543267 0.4905525 0.2149848 
AY366209                                      0.9428544 0.9135001 0.9332903 0.0000000 1.9602556 1.8798424 2.1178299 1.8681252 1.8643569 1.8813663 0.9540441 0.9514173 0.9458850 2.0279161 1.0588098 1.4397677 1.0452910 1.0708505 1.0246213 1.3454510 0.9971677 0.9099969 2.1426498 2.1315670 2.0373353 0.9000901 0.0343541 2.1096966 0.9575466 0.0397711 1.8874745 1.8065664 0.9280891 2.1149892 2.1548836 0.9571754 1.8428202 0.9157450 0.8064358 0.8378163 0.9499534 0.9133352 0.8842930 0.8671671 0.9439541 0.8877171 0.8911689 0.8703484 0.9430717 0.9015096 0.9204095 0.7759902 0.9184253 0.9007146 0.9190683 0.7711175 0.9240384 0.9088895 0.9296953 0.9176899 0.9077877 0.9278160 0.9395436 0.8746124 0.9460200 0.9283355 0.9394990 0.9285482 0.9395436 0.9288709 0.9395436 0.9165637 0.9153576 0.8841631 0.8860553 0.9154129 0.9160987 0.7834900 0.9147520 0.9203906 0.9275669 0.9353597 0.8916983 0.9418107 0.7784823 0.9308488 0.9228527 0.9391267 0.8418575 0.9312364 0.9196020 0.9274200 0.9341090 0.9193715 0.9357359 0.9270004 1.0618186 0.9422194 0.4189756 0.4042927 0.9422858 0.9439220 0.4207745 0.4074621 0.4991617 0.9367228 0.3680716 0.9353097 0.2965708 0.9349313 0.3306616 0.8591852 0.9328572 0.3750232 0.1567899 0.9233171 0.3759553 0.0924703 0.9146088 0.4336009 
AY800279                                      1.9890909 1.9553239 1.8131120 1.9602556 0.0000000 1.8182021 1.8576120 1.8314784 1.7966614 1.8278885 1.8204924 1.9879807 1.9216269 1.9348073 2.1938449 2.7933118 2.1655636 2.3379696 2.1625388 2.6891784 2.2401493 1.9502770 0.3761923 0.3728153 0.3636423 1.8966210 1.9253731 2.0816846 1.9309045 1.9124134 1.7744716 1.2944754 1.9721079 0.3605592 2.0876854 2.0891079 1.7975974 1.9263475 1.6127315 1.9296527 1.9832778 1.8938129 1.6937122 1.9444362 1.9637059 1.8541523 1.7222802 1.9430149 1.9625501 1.8929704 1.7820161 1.7499230 1.9278062 1.8924557 1.7840718 1.7479542 1.9388958 1.8819062 1.7668780 1.9536484 1.9155295 1.9240659 1.9699858 1.8277828 2.1029776 1.9077131 1.9931041 1.9255074 1.9699858 1.9260590 1.9699858 1.9086517 1.9300372 1.8754572 1.9236476 1.9267889 1.8964397 1.7306318 1.9206740 1.9448614 1.7763272 1.9847176 1.8929752 1.7898263 1.7262191 1.9820297 1.9436618 1.7868323 1.8506663 1.9855184 1.9438363 1.7799834 1.9849311 1.9605902 1.7750470 1.9674668 3.5327881 1.9245368 1.3343646 0.5829913 1.9182350 1.9223866 1.2617953 1.2864461 0.8591864 1.9181088 0.9050714 1.9188725 0.8971119 1.9168458 0.9494442 1.7446587 1.9071920 0.9269881 4.1726295 1.9064656 0.9256239 2.5271138 1.8789260 0.9027296 
AY863024                                      1.8300833 1.8801053 1.8512044 1.8798424 1.8182021 0.0000000 1.8596471 0.0664659 0.0570173 0.0410932 1.8825255 1.7593669 1.7942107 0.8383929 1.9120437 2.1920195 1.9181943 1.8136611 1.8087538 2.0376881 1.8063266 1.8883568 1.8895138 1.8961644 1.8769651 1.8785885 1.8699106 0.9231992 1.8098243 1.8721815 0.3263523 1.6084066 1.7910682 1.9050835 0.9247578 1.7350150 0.0561876 1.7656703 1.5984253 1.7581302 1.7743395 1.7617478 1.7479025 1.8428188 1.7635275 1.7268154 1.7745463 1.8656874 1.7611637 1.7514342 1.7948942 1.6474030 1.7191328 1.7494744 1.7910469 1.6446653 1.7232634 1.7490956 1.8084552 1.8659838 1.7005858 1.7754030 1.7604723 1.6894644 1.7444755 1.7845731 1.7676761 1.7744763 1.7604723 1.7753052 1.7604723 1.7774293 1.7155735 1.7148292 1.8413282 1.7162743 1.7553638 1.6904020 1.7143264 1.7856491 1.8451315 1.7571034 1.7186324 1.8513123 1.6511018 1.7679300 1.7836809 1.8492653 1.7643889 1.7715527 1.7774342 1.8489322 1.7558820 1.7890574 1.8443510 1.7506239 1.5470367 1.7734959 1.6367048 0.1858269 1.7706973 1.7750882 1.4735710 1.4851233 0.3102376 1.7752407 1.0870555 1.7770467 0.8377947 1.7753228 0.8812780 1.7117946 1.7658370 1.0676769 4.6788955 1.7473267 1.1693595 7.0112623 1.7263924 2.7620109 
CYMRNA                                        2.0656893 2.1224118 2.0804624 2.1178299 1.8576120 1.8596471 0.0000000 1.8498771 1.8283291 1.8527421 2.1216877 2.1218261 2.0927638 1.8251444 2.3850225 3.0561129 2.3659695 2.6023100 2.1670040 2.6925095 2.1357194 2.1029563 1.9049154 1.8873340 1.8435198 2.1313261 2.1028212 1.9282636 2.0871323 2.1166811 1.7690483 1.7725406 2.0274495 1.9519509 1.8831744 2.1900947 1.8556148 2.0193068 1.7201969 1.8816676 2.1116440 1.9922268 1.9989566 1.9656482 2.1180724 1.9395496 2.0033178 1.9823989 2.1124654 2.0116114 2.0969098 1.8803700 2.0473648 2.0088950 2.1011027 1.8727819 2.0623009 1.9844545 2.1197985 2.0935101 2.0465659 2.0503216 2.0983952 1.9158835 2.2061769 2.0593218 2.1307466 2.0494430 2.0983952 2.0519341 2.0983952 2.0350680 2.0499076 1.9530295 2.0571395 2.0527720 2.0143805 1.8962779 2.0442620 2.0239876 2.0935463 2.1345739 1.9595209 2.0985378 1.8812473 2.1124986 2.0172190 2.1016210 1.9987899 2.1134433 2.0201133 2.1012231 2.1348537 2.0269028 2.1033973 2.1077778 2.8406416 2.0579824 1.4469828 0.4615267 2.0600389 2.0674621 1.2837417 1.2303888 1.3673979 2.0420475 0.9321086 2.0401530 0.7913144 2.0394969 0.8259301 1.9948743 2.0299020 1.0145451 1.2391894 2.0121578 1.0588705 1.1287160 1.9795462 1.8431225 
FJ822136                                      1.8373053 1.8151488 1.8640931 1.8681252 1.8314784 0.0664659 1.8498771 0.0000000 0.0477738 0.0778901 1.8799035 1.7538051 1.7718567 0.8418220 1.9711435 2.3456564 1.9662125 1.8149309 1.7905461 2.0509758 1.8204876 1.8076807 1.8743434 1.8874316 1.8211787 1.8782670 1.8656784 0.9196637 1.7851151 1.8724359 0.3227441 1.6043662 1.7865094 1.8963624 0.9123963 1.7112820 0.0563656 1.7651910 1.6372545 1.7051570 1.7771687 1.7572187 1.7486629 1.7809225 1.7499488 1.7207845 1.7810963 1.8035675 1.7476024 1.7438482 1.8071045 1.6111858 1.7123439 1.7418669 1.8032205 1.6082745 1.7175317 1.7468838 1.8223010 1.8052449 1.6924506 1.7729640 1.7576584 1.6851068 1.7248447 1.7748837 1.7585498 1.7718529 1.7576584 1.7728658 1.7576584 1.7742222 1.7033591 1.7106433 1.8073914 1.7033304 1.7486623 1.6395332 1.7001670 1.7799575 1.8522378 1.7402145 1.7110638 1.8573739 1.6212042 1.7497901 1.7734219 1.8590007 1.7298086 1.7511738 1.7739634 1.8574375 1.7390002 1.7764952 1.8486007 1.7355296 1.4458897 1.7693115 1.6497788 0.2441111 1.7678263 1.7708920 1.4459280 1.4569037 0.3711385 1.7720099 1.0684501 1.7738112 0.8303879 1.7720896 0.8599967 1.7200023 1.7626284 1.0412237 4.0264891 1.7426481 1.1435528 5.5842185 1.7163403 2.5218834 
GQ179646                                      1.8284934 1.8550882 1.8227245 1.8643569 1.7966614 0.0570173 1.8283291 0.0477738 0.0000000 0.0424162 1.8489881 1.7302759 1.7799553 0.8408584 1.9012883 2.1926074 1.9286249 1.7960487 1.8291453 2.1362627 1.8266874 1.8379383 1.8593055 1.8741590 1.8422688 1.8739760 1.8630844 0.9144831 1.7976285 1.8684342 0.3329835 1.6034070 1.7841450 1.9017325 0.9247163 1.6892741 0.0663272 1.7603367 1.5827813 1.7258448 1.7558309 1.7507262 1.7180395 1.7955349 1.7357322 1.7157320 1.7440114 1.8196953 1.7334023 1.7368232 1.7677404 1.6297378 1.6985224 1.7363387 1.7640216 1.6258619 1.7010996 1.7450390 1.7943740 1.8032050 1.6779045 1.7718509 1.7381938 1.6806815 1.6986080 1.7756835 1.7379647 1.7684884 1.7381938 1.7695009 1.7381938 1.7781552 1.6922839 1.7139211 1.8383005 1.6944012 1.7489813 1.6758684 1.6926444 1.7717432 1.8086576 1.7300610 1.7091198 1.8155419 1.6444185 1.7429149 1.7672316 1.8144885 1.7557206 1.7442958 1.7657750 1.8123846 1.7288502 1.7726742 1.8052420 1.7263113 1.5452989 1.7670576 1.7447708 0.1343146 1.7642659 1.7686315 1.5256572 1.5443465 0.2634859 1.7630851 1.0847976 1.7648710 0.8510618 1.7631584 0.9135089 1.7048470 1.7556778 1.0706838 4.6788955 1.7370494 1.1682002 7.0112623 1.7122992 2.6160231 
GQ179647                                      1.8404209 1.8531962 1.8291315 1.8813663 1.8278885 0.0410932 1.8527421 0.0778901 0.0424162 0.0000000 1.8547718 1.7424476 1.8123309 0.8384705 1.8938843 2.1771077 1.9125020 1.7880606 1.8301342 2.1205497 1.8274785 1.8601127 1.8695100 1.8779700 1.8590718 1.8851484 1.8749307 0.9295548 1.8283412 1.8786626 0.3384898 1.6209099 1.7907525 1.9243759 0.9353601 1.7108464 0.0706199 1.7721685 1.5741689 1.7398001 1.7643634 1.7598758 1.7293640 1.8191047 1.7440655 1.7288921 1.7554760 1.8433388 1.7417260 1.7544971 1.7772190 1.6248282 1.7090476 1.7540260 1.7734560 1.6222165 1.7100753 1.7527529 1.7954967 1.8333780 1.6844522 1.7808164 1.7499844 1.6907207 1.7168267 1.7813249 1.7467398 1.7761297 1.7499844 1.7784543 1.7499844 1.7816829 1.7050806 1.7197682 1.8287913 1.7043524 1.7574208 1.6792680 1.7038406 1.7808854 1.8162963 1.7432488 1.7171043 1.8249489 1.6460665 1.7527000 1.7765331 1.8250064 1.7564177 1.7562902 1.7748913 1.8202122 1.7420331 1.7821916 1.8172747 1.7352003 1.5452989 1.7793531 1.7167609 0.1858269 1.7765449 1.7809641 1.5432497 1.5644239 0.3102376 1.7796923 1.1307748 1.7815069 0.8709228 1.7797777 0.9184244 1.7274111 1.7749776 1.1041357 4.6788955 1.7548932 1.1966873 7.0112623 1.7268628 2.8779737 
JF930326                                      0.5297437 0.7070747 0.0461377 0.9540441 1.8204924 1.8825255 2.1216877 1.8799035 1.8489881 1.8547718 0.0000000 0.6828156 0.4973729 1.9139991 0.0300889 0.0239075 0.0291319 0.2498076 0.5065490 0.5791804 0.5077229 0.7014810 1.8527889 1.8435955 1.7994463 0.6901602 0.9476928 2.1049355 0.5000232 0.9482219 1.7952322 1.7381357 0.5103049 1.8531806 2.0560760 0.7103001 1.8336371 0.5089508 0.0345667 0.6590882 0.6871408 0.4995577 0.0246094 0.6919394 0.6831021 0.4819647 0.0260127 0.6942592 0.6813466 0.4945666 0.0353858 0.5949035 0.6624824 0.4934913 0.0370842 0.5925310 0.6649631 0.4952248 0.0411642 0.7121821 0.6546759 0.5073689 0.6842932 0.4724946 0.7049136 0.5090311 0.6856837 0.5063257 0.6842932 0.5075062 0.6842932 0.5053813 0.6611897 0.4815172 0.6899253 0.6618946 0.4997769 0.6063990 0.6591615 0.5063759 0.0275563 0.6799250 0.4894577 0.0284075 0.6086976 0.6775611 0.5097569 0.0276175 0.6551678 0.6783350 0.5063570 0.0273776 0.6805692 0.5084045 0.0284927 0.6752618 0.5352016 0.5069444 0.1331032 0.1291424 0.5065885 0.5082233 0.1434196 0.1251099 0.1505608 0.5101703 0.1407983 0.5094398 0.1412675 0.5095886 0.1399486 0.5207662 0.5054679 0.1422956 0.0637520 0.4977593 0.1392899 0.0264899 0.4845176 0.2162784 
JF930327                                      0.6594171 0.6065105 0.6700707 0.9514173 1.9879807 1.7593669 2.1218261 1.7538051 1.7302759 1.7424476 0.6828156 0.0000000 0.6536789 1.8770796 0.6811807 0.7748170 0.6631472 0.6667247 0.6185265 0.7335815 0.6560097 0.5868569 1.9704488 1.9714884 2.0236338 0.5891485 0.9410009 1.9822076 0.6467387 0.9492422 1.7182125 1.7446213 0.6500700 2.0878853 2.0297726 0.0181660 1.7416430 0.6427744 0.5554977 0.5264204 0.0097126 0.6371108 0.6233208 0.5629138 0.0180662 0.6150860 0.6374974 0.5672103 0.0174302 0.6304132 0.6429486 0.4905914 0.0031553 0.6309853 0.6449718 0.4849980 0.0033046 0.6297912 0.6552193 0.5916714 0.0046005 0.6479429 0.0165892 0.6030007 0.0188967 0.6521361 0.0177185 0.6480794 0.0165892 0.6492612 0.0165892 0.6426329 0.0060389 0.6129901 0.5758840 0.0060362 0.6357120 0.4991867 0.0060401 0.6441531 0.6705420 0.0159890 0.6142535 0.6763026 0.4989634 0.0166420 0.6417888 0.6729523 0.5472514 0.0167962 0.6413432 0.6712254 0.0156702 0.6427725 0.6720498 0.0145823 0.7783353 0.6507752 0.2846284 0.1314039 0.6513664 0.6520140 0.2631217 0.2666922 0.2342486 0.6485049 0.2680780 0.6465685 0.3318764 0.6462515 0.3660930 0.6164661 0.6455606 0.2667543 0.1361852 0.6390633 0.2667492 0.1155277 0.6261600 0.3452760 
JF937699                                      0.3613118 0.7002188 0.5023892 0.9458850 1.9216269 1.7942107 2.0927638 1.7718567 1.7799553 1.8123309 0.4973729 0.6536789 0.0000000 1.9897694 0.5052892 0.5741621 0.5121373 0.5200171 0.0219255 0.0244282 0.3294629 0.6970649 1.9934277 2.0169040 1.8640432 0.6800847 0.9477695 2.0238783 0.0236095 0.9397047 1.8068205 1.7369007 0.3486269 1.9538479 2.0724030 0.6786817 1.7855440 0.3441234 0.4407470 0.6348135 0.6537431 0.3374132 0.4601065 0.6699643 0.6549615 0.3255210 0.4706149 0.6745680 0.6532462 0.3376690 0.4797985 0.6018153 0.6290367 0.3372851 0.4823626 0.5967941 0.6308414 0.3328713 0.4918079 0.7036962 0.6222864 0.3481234 0.6526271 0.3162168 0.6720624 0.3452612 0.6542935 0.3477436 0.6526271 0.3481301 0.6526271 0.3456021 0.6311166 0.3269183 0.6809573 0.6295836 0.3421430 0.5990660 0.6282778 0.3398834 0.4888410 0.6476882 0.3248530 0.4989454 0.6074222 0.6482501 0.3419222 0.4974966 0.6562482 0.6497952 0.3405394 0.4896606 0.6475883 0.3420585 0.4929234 0.6431985 0.4684038 0.3446369 0.1186475 0.1435143 0.3438055 0.3443732 0.1311468 0.1183352 0.2161337 0.3465537 0.1378300 0.3467921 0.1568018 0.3468764 0.1505909 0.3486258 0.3439618 0.1440166 0.0411645 0.3395428 0.1312958 0.0541743 0.3306951 0.1601839 
JX524226                                      1.9272117 1.8875248 1.9198277 2.0279161 1.9348073 0.8383929 1.8251444 0.8418220 0.8408584 0.8384705 1.9139991 1.8770796 1.9897694 0.0000000 2.1139573 2.7340968 2.0694322 2.0787758 2.2652914 2.9833709 2.3214866 1.8813873 2.0608220 2.0910905 2.0666344 1.8938821 2.0212995 0.8821097 2.0067085 2.0313672 0.8254584 1.6605992 1.8769228 2.0469264 0.8432042 1.9420397 0.8429251 1.8697246 1.6199561 1.7845441 1.8693894 1.8635715 1.7639465 1.8583602 1.8781454 1.7972640 1.7829962 1.8732905 1.8739823 1.8254260 1.8624652 1.6712996 1.8169434 1.8248152 1.8606199 1.6652730 1.8141503 1.8310208 1.8524688 1.8886803 1.7940493 1.8582966 1.8728434 1.8124890 1.9579104 1.8813544 1.8663806 1.8592997 1.8728434 1.8615759 1.8728434 1.8620756 1.7988172 1.8229102 1.8604217 1.7939581 1.8623958 1.6920387 1.7927512 1.8719548 1.8792511 1.8694498 1.8332030 1.8909642 1.6909253 1.8617276 1.8764151 1.8897545 1.7774637 1.8602909 1.8659533 1.8824316 1.8695784 1.8778188 1.8847412 1.8587557 2.6299638 1.8848017 1.4972126 0.5887840 1.8845235 1.8920670 1.3492812 1.4647277 0.7706568 1.8885323 0.9270265 1.8873947 0.7279336 1.8855608 0.8543556 1.7669775 1.8750681 0.9510828 2.3731384 1.8651241 1.0288553 2.6803081 1.8304107 1.8179009 
KM288842                                      0.5219977 0.6762876 0.0490624 1.0588098 2.1938449 1.9120437 2.3850225 1.9711435 1.9012883 1.8938843 0.0300889 0.6811807 0.5052892 2.1139573 0.0000000 0.0084813 0.0354133 0.2507004 0.4991880 0.5594858 0.5103212 0.6792372 2.0351081 2.0107098 1.9534495 0.6891417 1.0647293 2.3555489 0.4999976 1.0656945 1.8710454 2.1543756 0.5080273 2.0471366 2.2237891 0.6788042 1.8954270 0.5047757 0.0382626 0.6706969 0.6762486 0.4938554 0.0195007 0.6706969 0.6787747 0.4834854 0.0266459 0.6712752 0.6746141 0.4913866 0.0368185 0.5861566 0.6552346 0.4909656 0.0382223 0.5818743 0.6578628 0.4911928 0.0506525 0.6910742 0.6505435 0.5031735 0.6860324 0.4720606 0.6410532 0.5102570 0.6717682 0.5014359 0.6860324 0.5028235 0.6860324 0.4925003 0.6494223 0.4781693 0.6675297 0.6513110 0.4925274 0.5862145 0.6503756 0.5062765 0.0375162 0.6686001 0.4965407 0.0387359 0.5872895 0.6625808 0.5029155 0.0378069 0.6273528 0.6625808 0.5054720 0.0374461 0.6691719 0.5073522 0.0373829 0.6587265 0.5389826 0.4985955 0.1464092 0.1291424 0.4975716 0.5021906 0.1509168 0.1334289 0.1505608 0.5210822 0.1608234 0.5189595 0.1398407 0.5193986 0.1318545 0.5394791 0.5105952 0.1585204 0.0866301 0.5017175 0.1512398 0.0264899 0.4945778 1.3668192 
KM288843                                      0.5991206 0.8363256 0.0400113 1.4397677 2.7933118 2.1920195 3.0561129 2.3456564 2.1926074 2.1771077 0.0239075 0.7748170 0.5741621 2.7340968 0.0084813 0.0000000 0.0315772 0.2798049 0.5660551 0.5640570 0.6030226 0.8400261 2.4966878 2.4732798 2.3557343 0.8607990 1.4390948 2.9242200 0.5693514 1.4410127 2.2091666 2.6161349 0.6006899 2.3843219 2.6940905 0.7665113 2.2489219 0.5935027 0.0351023 0.8381179 0.7612296 0.5897633 0.0089801 0.8381179 0.7673721 0.5767717 0.0235438 0.8392903 0.7606227 0.5780867 0.0293494 0.7404739 0.7430638 0.5773975 0.0286499 0.7361341 0.7471814 0.5773154 0.0393134 0.8595691 0.7339880 0.6016362 0.7831582 0.5614571 0.7176255 0.6144033 0.7645149 0.5996868 0.7831582 0.6020169 0.7831582 0.5878313 0.7275426 0.5717487 0.8302833 0.7300063 0.5803234 0.7307289 0.7274949 0.6007514 0.0317486 0.7566515 0.5870012 0.0322554 0.7482074 0.7498343 0.6028906 0.0315598 0.7784392 0.7498343 0.5996648 0.0316830 0.7576622 0.5956200 0.0308704 0.7424865 0.4448469 0.6010383 0.1527977 9.0000000 0.6002804 0.6028024 0.1797939 0.1318842 9.0000000 0.6144787 0.1635664 0.6124146 0.0919150 0.6124146 0.1373532 0.6556190 0.6079734 0.1607231 9.0000000 0.5963039 0.1410692 9.0000000 0.5884554 1.3668192 
KM288844                                      0.5202238 0.6839453 0.0500739 1.0452910 2.1655636 1.9181943 2.3659695 1.9662125 1.9286249 1.9125020 0.0291319 0.6631472 0.5121373 2.0694322 0.0354133 0.0315772 0.0000000 0.2522044 0.5060380 0.5750886 0.5098802 0.6836539 1.9676699 1.9580943 1.9608758 0.6862145 1.0465858 2.3072311 0.5030628 1.0475390 1.8589482 2.1158503 0.5071521 2.0392783 2.2270139 0.6635521 1.9042543 0.5038632 0.0344764 0.6804465 0.6610359 0.4931006 0.0259165 0.6804465 0.6609671 0.4807181 0.0261819 0.6810377 0.6568789 0.4871684 0.0339393 0.5902378 0.6388654 0.4867492 0.0353423 0.5859412 0.6414536 0.4874589 0.0477492 0.7022560 0.6332528 0.5001307 0.6678875 0.4675204 0.6277510 0.5028508 0.6553251 0.4983898 0.6678875 0.4997777 0.6678875 0.4912293 0.6304726 0.4776621 0.6715063 0.6336472 0.4888174 0.5860170 0.6319563 0.5049947 0.0326847 0.6469549 0.4967152 0.0348936 0.5902677 0.6463795 0.5031105 0.0344456 0.6292196 0.6463795 0.5041877 0.0326239 0.6475025 0.5075623 0.0344947 0.6397930 0.5608209 0.4987680 0.1466815 0.0828191 0.4977405 0.5023774 0.1583318 0.1260333 0.1173701 0.5187543 0.1608234 0.5166284 0.1301234 0.5170665 0.1221408 0.5496555 0.5082760 0.1585204 0.0637520 0.4993842 0.1438542 0.0264899 0.4898011 1.3668192 
KM288845                                      0.5496319 0.6554539 0.2585010 1.0708505 2.3379696 1.8136611 2.6023100 1.8149309 1.7960487 1.7880606 0.2498076 0.6667247 0.5200171 2.0787758 0.2507004 0.2798049 0.2522044 0.0000000 0.5144035 0.6247081 0.5197533 0.6681588 2.1949681 2.1834239 1.9870678 0.6588196 1.1142169 2.1680685 0.5184462 1.1152213 1.7841465 2.1386832 0.5224086 2.0275505 2.1994487 0.6549177 1.7938662 0.5270633 0.1997977 0.6512119 0.6596895 0.5125103 0.1893141 0.6512119 0.6644874 0.5071065 0.1967689 0.6503247 0.6617185 0.5022952 0.2043457 0.5704803 0.6391497 0.5007484 0.2022472 0.5640482 0.6446046 0.5117411 0.2077192 0.6661736 0.6357994 0.5187054 0.6567658 0.4889583 0.6308146 0.5325012 0.6572717 0.5179684 0.6567658 0.5194888 0.6567658 0.5118538 0.6299539 0.5018547 0.6511204 0.6354342 0.5076663 0.5823881 0.6337467 0.5227307 0.2439137 0.6472748 0.5089596 0.2439777 0.5779259 0.6490446 0.5162687 0.2464840 0.6115428 0.6490446 0.5243772 0.2433322 0.6478203 0.5229881 0.2475999 0.6431632 0.4370490 0.5242163 0.1674223 0.3486194 0.5243526 0.5292118 0.1707971 0.1640364 0.2951234 0.5322995 0.1667106 0.5305852 0.1395208 0.5310359 0.1514509 0.5695055 0.5241719 0.1868441 0.0864239 0.5167856 0.1830333 0.0839031 0.5160876 1.6812138 
KM288846                                      0.3446548 0.6219194 0.5050768 1.0246213 2.1625388 1.8087538 2.1670040 1.7905461 1.8291453 1.8301342 0.5065490 0.6185265 0.0219255 2.2652914 0.4991880 0.5660551 0.5060380 0.5144035 0.0000000 0.0217524 0.3283017 0.6112537 2.1625562 2.2038747 2.1304113 0.6284613 1.0236116 2.3686969 0.0182638 1.0145263 1.8822628 2.0559292 0.3323924 2.1482864 2.3812299 0.6030490 1.7972860 0.3262258 0.4675784 0.6227793 0.6108086 0.3230000 0.4532007 0.6227793 0.6187173 0.3128763 0.4504663 0.6219063 0.6148085 0.3206381 0.4606496 0.5444915 0.5897199 0.3204221 0.4622849 0.5380044 0.5903510 0.3196328 0.4808572 0.6275141 0.5839076 0.3292435 0.6153364 0.3024229 0.5686598 0.3231559 0.6117891 0.3279532 0.6153364 0.3285934 0.6153364 0.3219081 0.5833606 0.3104377 0.6030457 0.5800849 0.3259001 0.5369246 0.5791827 0.3276630 0.4945370 0.6008019 0.3126297 0.5029911 0.5451850 0.6038024 0.3207949 0.5025668 0.5733237 0.6038024 0.3307215 0.4970165 0.6012977 0.3292626 0.5029135 0.5996115 0.5332794 0.3217906 0.1268452 0.1996218 0.3203996 0.3209633 0.1304892 0.1301347 0.2594560 0.3318060 0.1376281 0.3324512 0.1453613 0.3326788 0.1373812 0.3610336 0.3303748 0.1458663 0.0201354 0.3231949 0.1317036 0.0263138 0.3162009 2.8001472 
KM288847                                      0.3606611 0.7221292 0.5747509 1.3454510 2.6891784 2.0376881 2.6925095 2.0509758 2.1362627 2.1205497 0.5791804 0.7335815 0.0244282 2.9833709 0.5594858 0.5640570 0.5750886 0.6247081 0.0217524 0.0000000 0.3556347 0.7181333 2.4653156 2.5380717 2.5344700 0.7355068 1.3424912 2.9188807 0.0150234 1.3243789 2.1471070 2.4871048 0.3560250 2.5352168 2.9445205 0.7215188 2.1420926 0.3507330 0.5735512 0.7256354 0.7226191 0.3553211 0.5229662 0.7256354 0.7340133 0.3410305 0.5368556 0.7242550 0.7274625 0.3461975 0.5245180 0.6397277 0.6951138 0.3445370 0.5251007 0.6355155 0.6958216 0.3462250 0.5685920 0.7406899 0.6861218 0.3565746 0.7427877 0.3351950 0.6543318 0.3585477 0.7211023 0.3570000 0.7427877 0.3579565 0.7427877 0.3493798 0.6850310 0.3408731 0.7115192 0.6809915 0.3547123 0.6361140 0.6786103 0.3524879 0.5638142 0.7089915 0.3393101 0.5734405 0.6503808 0.7113049 0.3542491 0.5753792 0.6697398 0.7113049 0.3578204 0.5665634 0.7099190 0.3541904 0.5775683 0.7069721 0.3835858 0.3517246 0.1409036 9.0000000 0.3499370 0.3509233 0.1453436 0.1458143 9.0000000 0.3616277 0.1645713 0.3619696 0.2240068 0.3619696 0.2208194 0.4231902 0.3628201 0.1656900 9.0000000 0.3523202 0.1318070 9.0000000 0.3451067 2.8001472 
KM365479                                      0.0359591 0.6491197 0.5096037 0.9971677 2.2401493 1.8063266 2.1357194 1.8204876 1.8266874 1.8274785 0.5077229 0.6560097 0.3294629 2.3214866 0.5103212 0.6030226 0.5098802 0.5197533 0.3283017 0.3556347 0.0000000 0.6455732 2.0279337 2.0210892 2.0771159 0.6562304 1.0031307 2.2627418 0.3281254 1.0061727 1.8511658 1.9773799 0.0318964 2.1791875 2.3621352 0.6508849 1.7997625 0.0210465 0.4686836 0.6615732 0.6495978 0.0169681 0.4540182 0.6615732 0.6519377 0.0143094 0.4496011 0.6606741 0.6498924 0.0175695 0.4568868 0.5648677 0.6372742 0.0180460 0.4591580 0.5587613 0.6365345 0.0156054 0.4867541 0.6504705 0.6257428 0.0238302 0.6640274 0.0130677 0.6259362 0.0282871 0.6560234 0.0229141 0.6640274 0.0229021 0.6640274 0.0215788 0.6245452 0.0134391 0.6274169 0.6284473 0.0169814 0.5588784 0.6275263 0.0300877 0.4841268 0.6469067 0.0195927 0.4980878 0.5652780 0.6459158 0.0255105 0.4976984 0.5949273 0.6459158 0.0306273 0.4872911 0.6474531 0.0292277 0.4965271 0.6404930 0.1467763 0.0382565 0.0339684 0.0382748 0.0373057 0.0369308 0.0315196 0.0347546 0.0542629 0.0393469 0.0349388 0.0393756 0.0457341 0.0388966 0.0467793 0.0338114 0.0385831 0.0316454 0.0202375 0.0353083 0.0218745 0.0264899 0.0305562 6.1417903 
KP090203                                      0.6910227 0.0494173 0.6986418 0.9099969 1.9502770 1.8883568 2.1029563 1.8076807 1.8379383 1.8601127 0.7014810 0.5868569 0.6970649 1.8813873 0.6792372 0.8400261 0.6836539 0.6681588 0.6112537 0.7181333 0.6455732 0.0000000 1.9723729 1.9848391 1.9861920 0.1583495 0.9152090 2.0401727 0.6921589 0.9129899 1.8380815 1.7861965 0.6997441 1.9554425 2.0432457 0.6114890 1.8287809 0.6781773 0.5963782 0.0675465 0.5860142 0.6731748 0.6436450 0.0704300 0.5840664 0.6491981 0.6495036 0.0714618 0.5829394 0.6631280 0.6687005 0.0248536 0.5665503 0.6621252 0.6717413 0.0229531 0.5700397 0.6582379 0.6840006 0.0656350 0.5558586 0.6888679 0.5827655 0.6377854 0.6131387 0.6765803 0.5872769 0.6879385 0.5827655 0.6886110 0.5827655 0.6859534 0.5591149 0.6490522 0.0550789 0.5591088 0.6804744 0.0262726 0.5588088 0.6886054 0.6859596 0.5838510 0.6526214 0.6945721 0.0289720 0.5848803 0.6878895 0.6904260 0.0459819 0.5848357 0.6870684 0.6867233 0.5835997 0.6871142 0.6928988 0.5784082 0.6304500 0.6789760 0.3362127 0.1291424 0.6776894 0.6785387 0.3200617 0.3219349 0.1173701 0.6850636 0.2541026 0.6837508 0.2692173 0.6839796 0.2674568 0.6760419 0.6825812 0.2738953 0.1165552 0.6754932 0.2701627 0.0902482 0.6594110 0.3170443 
KT717325                                      2.0002116 2.0025996 1.8348372 2.1426498 0.3761923 1.8895138 1.9049154 1.8743434 1.8593055 1.8695100 1.8527889 1.9704488 1.9934277 2.0608220 2.0351081 2.4966878 1.9676699 2.1949681 2.1625562 2.4653156 2.0279337 1.9723729 0.0000000 0.0119319 0.3705463 1.9881458 2.1260767 2.1434086 2.0082050 2.1143417 1.8482743 1.3325554 1.9811855 0.4078977 2.2086064 2.0700531 1.8317553 1.9528907 1.6612192 1.9421616 1.9839163 1.9256147 1.7555300 1.9483117 1.9744441 1.8789867 1.7768324 1.9487265 1.9713591 1.9253360 1.7909189 1.7722482 1.9272477 1.9298158 1.7926768 1.7804589 1.9320248 1.9055092 1.8147720 2.0160343 1.9146524 1.9389124 1.9800723 1.8575757 2.0728630 1.9379361 1.9836195 1.9383523 1.9800723 1.9389031 1.9800723 1.9183887 1.9142369 1.8669760 1.9666476 1.9203511 1.9112457 1.7817437 1.9082492 1.9481320 1.7917996 1.9917368 1.8866312 1.8195588 1.7682888 1.9893445 1.9343496 1.8162095 1.8847825 1.9928211 1.9455197 1.7967819 1.9891144 1.9388681 1.7931947 1.9862137 2.4981765 1.9427076 1.6209902 0.5312347 1.9357210 1.9398804 1.5128581 1.4728024 0.6291219 1.9572456 1.0464914 1.9583615 0.9291520 1.9563002 0.9996442 1.8556703 1.9474556 1.0194319 3.1630094 1.9449000 1.0759207 2.9953634 1.8790434 1.1218321 
KU159093                                      2.0078425 2.0152716 1.8218898 2.1315670 0.3728153 1.8961644 1.8873340 1.8874316 1.8741590 1.8779700 1.8435955 1.9714884 2.0169040 2.0910905 2.0107098 2.4732798 1.9580943 2.1834239 2.2038747 2.5380717 2.0210892 1.9848391 0.0119319 0.0000000 0.3657372 2.0035097 2.1204175 2.1472840 2.0356788 2.1060857 1.8521040 1.3342410 1.9882305 0.4041139 2.2202045 2.0701213 1.8400001 1.9619539 1.6538485 1.9674681 1.9776292 1.9295544 1.7512765 1.9734228 1.9708316 1.8830641 1.7732879 1.9738395 1.9677518 1.9278867 1.7821111 1.7797742 1.9248414 1.9323780 1.7838785 1.7880573 1.9296175 1.9114582 1.8073348 2.0326773 1.9122537 1.9444658 1.9727996 1.8651938 2.0639169 1.9420764 1.9783584 1.9439062 1.9727996 1.9444579 1.9727996 1.9225094 1.9116169 1.8730151 1.9830940 1.9177229 1.9155447 1.7944586 1.9056385 1.9543834 1.7816830 1.9829458 1.8965111 1.8078414 1.7776348 1.9840476 1.9441422 1.8044985 1.8961216 1.9875158 1.9517669 1.7852045 1.9803339 1.9484563 1.7816698 1.9774341 2.4981765 1.9529290 1.6172679 0.6375495 1.9458970 1.9500975 1.5093358 1.4690091 0.7116567 1.9647327 1.0577958 1.9658578 0.9433939 1.9637874 1.0160736 1.8574742 1.9548791 1.0288105 3.8686848 1.9525593 1.0856112 2.9953634 1.8878678 1.1218321 
KU697313                                      1.9073987 2.0082580 1.7966224 2.0373353 0.3636423 1.8769651 1.8435198 1.8211787 1.8422688 1.8590718 1.7994463 2.0236338 1.8640432 2.0666344 1.9534495 2.3557343 1.9608758 1.9870678 2.1304113 2.5344700 2.0771159 1.9861920 0.3705463 0.3657372 0.0000000 1.9777521 1.9982849 1.9801165 1.8793558 2.0031166 1.7510940 1.2503385 1.8876093 0.4000614 2.2453472 2.1183801 1.8374634 1.8463520 1.5986459 1.9402477 2.0128331 1.8309708 1.7209318 1.9447606 2.0008273 1.8054043 1.7580695 1.9464846 1.9977035 1.8289507 1.7560907 1.7672774 1.9483823 1.8299118 1.7607979 1.7608702 1.9599661 1.8190684 1.7406862 2.0156028 1.9257823 1.8545853 2.0086889 1.7512231 2.1268030 1.8334282 2.0228350 1.8545017 2.0086889 1.8550374 2.0086889 1.8417887 1.9294599 1.8062972 1.9511847 1.9309473 1.8312367 1.7535432 1.9231913 1.8720657 1.7829749 2.0134757 1.8013889 1.7920914 1.7720576 2.0115285 1.8528885 1.7877751 1.8940337 2.0160351 1.8669496 1.7856011 2.0139189 1.8786854 1.7780677 1.9939066 2.9288320 1.8620967 1.4637432 0.7123669 1.8537512 1.8559696 1.4229427 1.3178208 0.7945002 1.8715301 0.9570715 1.8693651 0.8425658 1.8705849 0.8989586 1.6891284 1.8667480 0.9353823 3.9158996 1.8582596 0.9617042 3.0407562 1.8200542 1.0419585 
KU854929                                      0.6957536 0.1660001 0.6866870 0.9000901 1.8966210 1.8785885 2.1313261 1.8782670 1.8739760 1.8851484 0.6901602 0.5891485 0.6800847 1.8938821 0.6891417 0.8607990 0.6862145 0.6588196 0.6284613 0.7355068 0.6562304 0.1583495 1.9881458 2.0035097 1.9777521 0.0000000 0.8896250 2.0411741 0.6823315 0.8894712 1.8677260 1.7775895 0.6892573 2.0038084 2.0928376 0.6249092 1.8507733 0.6747155 0.5811865 0.1683706 0.5869517 0.6674228 0.6379861 0.1705115 0.5935397 0.6447683 0.6399346 0.1712664 0.5926117 0.6596750 0.6668581 0.1210403 0.5713041 0.6599134 0.6694009 0.1184647 0.5755162 0.6567649 0.6801165 0.1715645 0.5612004 0.6859044 0.5838312 0.6356621 0.6212801 0.6794096 0.5914008 0.6848277 0.5838312 0.6854974 0.5838312 0.6806872 0.5666902 0.6488961 0.1594176 0.5663145 0.6754653 0.1208431 0.5644163 0.6836855 0.6706749 0.5874776 0.6493901 0.6805084 0.1237394 0.5859264 0.6835997 0.6774760 0.1460196 0.5865956 0.6825427 0.6726774 0.5872262 0.6795841 0.6783727 0.5815073 0.7463599 0.6782563 0.3100937 0.1332698 0.6774932 0.6783405 0.3105666 0.2936786 0.1202709 0.6810315 0.2508181 0.6802112 0.2768293 0.6804379 0.2756252 0.6622174 0.6797447 0.2659151 0.1165552 0.6743233 0.2708913 0.0902482 0.6574271 0.3033826 
KU854931                                      0.9440671 0.9181806 0.9316079 0.0343541 1.9253731 1.8699106 2.1028212 1.8656784 1.8630844 1.8749307 0.9476928 0.9410009 0.9477695 2.0212995 1.0647293 1.4390948 1.0465858 1.1142169 1.0236116 1.3424912 1.0031307 0.9152090 2.1260767 2.1204175 1.9982849 0.8896250 0.0000000 2.0954686 0.9603432 0.0068656 1.9172374 1.7697647 0.9206863 2.0818960 2.1751287 0.9480195 1.8397538 0.9136048 0.8057079 0.8353472 0.9380462 0.9110111 0.8829274 0.8642066 0.9335146 0.8849745 0.8888051 0.8679763 0.9326362 0.8987406 0.9188263 0.7802039 0.9086162 0.8980036 0.9167584 0.7739901 0.9129607 0.9073119 0.9316727 0.9245666 0.8968295 0.9234622 0.9252506 0.8725273 0.9357198 0.9254837 0.9295748 0.9241881 0.9252506 0.9245115 0.9252506 0.9142552 0.9024291 0.8823576 0.8839041 0.9024899 0.9110090 0.7886423 0.9013370 0.9116804 0.9255978 0.9264754 0.8859770 0.9378418 0.7801567 0.9212572 0.9153958 0.9351617 0.8403273 0.9216466 0.9108890 0.9260832 0.9252325 0.9114307 0.9312612 0.9161749 1.0421147 0.9343300 0.4255876 0.4042927 0.9351341 0.9367477 0.4359535 0.4100636 0.4991617 0.9307102 0.3866611 0.9293030 0.3171185 0.9289258 0.3537272 0.8499141 0.9279023 0.3910375 0.1567899 0.9188186 0.3887784 0.0924703 0.9087236 0.4336009 
KX196173                                      2.0503989 2.0465113 2.1103116 2.1096966 2.0816846 0.9231992 1.9282636 0.9196637 0.9144831 0.9295548 2.1049355 1.9822076 2.0238783 0.8821097 2.3555489 2.9242200 2.3072311 2.1680685 2.3686969 2.9188807 2.2627418 2.0401727 2.1434086 2.1472840 1.9801165 2.0411741 2.0954686 0.0000000 2.0612918 2.0908106 0.9260472 1.8280134 2.0061977 2.1032710 0.8938202 2.0320434 0.9255875 2.0114962 1.7669853 1.9434586 1.9933024 1.9914482 1.9922716 1.9824919 1.9837052 1.9636638 2.0120576 2.0097318 1.9821240 2.0210993 2.0860001 1.7956114 1.9180976 2.0137117 2.0881205 1.8008490 1.9240384 1.9893741 2.0541718 1.9996831 1.9057088 2.0421438 2.0007501 1.9275858 2.0735352 2.0428501 2.0026409 2.0484665 2.0007501 2.0496622 2.0007501 2.0526728 1.8957431 1.9640497 1.9673051 1.8981886 2.0187638 1.7747444 1.8932691 1.9985719 2.0459012 1.9913023 1.9671222 2.0623685 1.8238774 1.9781766 2.0064204 2.0637685 1.9100188 1.9782338 1.9943996 2.0455100 1.9914991 2.0128011 2.0634974 1.9793741 3.5076710 2.0060997 1.3902371 0.2238742 2.0006985 2.0086527 1.3578089 1.3090667 0.4224170 2.0259111 1.0147324 2.0206159 0.8852314 2.0186328 0.9379551 1.8458357 2.0135072 1.0131001 3.9608305 1.9865637 1.0839815 4.6249054 1.9528190 1.7707628 
KX883791                                      0.3634863 0.6997398 0.5050049 0.9575466 1.9309045 1.8098243 2.0871323 1.7851151 1.7976285 1.8283412 0.5000232 0.6467387 0.0236095 2.0067085 0.4999976 0.5693514 0.5030628 0.5184462 0.0182638 0.0150234 0.3281254 0.6921589 2.0082050 2.0356788 1.8793558 0.6823315 0.9603432 2.0612918 0.0000000 0.9535320 1.8086124 1.7672061 0.3508009 1.9762067 2.0848467 0.6736249 1.7986408 0.3452917 0.4397841 0.6327293 0.6445067 0.3382899 0.4616239 0.6676965 0.6451642 0.3270587 0.4728848 0.6723058 0.6433871 0.3400730 0.4815583 0.6008749 0.6214647 0.3396891 0.4836664 0.5958516 0.6227854 0.3354167 0.4912331 0.7014510 0.6154797 0.3501552 0.6477532 0.3187426 0.6689939 0.3477810 0.6479225 0.3497756 0.6477532 0.3501620 0.6477532 0.3486595 0.6234657 0.3284990 0.6832231 0.6219521 0.3452452 0.5984829 0.6206504 0.3417921 0.4942900 0.6402326 0.3271382 0.5033114 0.6062457 0.6398308 0.3425596 0.5021474 0.6578555 0.6413633 0.3421202 0.4951138 0.6401307 0.3440022 0.4975495 0.6352688 0.5081800 0.3449716 0.1235068 0.1435143 0.3444726 0.3450421 0.1360868 0.1237416 0.2161337 0.3488567 0.1540848 0.3490972 0.1629405 0.3491822 0.1634486 0.3526683 0.3465824 0.1582004 0.0201354 0.3418218 0.1449318 0.0263138 0.3317473 0.1899652 
KY348771                                      0.9474988 0.9172568 0.9363016 0.0397711 1.9124134 1.8721815 2.1166811 1.8724359 1.8684342 1.8786626 0.9482219 0.9492422 0.9397047 2.0313672 1.0656945 1.4410127 1.0475390 1.1152213 1.0145263 1.3243789 1.0061727 0.9129899 2.1143417 2.1060857 2.0031166 0.8894712 0.0068656 2.0908106 0.9535320 0.0000000 1.9141602 1.7791183 0.9194975 2.0882551 2.1670689 0.9528089 1.8428077 0.9156257 0.8067302 0.8368889 0.9469692 0.9143547 0.8831308 0.8657192 0.9430403 0.8885155 0.8890107 0.8694857 0.9421579 0.9013710 0.9189507 0.7820887 0.9167147 0.9006341 0.9168822 0.7762828 0.9210783 0.9110236 0.9323375 0.9249100 0.9048538 0.9267315 0.9333621 0.8750267 0.9443349 0.9263970 0.9377160 0.9274625 0.9333621 0.9277855 0.9333621 0.9161036 0.9104980 0.8851404 0.8826381 0.9105554 0.9143502 0.7893525 0.9093984 0.9137918 0.9263086 0.9346150 0.8877994 0.9384585 0.7792039 0.9287272 0.9167490 0.9357775 0.8394456 0.9291154 0.9130007 0.9267939 0.9333643 0.9128579 0.9311808 0.9249392 1.0421147 0.9405309 0.4338190 0.4042927 0.9413433 0.9429772 0.4442867 0.4191064 0.4991617 0.9368964 0.3931069 0.9354825 0.3171185 0.9351040 0.3537272 0.8538009 0.9340577 0.3965820 0.1567899 0.9249327 0.3942322 0.0924703 0.9136760 0.4573699 
LC107515                                      1.7653270 1.8467080 1.7927653 1.8874745 1.7744716 0.3263523 1.7690483 0.3227441 0.3329835 0.3384898 1.7952322 1.7182125 1.8068205 0.8254584 1.8710454 2.2091666 1.8589482 1.7841465 1.8822628 2.1471070 1.8511658 1.8380815 1.8482743 1.8521040 1.7510940 1.8677260 1.9172374 0.9260472 1.8086124 1.9141602 0.0000000 1.6085678 1.7262111 1.8674387 0.8488308 1.6816447 0.3266739 1.7113715 1.5417198 1.6982854 1.7301885 1.7038864 1.6698258 1.7597555 1.7126682 1.6783998 1.6621093 1.7831950 1.7091314 1.7108871 1.7071870 1.6069869 1.6715988 1.7099893 1.7083116 1.6047302 1.6812743 1.7116852 1.7207427 1.8222235 1.6571040 1.7423868 1.7133286 1.6338289 1.7015522 1.7331657 1.7200155 1.7423823 1.7133286 1.7410050 1.7133286 1.7254379 1.6636338 1.6788800 1.8035046 1.6608519 1.7132251 1.6345203 1.6594586 1.7153777 1.7450103 1.7074712 1.6756285 1.7433408 1.6122278 1.7132573 1.7193055 1.7468009 1.7294233 1.7160337 1.7112040 1.7473078 1.7062717 1.7295737 1.7407601 1.7032511 1.8107773 1.7082900 1.7476098 0.3989818 1.7076788 1.7111355 1.5765698 1.6137457 0.5064160 1.7065795 1.1599722 1.7080718 0.8267762 1.7064439 0.9032051 1.6716962 1.7001649 1.0791784 4.0815069 1.6808677 1.1560846 5.6942147 1.6794636 2.3802790 
LC107517                                      1.7399753 1.8199034 1.7323431 1.8065664 1.2944754 1.6084066 1.7725406 1.6043662 1.6034070 1.6209099 1.7381357 1.7446213 1.7369007 1.6605992 2.1543756 2.6161349 2.1158503 2.1386832 2.0559292 2.4871048 1.9773799 1.7861965 1.3325554 1.3342410 1.2503385 1.7775895 1.7697647 1.8280134 1.7672061 1.7791183 1.6085678 0.0000000 1.7391111 1.3519206 1.8387305 1.7554830 1.5873081 1.7144918 1.5371715 1.7501366 1.7455248 1.6985190 1.6641068 1.7536035 1.7335174 1.6525725 1.6555054 1.7623700 1.7310570 1.6946812 1.6658225 1.6122913 1.6904974 1.6928248 1.6762251 1.5996203 1.6954725 1.6805725 1.6831181 1.7713208 1.6742954 1.7056593 1.7428061 1.6420925 1.7793833 1.7115447 1.7459769 1.7067810 1.7428061 1.7057670 1.7428061 1.7035498 1.6828949 1.6454764 1.7706144 1.6823449 1.6889124 1.5980204 1.6804323 1.7300533 1.6942805 1.7384259 1.6706921 1.7114529 1.5985894 1.7425781 1.7255900 1.7088382 1.7113391 1.7460978 1.7274061 1.6974493 1.7372423 1.7307389 1.7123488 1.7307842 2.8525168 1.6968263 1.0576418 0.4170655 1.6879814 1.6932644 0.9568919 1.0085746 0.5332164 1.7031014 0.7977526 1.7022397 0.7336292 1.7016240 0.7159433 1.5299889 1.6979556 0.7297378 2.6355047 1.6907886 0.7688347 1.9092724 1.6613230 0.8936081 
