94
MG210801_-_RdRp_CDS                                                              0.0000000 1.9537929 1.9282467 1.9478573 1.9539617 1.5539832 2.0918050 0.6215064 0.6549756 0.6377319 0.6546058 0.6492260 0.6481632 0.6168262 0.6578613 0.6516316 0.6472949 0.6621253 0.6540881 0.6405655 0.6639948 0.6588797 0.6638349 0.6648759 0.6266632 0.6602284 0.6590987 0.6482464 0.6592992 0.6632447 1.8315803 2.0790457 0.6665602 1.7418242 1.7161093 1.6692597 1.7358530 1.7113546 1.6977718 0.6475846 0.6474228 0.6520443 0.6482521 0.6439397 0.6593708 0.6229841 0.6487328 0.6829054 0.6824982 0.6306059 0.6501006 0.6579498 0.6621776 0.6481320 0.6808429 0.6824606 0.6791762 0.6769064 0.6768027 0.6803012 0.6001833 0.4870646 0.4809143 0.6005549 0.5739664 0.5006169 0.5019492 0.5452155 0.5956401 0.5937275 1.8649136 0.8732414 0.8607679 0.8706364 0.0209448 0.0153851 0.0153851 0.0081733 0.0078609 0.0084463 0.0142681 0.0153707 0.0153707 0.0142681 0.0087206 0.0087136 0.0087245 0.0134873 0.0143151 0.0143114 0.0132150 0.0129824 0.0195332 2.1037344 
AY800279_-_viral_replicase_CDS                                                   1.9537929 0.0000000 0.4002241 0.3933456 0.3650619 1.1794883 0.3643044 1.7389798 1.7672832 1.7371858 1.7700382 1.7319796 1.7503779 1.6830204 1.7556877 1.7871475 1.7804824 1.7579557 1.7545286 1.7422064 1.7671645 1.7618336 1.7687688 1.7694660 1.6926676 1.7597163 1.7820793 1.7510925 1.7679035 1.7579988 1.8723396 1.9103296 1.7389818 1.6367799 1.6485447 1.6186163 1.6655760 1.6345994 1.6270820 1.7546129 1.7870513 1.8097309 1.8033194 1.7942053 1.8210573 1.7286996 1.7580239 1.8561179 1.6550993 1.5139007 1.5557029 1.5958404 1.6016795 1.5667873 1.6212140 1.6332538 1.6314112 1.6214053 1.6160699 1.6370799 1.8774506 1.6250685 1.6179395 1.8606836 1.8252021 1.6034453 1.6203485 1.7588899 1.8240679 1.7919757 1.6541158 1.8508378 1.8276413 1.8111080 1.8466821 1.8150102 1.8143062 1.7676025 1.7746715 1.7756117 1.8173812 1.9811562 1.8337284 1.8173812 1.7827398 1.7849240 1.7782302 1.8138981 1.8193858 1.8212547 1.8127310 1.8020721 1.8308134 1.8328488 
KT717325_-_RdRP_CDS                                                              1.9282467 0.4002241 0.0000000 0.0133289 0.3862147 1.1812840 0.4250804 1.7743694 1.8451331 1.7790272 1.8480049 1.8107329 1.8033432 1.7561242 1.8001211 1.8227348 1.8189435 1.8180419 1.8379125 1.7921525 1.8065877 1.8426108 1.8082390 1.8089393 1.7552366 1.8205644 1.8448213 1.7994786 1.8495980 1.8163243 1.8947229 1.9798179 1.8428903 1.7269074 1.6805697 1.6668894 1.7083057 1.6985483 1.6599088 1.8353972 1.8182362 1.8198734 1.8516793 1.8661150 1.8650120 1.7462410 1.8047019 1.9098311 1.6847424 1.5847212 1.6144433 1.6172763 1.6203121 1.6286387 1.6427307 1.6609773 1.6555056 1.6447583 1.6347566 1.6917635 1.8881927 1.6316704 1.6331938 1.8700334 1.7997827 1.6214842 1.6224959 1.7344854 1.8275364 1.8628025 1.7312675 1.9358403 1.9375389 1.9285833 1.8418454 1.8351239 1.8322418 1.7899782 1.7868610 1.8004348 1.8487187 1.9566166 1.8485764 1.8487187 1.7718841 1.7807893 1.7658471 1.8335496 1.8488450 1.8481030 1.8302543 1.8291454 1.8362605 1.8045635 
KU159093_-_RNA-dependent_RNA_polymerase_CDS                                      1.9478573 0.3933456 0.0133289 0.0000000 0.3783445 1.1793030 0.4190584 1.7704648 1.8358889 1.7699910 1.8387453 1.8041131 1.7967272 1.7522502 1.7935841 1.8160953 1.8126326 1.8089911 1.8287502 1.7880077 1.8044442 1.8361708 1.8060926 1.8067926 1.7490538 1.8115152 1.8402040 1.7928918 1.8403223 1.8072668 1.8775685 1.9930486 1.8314275 1.7410586 1.6961952 1.6787910 1.7205792 1.7018543 1.6717470 1.8265517 1.8116057 1.8132453 1.8730264 1.8879331 1.8544445 1.7424238 1.7984547 1.9075611 1.6702669 1.5810010 1.6112948 1.6073892 1.6104316 1.6236198 1.6310111 1.6488729 1.6434289 1.6330293 1.6185703 1.6812446 1.8842875 1.6306344 1.6321536 1.8772742 1.8036617 1.6267986 1.6236667 1.7341980 1.8279245 1.8684226 1.7587685 1.9188057 1.9271109 1.9148858 1.8555504 1.8447909 1.8418907 1.8076871 1.8044844 1.8183082 1.8584664 1.9667382 1.8562198 1.8584664 1.7870188 1.7960222 1.7809309 1.8411261 1.8565143 1.8557634 1.8378161 1.8343206 1.8544498 1.7860294 
KU697313_-_RNA-dependent_RNA_polymerase_CDS                                      1.9539617 0.3650619 0.3862147 0.3783445 0.0000000 1.0543926 0.3957072 1.6382605 1.7222754 1.6763569 1.7249226 1.6567529 1.6641662 1.5964806 1.6861144 1.7175198 1.7029194 1.7056518 1.7192722 1.6497264 1.6933117 1.6756266 1.6928343 1.6954690 1.6227650 1.7081695 1.6966558 1.6649163 1.7262969 1.7038708 1.7824127 2.0576398 1.6299016 1.7996913 1.7669166 1.7688403 1.8048387 1.6997018 1.7390521 1.7196256 1.7139582 1.7248201 1.7700254 1.7706899 1.7463951 1.6287430 1.6900124 1.7558073 1.7009523 1.6059635 1.6515391 1.6420649 1.6526717 1.6131697 1.6877223 1.6933881 1.6865674 1.6869472 1.6869490 1.6893472 1.8820901 1.6565104 1.6479207 1.8961450 1.8215817 1.6451441 1.6524105 1.7670206 1.8670607 1.8494118 1.7752217 1.9001296 1.8741660 1.8808622 1.8376826 1.8180056 1.8151627 1.7582408 1.7580415 1.7535677 1.8250412 1.9719950 1.8286323 1.8250412 1.7487414 1.7534552 1.7470447 1.8138328 1.8095369 1.8088409 1.8112769 1.7934174 1.8288697 1.8491478 
LC107517_-_RdRp_CDS                                                              1.5539832 1.1794883 1.1812840 1.1793030 1.0543926 0.0000000 1.1639227 1.4543120 1.4921413 1.4420741 1.4944252 1.4693576 1.4680270 1.4261014 1.4889303 1.5041108 1.5042946 1.4940764 1.4944662 1.4644667 1.4876942 1.4967743 1.4888868 1.4895102 1.4323194 1.4968899 1.4869836 1.4721628 1.4930357 1.4936999 1.6219741 1.7236173 1.4188309 1.5426049 1.5406676 1.5349720 1.5526781 1.5027034 1.5136092 1.4892258 1.5025845 1.5174809 1.5409661 1.5637295 1.5144728 1.4336624 1.4819173 1.5234721 1.4880872 1.4243987 1.4165158 1.4134875 1.4255196 1.4290652 1.4395305 1.4516426 1.4473364 1.4401396 1.4605323 1.4992845 1.6534301 1.4689806 1.4512193 1.6567539 1.6380964 1.4683481 1.4711468 1.5875369 1.6324699 1.6212297 1.5510055 1.6054013 1.5855164 1.5998869 1.5962667 1.5684008 1.5677648 1.5365834 1.5405652 1.5376385 1.5953237 1.6064454 1.5861266 1.5953237 1.5395631 1.5430928 1.5435545 1.5728557 1.5761117 1.5808445 1.5728557 1.5625370 1.5840115 1.7646810 
LC155795_-_RdRp_CDS                                                              2.0918050 0.3643044 0.4250804 0.4190584 0.3957072 1.1639227 0.0000000 1.6919384 1.7066666 1.6865879 1.7093442 1.7233325 1.7566675 1.6779438 1.7668436 1.7480201 1.7374045 1.7406771 1.7131173 1.7131345 1.7430136 1.7566685 1.7442923 1.7470129 1.6944294 1.7466180 1.7714071 1.7573020 1.7084486 1.7329605 1.8712672 1.9068507 1.7545515 1.7878653 1.7604089 1.7632163 1.8164071 1.7221734 1.7184772 1.7051227 1.7428878 1.7526689 1.8672032 1.8880763 1.7723906 1.6943466 1.7378398 1.8068167 1.6885636 1.6110895 1.6326716 1.6566272 1.6717552 1.6272633 1.6660409 1.6715129 1.6649164 1.6640939 1.6709032 1.6538992 1.9411783 1.6614520 1.6633374 1.9311992 1.8618961 1.6818862 1.6972508 1.8144347 1.8476603 1.9227701 1.6823993 1.8916554 1.8737394 1.8923918 1.9601216 1.9521554 1.9493880 1.8940405 1.8924672 1.8693507 1.9519490 2.1147709 1.9498176 1.9519490 1.8818400 1.8882632 1.8777110 1.9400938 1.9381819 1.9401101 1.9388952 1.9311271 1.9318379 1.8915745 
Hylocereus_undatus_SRR11603187__NC_002815_-_RNA-dependent_RNA_polymerase_CDS     0.6215064 1.7389798 1.7743694 1.7704648 1.6382605 1.4543120 1.6919384 0.0000000 0.0316081 0.0234476 0.0316011 0.0079570 0.0107841 0.0032316 0.0139310 0.0002247 0.0000010 0.0315849 0.0317357 0.0052208 0.0187491 0.0185699 0.0185294 0.0185205 0.0055223 0.0317761 0.0093088 0.0107717 0.0318404 0.0316203 1.8704277 2.0219399 0.0164669 1.7389871 1.7358994 1.7119940 1.7415265 1.6674423 1.6594995 0.0293998 0.0002248 0.0000010 0.3213199 0.3230408 0.0079039 0.0041142 0.0111493 0.0186011 0.4556062 0.4182705 0.4312783 0.4390094 0.4430894 0.4406259 0.4476883 0.4491165 0.4451322 0.4482128 0.4460686 0.4526341 0.6701627 0.5689700 0.5644948 0.6660973 0.6553275 0.5782524 0.5830202 0.6316446 0.6723393 0.6604256 1.6772438 0.8343601 0.8280794 0.8316560 0.5902323 0.5912798 0.5912798 0.5713871 0.5743078 0.5689355 0.5837217 0.6266143 0.5891939 0.5837217 0.5747372 0.5749936 0.5736895 0.5935318 0.5910832 0.5932206 0.5931090 0.5875062 0.5870694 1.8101938 
Schlumbergera_truncata_15H04_sty__NC_002815_-_RNA-dependent_RNA_polymerase_CDS   0.6549756 1.7672832 1.8451331 1.8358889 1.7222754 1.4921413 1.7066666 0.0316081 0.0000000 0.0063250 0.0000010 0.0341037 0.0376072 0.0276691 0.0409262 0.0454181 0.0446667 0.0192706 0.0017545 0.0337771 0.0438787 0.0434665 0.0438999 0.0438787 0.0298371 0.0192706 0.0375169 0.0380355 0.0000010 0.0192706 1.9462758 2.0947082 0.0349953 1.8035372 1.8111187 1.7825921 1.8107308 1.7054883 1.7163971 0.0015404 0.0452076 0.0448984 0.3442585 0.3468367 0.0456497 0.0310277 0.0387747 0.0501584 0.4816014 0.4400963 0.4536669 0.4630324 0.4661767 0.4626924 0.4699144 0.4703442 0.4670335 0.4697377 0.4690459 0.4729768 0.7128472 0.6086491 0.6036683 0.7155998 0.7012877 0.6163822 0.6180870 0.6716509 0.7143921 0.6917308 1.7392395 0.8792164 0.8730044 0.8814719 0.6203043 0.6227335 0.6223483 0.5984955 0.6011723 0.5970704 0.6095161 0.6590427 0.6188515 0.6095161 0.6046591 0.6045161 0.6031268 0.6213265 0.6202477 0.6224122 0.6209059 0.6162601 0.6179374 1.9296460 
Schlumbergera_truncata_19JSF_sty__NC_002815_-_RNA-dependent_RNA_polymerase_CDS   0.6377319 1.7371858 1.7790272 1.7699910 1.6763569 1.4420741 1.6865879 0.0234476 0.0063250 0.0000000 0.0063250 0.0261241 0.0286235 0.0196864 0.0315849 0.0367813 0.0355598 0.0102057 0.0056323 0.0250253 0.0343507 0.0341615 0.0343598 0.0343507 0.0219281 0.0102057 0.0291283 0.0290651 0.0063266 0.0102146 1.8681717 2.0035966 0.0274852 1.7440365 1.7397462 1.7197059 1.7466067 1.6774602 1.6522561 0.0036058 0.0365540 0.0360054 0.3263508 0.3276303 0.0370897 0.0226571 0.0301594 0.0411078 0.4524203 0.4128909 0.4255961 0.4349579 0.4375870 0.4368842 0.4385034 0.4396342 0.4363293 0.4383114 0.4381132 0.4454776 0.6852523 0.5836114 0.5783869 0.6847143 0.6712147 0.5921905 0.5986102 0.6475519 0.6867735 0.6616571 1.6770588 0.8525169 0.8476446 0.8563109 0.6004142 0.6039611 0.6035697 0.5809094 0.5827963 0.5781608 0.5923389 0.6438826 0.6019250 0.5923389 0.5869260 0.5871813 0.5853870 0.6036835 0.6016813 0.6038535 0.6032568 0.5983846 0.5986536 1.8348778 
Schlumbergera_truncata_15H04_pol__NC_002815_-_RNA-dependent_RNA_polymerase_CDS   0.6546058 1.7700382 1.8480049 1.8387453 1.7249226 1.4944252 1.7093442 0.0316011 0.0000010 0.0063250 0.0000000 0.0340962 0.0375990 0.0276630 0.0409173 0.0454081 0.0446569 0.0192665 0.0017541 0.0337697 0.0438691 0.0434570 0.0438903 0.0438691 0.0298305 0.0192665 0.0375088 0.0380272 0.0000010 0.0192665 1.9446217 2.0977816 0.0349953 1.8020729 1.8096420 1.7811525 1.8092560 1.7041459 1.7172053 0.0015400 0.0451976 0.0448885 0.3448168 0.3473978 0.0456396 0.0310209 0.0387662 0.0501472 0.4814103 0.4399196 0.4534816 0.4628486 0.4659913 0.4625082 0.4697281 0.4701585 0.4668492 0.4695514 0.4688602 0.4727897 0.7138486 0.6096026 0.6046180 0.7165978 0.7022788 0.6173394 0.6190429 0.6726327 0.7153880 0.6927024 1.7417099 0.8787573 0.8725502 0.8810110 0.6200295 0.6224569 0.6220718 0.5982296 0.6009055 0.5968051 0.6092476 0.6586825 0.6185774 0.6092476 0.6043888 0.6042460 0.6028574 0.6210505 0.6199719 0.6221352 0.6206300 0.6159861 0.6176639 1.9323127 
Hylocereus_polyrhizus_SRR11190796__NC_002815_-_RNA-dependent_RNA_polymerase_CDS  0.6492260 1.7319796 1.8107329 1.8041131 1.6567529 1.4693576 1.7233325 0.0079570 0.0341037 0.0261241 0.0340962 0.0000000 0.0103569 0.0027306 0.0136705 0.0245536 0.0229182 0.0359612 0.0342225 0.0037974 0.0179417 0.0225816 0.0179463 0.0179417 0.0000010 0.0361439 0.0077829 0.0105701 0.0343321 0.0360174 1.9104229 2.0647866 0.0201033 1.7869707 1.7842603 1.7558464 1.7861545 1.6899770 1.6953251 0.0319301 0.0245761 0.0243169 0.3342060 0.3340600 0.0241835 0.0024822 0.0111824 0.0193952 0.4676071 0.4321565 0.4434968 0.4532151 0.4571380 0.4549198 0.4592137 0.4598131 0.4565236 0.4590329 0.4579417 0.4645195 0.6947399 0.5907647 0.5856008 0.6974020 0.6818389 0.6005107 0.6036455 0.6552649 0.6964866 0.6778185 1.7066054 0.8586489 0.8553109 0.8592314 0.6155052 0.6164196 0.6160344 0.5962224 0.5982129 0.5934500 0.6102760 0.6511009 0.6138651 0.6102760 0.5968552 0.5967146 0.5960389 0.6181542 0.6168433 0.6190035 0.6177333 0.6127137 0.6135706 1.8656132 
Hylocereus_polyrhizus_SRR11190801__NC_002815_-_RNA-dependent_RNA_polymerase_CDS  0.6481632 1.7503779 1.8033432 1.7967272 1.6641662 1.4680270 1.7566675 0.0107841 0.0376072 0.0286235 0.0375990 0.0103569 0.0000000 0.0057383 0.0048984 0.0265635 0.0246734 0.0375399 0.0377053 0.0049427 0.0086843 0.0233991 0.0084595 0.0084595 0.0013561 0.0377214 0.0107571 0.0000010 0.0378725 0.0376071 1.9159202 2.0478761 0.0216473 1.7733093 1.7563835 1.7369116 1.7793137 1.7007332 1.6897554 0.0356330 0.0265880 0.0263187 0.3362024 0.3377655 0.0268903 0.0011285 0.0035630 0.0241509 0.4677327 0.4305040 0.4424898 0.4485606 0.4524663 0.4513515 0.4567624 0.4571678 0.4532156 0.4565802 0.4551488 0.4598763 0.6872651 0.5772886 0.5724170 0.6821389 0.6674323 0.5895130 0.5919180 0.6418259 0.6800224 0.6660982 1.6809201 0.8531936 0.8494713 0.8524987 0.6140448 0.6167873 0.6164003 0.5973991 0.5981207 0.5919258 0.6082484 0.6529806 0.6142827 0.6082484 0.5977676 0.5980166 0.5959893 0.6168829 0.6158601 0.6180283 0.6164604 0.6120046 0.6106574 1.8768611 
Hylocereus_undatus_SRR11190792__NC_002815_-_RNA-dependent_RNA_polymerase_CDS     0.6168262 1.6830204 1.7561242 1.7522502 1.5964806 1.4261014 1.6779438 0.0032316 0.0276691 0.0196864 0.0276630 0.0027306 0.0057383 0.0000000 0.0082227 0.0166392 0.0152248 0.0268940 0.0278037 0.0006814 0.0125866 0.0002254 0.0128187 0.0128154 0.0002299 0.0270914 0.0040861 0.0057319 0.0279020 0.0269426 1.8284693 1.9774040 0.0110670 1.7188784 1.7077983 1.6891001 1.7223472 1.6018314 1.6218613 0.0257019 0.0166547 0.0168732 0.3135645 0.3156709 0.0175005 0.0000010 0.0066108 0.0107666 0.4403921 0.4071365 0.4176959 0.4268942 0.4307743 0.4286353 0.4323212 0.4328257 0.4302140 0.4319551 0.4303067 0.4386397 0.6573133 0.5586073 0.5543425 0.6590624 0.6452180 0.5683850 0.5720368 0.6198211 0.6543167 0.6380494 1.6430670 0.8169423 0.8132085 0.8168208 0.5843678 0.5842538 0.5842538 0.5648277 0.5673721 0.5631932 0.5778283 0.6223386 0.5830722 0.5778283 0.5667866 0.5666528 0.5652764 0.5863783 0.5847459 0.5868861 0.5859540 0.5819827 0.5800509 1.7949829 
Hylocereus_undatus_SRR11603182__NC_002815_-_RNA-dependent_RNA_polymerase_CDS     0.6578613 1.7556877 1.8001211 1.7935841 1.6861144 1.4889303 1.7668436 0.0139310 0.0409262 0.0315849 0.0409173 0.0136705 0.0048984 0.0082227 0.0000000 0.0293616 0.0281882 0.0406331 0.0407734 0.0075988 0.0124036 0.0259728 0.0119602 0.0121791 0.0038244 0.0408097 0.0149621 0.0051155 0.0411934 0.0406873 1.9662558 2.1181702 0.0232007 1.8169320 1.8120056 1.7946947 1.8155456 1.7267488 1.7354579 0.0387082 0.0293885 0.0291380 0.3476640 0.3492521 0.0296695 0.0004471 0.0070868 0.0276645 0.4824161 0.4392867 0.4522898 0.4622757 0.4662239 0.4665875 0.4685789 0.4683607 0.4650613 0.4684022 0.4669440 0.4735954 0.7075203 0.5977417 0.5928221 0.7084030 0.6920046 0.6109580 0.6113549 0.6658523 0.7059149 0.6890023 1.7217582 0.8651708 0.8639805 0.8650604 0.6242091 0.6265876 0.6262029 0.6054603 0.6070964 0.6011665 0.6180155 0.6629574 0.6239969 0.6180155 0.6062235 0.6060804 0.6046941 0.6266917 0.6256757 0.6278450 0.6262713 0.6227358 0.6204275 1.9090993 
Hylocereus_undatus_SRR11603186__NC_002815_-_RNA-dependent_RNA_polymerase_CDS     0.6516316 1.7871475 1.8227348 1.8160953 1.7175198 1.5041108 1.7480201 0.0002247 0.0454181 0.0367813 0.0454081 0.0245536 0.0265635 0.0166392 0.0293616 0.0000000 0.0010999 0.0456190 0.0457309 0.0215965 0.0334688 0.0326109 0.0332485 0.0332327 0.0200003 0.0457904 0.0253618 0.0269920 0.0456911 0.0454372 1.9053523 2.0687469 0.0287747 1.8012079 1.8036150 1.7723542 1.7999992 1.7060957 1.7267603 0.0434164 0.0000010 0.0010997 0.3377714 0.3393936 0.0128852 0.0195110 0.0265374 0.0388802 0.4746840 0.4367978 0.4494933 0.4594248 0.4638851 0.4599752 0.4678321 0.4671559 0.4644847 0.4676553 0.4646861 0.4712418 0.7091316 0.6017097 0.5967689 0.7037644 0.6941477 0.6146671 0.6153060 0.6690517 0.7116819 0.6986085 1.7121003 0.8636639 0.8544201 0.8575454 0.6226683 0.6237791 0.6229530 0.6022942 0.6055732 0.5989540 0.6136982 0.6597841 0.6204551 0.6136982 0.6063014 0.6061583 0.6054849 0.6252479 0.6221348 0.6242969 0.6248275 0.6189823 0.6169834 1.8870428 
Hylocereus_undatus_SRR11603189__NC_002815_-_RNA-dependent_RNA_polymerase_CDS     0.6472949 1.7804824 1.8189435 1.8126326 1.7029194 1.5042946 1.7374045 0.0000010 0.0446667 0.0355598 0.0446569 0.0229182 0.0246734 0.0152248 0.0281882 0.0010999 0.0000000 0.0448781 0.0444977 0.0197408 0.0327592 0.0316748 0.0325390 0.0325235 0.0185885 0.0450503 0.0242048 0.0251029 0.0449387 0.0449281 1.9330453 2.0665434 0.0290079 1.8094708 1.8053041 1.7768131 1.8047175 1.7188654 1.7312811 0.0421774 0.0011012 0.0004398 0.3399954 0.3403009 0.0124319 0.0178577 0.0251341 0.0369685 0.4789420 0.4398883 0.4518467 0.4636775 0.4677978 0.4634892 0.4721829 0.4715296 0.4682743 0.4720078 0.4697333 0.4749848 0.7083872 0.6021408 0.5976104 0.7036499 0.6935405 0.6150572 0.6180774 0.6699150 0.7123589 0.7002472 1.7239619 0.8673632 0.8588463 0.8627343 0.6182221 0.6194982 0.6186762 0.5981746 0.6014498 0.5945652 0.6096004 0.6537481 0.6160887 0.6096004 0.6029277 0.6034151 0.6021136 0.6207754 0.6180610 0.6202132 0.6203558 0.6145288 0.6136719 1.8806336 
Schlumbergera_truncata_15H03_sty__NC_002815_a_-_RNA-dependent_RNA_polymerase_CDS 0.6621253 1.7579557 1.8180419 1.8089911 1.7056518 1.4940764 1.7406771 0.0315849 0.0192706 0.0102057 0.0192665 0.0359612 0.0375399 0.0268940 0.0406331 0.0456190 0.0448781 0.0000000 0.0185270 0.0339635 0.0435580 0.0426621 0.0433374 0.0433165 0.0302709 0.0000010 0.0386448 0.0379675 0.0192755 0.0000010 1.9293370 2.1064346 0.0362679 1.8066976 1.7952412 1.7791066 1.8058335 1.7069655 1.7004253 0.0169852 0.0454187 0.0446245 0.3429515 0.3432491 0.0455774 0.0307562 0.0397001 0.0518385 0.4792508 0.4371843 0.4498296 0.4608849 0.4641048 0.4623796 0.4672416 0.4684263 0.4651308 0.4670645 0.4680288 0.4720151 0.6989915 0.6010762 0.5961512 0.7021811 0.6895626 0.6094375 0.6143280 0.6647148 0.7050431 0.6832959 1.7349711 0.8791949 0.8729991 0.8814445 0.6229843 0.6264443 0.6260602 0.6048390 0.6056596 0.6018267 0.6147192 0.6684180 0.6239733 0.6147192 0.6084955 0.6083518 0.6069638 0.6277765 0.6253922 0.6275587 0.6273565 0.6230779 0.6218110 1.9391178 
Schlumbergera_truncata_15H06_pol__NC_002815_-_RNA-dependent_RNA_polymerase_CDS   0.6540881 1.7545286 1.8379125 1.8287502 1.7192722 1.4944662 1.7131173 0.0317357 0.0017545 0.0056323 0.0017541 0.0342225 0.0377053 0.0278037 0.0407734 0.0457309 0.0444977 0.0185270 0.0000000 0.0338883 0.0437150 0.0433042 0.0437361 0.0437150 0.0297307 0.0187351 0.0376150 0.0381319 0.0017549 0.0185509 1.9403397 2.0855958 0.0349983 1.7933509 1.7989795 1.7751068 1.8048434 1.6941430 1.7058332 0.0000010 0.0455212 0.0452125 0.3399516 0.3429601 0.0457081 0.0311497 0.0386302 0.0504907 0.4769297 0.4370648 0.4497629 0.4595031 0.4632571 0.4607805 0.4658486 0.4662933 0.4630046 0.4656711 0.4649914 0.4689003 0.7070764 0.6036366 0.5986975 0.7088950 0.6956706 0.6123249 0.6144116 0.6676357 0.7086909 0.6900472 1.7264770 0.8747979 0.8695545 0.8779551 0.6189277 0.6213409 0.6209575 0.5972266 0.5998912 0.5958089 0.6082022 0.6597963 0.6174828 0.6082022 0.6033509 0.6032090 0.6018273 0.6199409 0.6188667 0.6210189 0.6195223 0.6148991 0.6165746 1.9142016 
Hylocereus_polyrhizus_SRR11190802__NC_002815_-_RNA-dependent_RNA_polymerase_CDS  0.6405655 1.7422064 1.7921525 1.7880077 1.6497264 1.4644667 1.7131345 0.0052208 0.0337771 0.0250253 0.0337697 0.0037974 0.0049427 0.0006814 0.0075988 0.0215965 0.0197408 0.0339635 0.0338883 0.0000000 0.0118506 0.0201352 0.0118506 0.0118506 0.0009008 0.0341491 0.0064654 0.0049361 0.0340382 0.0340241 1.8991051 2.0566088 0.0167881 1.7670572 1.7647128 1.7401349 1.7700363 1.7062132 1.6915085 0.0315943 0.0216267 0.0215985 0.3297081 0.3309763 0.0217176 0.0002243 0.0055705 0.0134853 0.4651645 0.4288419 0.4410595 0.4488108 0.4527210 0.4511826 0.4575061 0.4582885 0.4542853 0.4573243 0.4565807 0.4613191 0.6812517 0.5818789 0.5770091 0.6769243 0.6681802 0.5906158 0.5920196 0.6427011 0.6797773 0.6661800 1.6812945 0.8522435 0.8498957 0.8534064 0.6099432 0.6127154 0.6123297 0.5922834 0.5945612 0.5884458 0.6049088 0.6441945 0.6101610 0.6049088 0.5927335 0.5925940 0.5909696 0.6134833 0.6124182 0.6145743 0.6130623 0.6085766 0.6078851 1.8373983 
Hylocereus_undatus_SRR11190791__NC_002815_-_RNA-dependent_RNA_polymerase_CDS     0.6639948 1.7671645 1.8065877 1.8044442 1.6933117 1.4876942 1.7430136 0.0187491 0.0438787 0.0343507 0.0438691 0.0179417 0.0086843 0.0125866 0.0124036 0.0334688 0.0327592 0.0435580 0.0437150 0.0118506 0.0000000 0.0305175 0.0000010 0.0000010 0.0083358 0.0437305 0.0187614 0.0088952 0.0441480 0.0436356 1.9573081 2.0979544 0.0268385 1.8066789 1.7995086 1.7792419 1.8076686 1.7446707 1.7231518 0.0414207 0.0334995 0.0339524 0.3483238 0.3484744 0.0346854 0.0076493 0.0108600 0.0327034 0.4800548 0.4420795 0.4540509 0.4658646 0.4698136 0.4648859 0.4696534 0.4694274 0.4661367 0.4694776 0.4675850 0.4740933 0.7156198 0.6045515 0.5996222 0.7160874 0.6973232 0.6171339 0.6185075 0.6724934 0.7141935 0.6936729 1.7084718 0.8705685 0.8658773 0.8687862 0.6306270 0.6334708 0.6330866 0.6134822 0.6148185 0.6092722 0.6268350 0.6724724 0.6322799 0.6268350 0.6131955 0.6123717 0.6102877 0.6350964 0.6337758 0.6359545 0.6346758 0.6286258 0.6268292 1.9193817 
Hylocereus_undatus_SRR11190793__NC_002815_-_RNA-dependent_RNA_polymerase_CDS     0.6588797 1.7618336 1.8426108 1.8361708 1.6756266 1.4967743 1.7566685 0.0185699 0.0434665 0.0341615 0.0434570 0.0225816 0.0233991 0.0002254 0.0259728 0.0326109 0.0316748 0.0426621 0.0433042 0.0201352 0.0305175 0.0000000 0.0305313 0.0307513 0.0168801 0.0428359 0.0226863 0.0238273 0.0437358 0.0427381 1.9584163 2.1059382 0.0251447 1.8189940 1.8024958 1.7913412 1.8223909 1.7053534 1.7116722 0.0407654 0.0326408 0.0326172 0.3446861 0.3466854 0.0345320 0.0173478 0.0246010 0.0372728 0.4757859 0.4375138 0.4484562 0.4590748 0.4629981 0.4641645 0.4641596 0.4643924 0.4619976 0.4639817 0.4619131 0.4707297 0.7026261 0.5929223 0.5872381 0.7029892 0.6856211 0.6068184 0.6059431 0.6568353 0.6986228 0.6859031 1.7002997 0.8818964 0.8759577 0.8792856 0.6332913 0.6325321 0.6328312 0.6121218 0.6147229 0.6083702 0.6258514 0.6689474 0.6320342 0.6258514 0.6166854 0.6165393 0.6151452 0.6349086 0.6348550 0.6370367 0.6344881 0.6316503 0.6281683 1.9261144 
Hylocereus_undatus_SRR11190799__NC_002815_-_RNA-dependent_RNA_polymerase_CDS     0.6638349 1.7687688 1.8082390 1.8060926 1.6928343 1.4888868 1.7442923 0.0185294 0.0438999 0.0343598 0.0438903 0.0179463 0.0084595 0.0128187 0.0119602 0.0332485 0.0325390 0.0433374 0.0437361 0.0118506 0.0000010 0.0305313 0.0000000 0.0000010 0.0081105 0.0435102 0.0189936 0.0086706 0.0441694 0.0434146 1.9625969 2.1038789 0.0268456 1.8041884 1.7970229 1.7767839 1.8030651 1.7456765 1.7210479 0.0414407 0.0332790 0.0337247 0.3476542 0.3478042 0.0344663 0.0076509 0.0106357 0.0329545 0.4796762 0.4411373 0.4530899 0.4649259 0.4688721 0.4639462 0.4687171 0.4684955 0.4652058 0.4685409 0.4666512 0.4731575 0.7150615 0.6035729 0.5986441 0.7156506 0.6967638 0.6161539 0.6175308 0.6719288 0.7136338 0.6936180 1.7112268 0.8712001 0.8665026 0.8694159 0.6309306 0.6333298 0.6329454 0.6129441 0.6142821 0.6087324 0.6260138 0.6723223 0.6321386 0.6260138 0.6126558 0.6118319 0.6097469 0.6342704 0.6329497 0.6351281 0.6338497 0.6277989 0.6271281 1.9188658 
Hylocereus_undatus_SRR11190800__NC_002815_-_RNA-dependent_RNA_polymerase_CDS     0.6648759 1.7694660 1.8089393 1.8067926 1.6954690 1.4895102 1.7470129 0.0185205 0.0438787 0.0343507 0.0438691 0.0179417 0.0084595 0.0128154 0.0121791 0.0332327 0.0325235 0.0433165 0.0437150 0.0118506 0.0000010 0.0307513 0.0000010 0.0000000 0.0081105 0.0434893 0.0189847 0.0086706 0.0441480 0.0433936 1.9617890 2.1029088 0.0268299 1.8050074 1.7978426 1.7776011 1.8059945 1.7430701 1.7215826 0.0414207 0.0332632 0.0337160 0.3478737 0.3480239 0.0344499 0.0076493 0.0108572 0.0329389 0.4806154 0.4420795 0.4540509 0.4658646 0.4698136 0.4648859 0.4696534 0.4694274 0.4661367 0.4694776 0.4675850 0.4740933 0.7156198 0.6041398 0.5992104 0.7160874 0.6973232 0.6167224 0.6180975 0.6724934 0.7141935 0.6941710 1.7122355 0.8712216 0.8665263 0.8694383 0.6317535 0.6341546 0.6337703 0.6137733 0.6151096 0.6095610 0.6268350 0.6733309 0.6329621 0.6268350 0.6134872 0.6126629 0.6105777 0.6350964 0.6337758 0.6359545 0.6346758 0.6286258 0.6279495 1.9234100 
Hylocereus_polyrhizus_SRR11190797__NC_002815_-_RNA-dependent_RNA_polymerase_CDS  0.6266632 1.6926676 1.7552366 1.7490538 1.6227650 1.4323194 1.6944294 0.0055223 0.0298371 0.0219281 0.0298305 0.0000010 0.0013561 0.0002299 0.0038244 0.0200003 0.0185885 0.0302709 0.0297307 0.0009008 0.0083358 0.0168801 0.0081105 0.0081105 0.0000000 0.0304630 0.0045022 0.0015804 0.0300966 0.0303187 1.8558172 2.0028953 0.0141198 1.7478017 1.7361346 1.7135139 1.7468753 1.6471006 1.6633852 0.0278888 0.0200188 0.0197580 0.3225089 0.3229059 0.0198829 0.0000010 0.0026983 0.0164464 0.4514114 0.4168229 0.4286911 0.4375694 0.4414764 0.4387010 0.4417394 0.4420505 0.4387558 0.4415497 0.4406476 0.4458437 0.6661317 0.5659674 0.5608755 0.6684930 0.6539165 0.5787322 0.5782962 0.6278951 0.6683537 0.6504849 1.6473293 0.8295813 0.8273231 0.8315006 0.5922042 0.5940174 0.5936293 0.5745677 0.5762038 0.5709654 0.5867365 0.6293844 0.5915739 0.5867365 0.5734734 0.5733384 0.5726622 0.5954709 0.5934910 0.5956316 0.5950483 0.5896343 0.5896114 1.8152060 
Schlumbergera_truncata_15H03_pol__NC_002815_-_RNA-dependent_RNA_polymerase_CDS   0.6602284 1.7597163 1.8205644 1.8115152 1.7081695 1.4968899 1.7466180 0.0317761 0.0192706 0.0102057 0.0192665 0.0361439 0.0377214 0.0270914 0.0408097 0.0457904 0.0450503 0.0000010 0.0187351 0.0341491 0.0437305 0.0428359 0.0435102 0.0434893 0.0304630 0.0000000 0.0390682 0.0381482 0.0192755 0.0000010 1.9315380 2.1048685 0.0362679 1.8049573 1.7935321 1.7774451 1.8040943 1.7024919 1.6989929 0.0171948 0.0455905 0.0447970 0.3434006 0.3432338 0.0459815 0.0309477 0.0398780 0.0519906 0.4789108 0.4365755 0.4491818 0.4604111 0.4634414 0.4615513 0.4676765 0.4688577 0.4655676 0.4675000 0.4684623 0.4716927 0.6981037 0.6004204 0.5955090 0.7012806 0.6886928 0.6087601 0.6136385 0.6639003 0.7041350 0.6824519 1.7338523 0.8777032 0.8705716 0.8789780 0.6216062 0.6250521 0.6246689 0.6035051 0.6043267 0.6005029 0.6139940 0.6665575 0.6225912 0.6139940 0.6071456 0.6070026 0.6056190 0.6263787 0.6240009 0.6261601 0.6259598 0.6216918 0.6204370 1.9341326 
Hylocereus_polyrhizus_SRR11190795__NC_002815_-_RNA-dependent_RNA_polymerase_CDS  0.6590987 1.7820793 1.8448213 1.8402040 1.6966558 1.4869836 1.7714071 0.0093088 0.0375169 0.0291283 0.0375088 0.0077829 0.0107571 0.0040861 0.0149621 0.0253618 0.0242048 0.0386448 0.0376150 0.0064654 0.0187614 0.0226863 0.0189936 0.0189847 0.0045022 0.0390682 0.0000000 0.0109665 0.0377799 0.0387134 1.9206488 2.0627281 0.0194508 1.7995676 1.8031434 1.7765486 1.8066888 1.7115088 1.7120752 0.0353266 0.0253849 0.0251283 0.3443360 0.3445316 0.0270496 0.0040487 0.0129314 0.0222797 0.4795294 0.4386379 0.4513097 0.4610215 0.4649560 0.4614067 0.4700782 0.4698533 0.4665589 0.4699024 0.4677852 0.4751475 0.7014824 0.5939703 0.5890670 0.7009215 0.6881808 0.6058592 0.6059080 0.6617684 0.6988440 0.6841963 1.7192088 0.8632591 0.8588375 0.8618544 0.6240217 0.6264859 0.6261017 0.6057953 0.6077707 0.6015810 0.6200059 0.6635573 0.6247931 0.6200059 0.6061979 0.6060550 0.6046704 0.6269935 0.6263168 0.6284847 0.6265734 0.6224849 0.6202456 1.8963518 
Hylocereus_polyrhizus_SRR11190798__NC_002815_-_RNA-dependent_RNA_polymerase_CDS  0.6482464 1.7510925 1.7994786 1.7928918 1.6649163 1.4721628 1.7573020 0.0107717 0.0380355 0.0290651 0.0380272 0.0105701 0.0000010 0.0057319 0.0051155 0.0269920 0.0251029 0.0379675 0.0381319 0.0049361 0.0088952 0.0238273 0.0086706 0.0086706 0.0015804 0.0381482 0.0109665 0.0000000 0.0383009 0.0380354 1.9238868 2.0495941 0.0219162 1.7774095 1.7604697 1.7409716 1.7834257 1.7031256 1.6937454 0.0360618 0.0270169 0.0267472 0.3365194 0.3380814 0.0270814 0.0011270 0.0037806 0.0241128 0.4688302 0.4310880 0.4430759 0.4505376 0.4544502 0.4533374 0.4578638 0.4582645 0.4543131 0.4576823 0.4562488 0.4609734 0.6889727 0.5790668 0.5741954 0.6847260 0.6691485 0.5905452 0.5929454 0.6428061 0.6817316 0.6660484 1.6815800 0.8527447 0.8489563 0.8519765 0.6141760 0.6169136 0.6165274 0.5978480 0.5985676 0.5921007 0.6083905 0.6530499 0.6144136 0.6083905 0.5979319 0.5981803 0.5961569 0.6173020 0.6159884 0.6181524 0.6168802 0.6121405 0.6107949 1.8790120 
Schlumbergera_truncata_15H04_pet__NC_002815_-_RNA-dependent_RNA_polymerase_CDS   0.6592992 1.7679035 1.8495980 1.8403223 1.7262969 1.4930357 1.7084486 0.0318404 0.0000010 0.0063266 0.0000010 0.0343321 0.0378725 0.0279020 0.0411934 0.0456911 0.0449387 0.0192755 0.0017549 0.0340382 0.0441480 0.0437358 0.0441694 0.0441480 0.0300966 0.0192755 0.0377799 0.0383009 0.0000000 0.0192755 1.9558636 2.1038292 0.0350351 1.8041180 1.8117063 1.7849986 1.8131900 1.7079745 1.7169137 0.0015407 0.0454805 0.0451706 0.3443876 0.3469671 0.0459215 0.0312886 0.0390395 0.0507043 0.4819835 0.4398702 0.4534427 0.4628186 0.4663670 0.4628816 0.4702870 0.4707155 0.4674021 0.4701104 0.4688880 0.4739394 0.7152880 0.6109421 0.6059495 0.7170587 0.7037216 0.6186882 0.6203907 0.6740458 0.7161446 0.6941116 1.7455949 0.8819861 0.8757530 0.8842495 0.6236041 0.6254123 0.6250264 0.6017470 0.6044268 0.6003177 0.6127681 0.6632416 0.6221464 0.6127681 0.6079464 0.6078021 0.6064081 0.6246381 0.6235586 0.6257317 0.6242166 0.6195617 0.6212266 1.9322975 
Schlumbergera_truncata_15H03_sty__NC_002815_b_-_RNA-dependent_RNA_polymerase_CDS 0.6632447 1.7579988 1.8163243 1.8072668 1.7038708 1.4936999 1.7329605 0.0316203 0.0192706 0.0102146 0.0192665 0.0360174 0.0376071 0.0269426 0.0406873 0.0454372 0.0449281 0.0000010 0.0185509 0.0340241 0.0436356 0.0427381 0.0434146 0.0433936 0.0303187 0.0000010 0.0387134 0.0380354 0.0192755 0.0000000 1.9361532 2.1096336 0.0362679 1.8096634 1.7981679 1.7819718 1.8087986 1.7087427 1.7029927 0.0170071 0.0452366 0.0444419 0.3438393 0.3441387 0.0454171 0.0307977 0.0397531 0.0519320 0.4806762 0.4379779 0.4510411 0.4620915 0.4654905 0.4637629 0.4686316 0.4698146 0.4665096 0.4684547 0.4694206 0.4734172 0.6995263 0.6014210 0.5964855 0.7025272 0.6900819 0.6097997 0.6147000 0.6651879 0.7055932 0.6837964 1.7445945 0.8815569 0.8753338 0.8838166 0.6237622 0.6272335 0.6268485 0.6055746 0.6063953 0.6025537 0.6154727 0.6695224 0.6247544 0.6154727 0.6092436 0.6090993 0.6077076 0.6285701 0.6261798 0.6283526 0.6281491 0.6238605 0.6225855 1.9483779 
KX196173_-_RdRp_CDS                                                              1.8315803 1.8723396 1.8947229 1.8775685 1.7824127 1.6219741 1.8712672 1.8704277 1.9462758 1.8681717 1.9446217 1.9104229 1.9159202 1.8284693 1.9662558 1.9053523 1.9330453 1.9293370 1.9403397 1.8991051 1.9573081 1.9584163 1.9625969 1.9617890 1.8558172 1.9315380 1.9206488 1.9238868 1.9558636 1.9361532 0.0000000 0.7757831 1.8657463 0.9256940 0.9215683 0.9158886 0.9453185 0.9197585 0.9261681 1.9168080 1.9046961 1.9282546 1.9176712 1.9501483 1.9301575 1.8740998 1.9318155 2.0001055 2.0678283 1.8959061 1.9260623 2.0184245 2.0237462 1.9684371 1.9545782 1.9682636 1.9610027 1.9516987 1.9711911 2.0436571 1.9039969 1.6633872 1.6651917 1.8355296 1.8525608 1.6458831 1.7047437 1.8012643 1.8646288 1.8474311 0.7928312 1.8916264 1.8996027 1.8927281 1.8254601 1.8355103 1.8331968 1.7607381 1.7647184 1.7675951 1.8347863 1.8888073 1.8420662 1.8347863 1.7542537 1.7548322 1.7502354 1.8303148 1.8187919 1.8189857 1.8290208 1.8248392 1.8152974 1.8914340 
MF978248_-_RdRp_CDS                                                              2.0790457 1.9103296 1.9798179 1.9930486 2.0576398 1.7236173 1.9068507 2.0219399 2.0947082 2.0035966 2.0977816 2.0647866 2.0478761 1.9774040 2.1181702 2.0687469 2.0665434 2.1064346 2.0855958 2.0566088 2.0979544 2.1059382 2.1038789 2.1029088 2.0028953 2.1048685 2.0627281 2.0495941 2.1038292 2.1096336 0.7757831 0.0000000 2.0618928 0.8876081 0.8719432 0.8774970 0.8950924 0.8047791 0.8798472 2.0633093 2.0648459 2.0923430 1.9973890 2.0067688 2.1010062 2.0226686 2.0917124 2.1489262 2.0643403 1.8871223 1.8756720 1.9968614 2.0087036 1.9498112 2.0344559 2.0344447 2.0273977 2.0266313 2.0288101 2.0440876 1.9045462 1.6710086 1.6682831 1.8776355 1.8667010 1.6804034 1.6511928 1.7894091 1.8683013 1.9304292 0.7402127 1.9635784 1.9791155 1.9691251 2.0174226 2.0129469 2.0103643 1.9667941 1.9654949 1.9448721 2.0123923 2.0787988 1.9999509 2.0123923 1.9465321 1.9473307 1.9424087 2.0119879 2.0002604 2.0003242 2.0082236 1.9871470 2.0138463 1.7602791 
Schlumbergera_truncata_15H05_pol__NC_002815_-_RNA-dependent_RNA_polymerase_CDS   0.6665602 1.7389818 1.8428903 1.8314275 1.6299016 1.4188309 1.7545515 0.0164669 0.0349953 0.0274852 0.0349953 0.0201033 0.0216473 0.0110670 0.0232007 0.0287747 0.0290079 0.0362679 0.0349983 0.0167881 0.0268385 0.0251447 0.0268456 0.0268299 0.0141198 0.0362679 0.0194508 0.0219162 0.0350351 0.0362679 1.8657463 2.0618928 0.0000000 1.7724315 1.7896158 1.7637169 1.8054462 1.7083542 1.6971556 0.0324833 0.0287828 0.0281803 0.3432298 0.3441185 0.0291869 0.0143967 0.0226195 0.0327462 0.4867360 0.4597288 0.4693326 0.4826128 0.4864347 0.4822818 0.4869588 0.4880797 0.4849761 0.4869692 0.4868453 0.4938813 0.7148497 0.5986341 0.5946591 0.7190496 0.6927107 0.6162558 0.6172275 0.6641490 0.7113608 0.6859084 1.7240160 0.8557245 0.8415115 0.8466260 0.6139879 0.6117689 0.6117689 0.5922362 0.5956857 0.5878704 0.6065153 0.6668237 0.6119870 0.6065153 0.5977804 0.5980869 0.5958969 0.6139863 0.6153992 0.6169628 0.6134672 0.6111121 0.6109953 1.9370677 
AY863024_-_ORF1_CDS                                                              1.7418242 1.6367799 1.7269074 1.7410586 1.7996913 1.5426049 1.7878653 1.7389871 1.8035372 1.7440365 1.8020729 1.7869707 1.7733093 1.7188784 1.8169320 1.8012079 1.8094708 1.8066976 1.7933509 1.7670572 1.8066789 1.8189940 1.8041884 1.8050074 1.7478017 1.8049573 1.7995676 1.7774095 1.8041180 1.8096634 0.9256940 0.8876081 1.7724315 0.0000000 0.0707460 0.0614636 0.0401201 0.3200799 0.0546132 1.7814699 1.7971597 1.8183942 1.8847874 1.8789765 1.8355200 1.7368362 1.8018871 1.8872784 1.8806141 1.7249927 1.7679932 1.7867134 1.7805996 1.7881016 1.8408079 1.8408993 1.8379367 1.8450924 1.8385307 1.8794934 1.8652114 1.6138396 1.6063348 1.8762570 1.8247662 1.6541043 1.6383561 1.7669847 1.8821035 1.8972831 0.8157959 1.8527207 1.8583300 1.8540078 1.7863917 1.7746420 1.7724062 1.7281688 1.7320596 1.7207470 1.7720752 1.7412765 1.7774562 1.7720752 1.7339973 1.7357145 1.7305694 1.7699227 1.7764218 1.7816456 1.7668773 1.7523636 1.7697259 1.8309801 
FJ822136_-_RdRp_CDS                                                              1.7161093 1.6485447 1.6805697 1.6961952 1.7669166 1.5406676 1.7604089 1.7358994 1.8111187 1.7397462 1.8096420 1.7842603 1.7563835 1.7077983 1.8120056 1.8036150 1.8053041 1.7952412 1.7989795 1.7647128 1.7995086 1.8024958 1.7970229 1.7978426 1.7361346 1.7935321 1.8031434 1.7604697 1.8117063 1.7981679 0.9215683 0.8719432 1.7896158 0.0707460 0.0000000 0.0397774 0.0819293 0.3144664 0.0559585 1.7849088 1.8028046 1.8128586 1.8633692 1.8533802 1.8398525 1.7234387 1.7891350 1.8943138 1.8674560 1.7054218 1.7553637 1.7835727 1.7777219 1.7886703 1.8226838 1.8212980 1.8215934 1.8288065 1.8183391 1.8544538 1.7872303 1.5764203 1.5707810 1.8075351 1.7819412 1.5991210 1.5949387 1.7144357 1.7961904 1.8598893 0.8163645 1.8380694 1.8430686 1.8448410 1.7931193 1.7579452 1.7557311 1.7197738 1.7274903 1.7171973 1.7777990 1.7154176 1.7674330 1.7777990 1.7210451 1.7247569 1.7199673 1.7554938 1.7624148 1.7644383 1.7524714 1.7398415 1.7648808 1.8118429 
GQ179646_-_replicase_CDS                                                         1.6692597 1.6186163 1.6668894 1.6787910 1.7688403 1.5349720 1.7632163 1.7119940 1.7825921 1.7197059 1.7811525 1.7558464 1.7369116 1.6891001 1.7946947 1.7723542 1.7768131 1.7791066 1.7751068 1.7401349 1.7792419 1.7913412 1.7767839 1.7776011 1.7135139 1.7774451 1.7765486 1.7409716 1.7849986 1.7819718 0.9158886 0.8774970 1.7637169 0.0614636 0.0397774 0.0000000 0.0565874 0.3238854 0.0622304 1.7612018 1.7715185 1.7819126 1.8521644 1.8462955 1.8126883 1.7089328 1.7746247 1.8576498 1.8385225 1.6830686 1.7237321 1.7493582 1.7437238 1.7696489 1.7956728 1.7967498 1.7932951 1.7998465 1.7935425 1.8309188 1.7949735 1.5766000 1.5696505 1.7901358 1.7979887 1.6124559 1.6042249 1.7282931 1.7992240 1.8496287 0.8197167 1.8423355 1.8513393 1.8512398 1.7533100 1.7368863 1.7347011 1.6912411 1.6930294 1.6903960 1.7401545 1.6707459 1.7296693 1.7401545 1.6948142 1.6984631 1.6936791 1.7259733 1.7371074 1.7391115 1.7230009 1.7120366 1.7223553 1.8093530 
GQ179647_-_replicase_CDS                                                         1.7358530 1.6655760 1.7083057 1.7205792 1.8048387 1.5526781 1.8164071 1.7415265 1.8107308 1.7466067 1.8092560 1.7861545 1.7793137 1.7223472 1.8155456 1.7999992 1.8047175 1.8058335 1.8048434 1.7700363 1.8076686 1.8223909 1.8030651 1.8059945 1.7468753 1.8040943 1.8066888 1.7834257 1.8131900 1.8087986 0.9453185 0.8950924 1.8054462 0.0401201 0.0819293 0.0565874 0.0000000 0.3310938 0.0689238 1.7908026 1.7991870 1.8117579 1.8898124 1.8702783 1.8406957 1.7363828 1.8035930 1.8926091 1.8650849 1.7228675 1.7661265 1.7794649 1.7733957 1.7895718 1.8248123 1.8277709 1.8260099 1.8290584 1.8265911 1.8629856 1.8364489 1.5956569 1.5903868 1.8598874 1.8128429 1.6413244 1.6336147 1.7564467 1.8657099 1.9123502 0.8238486 1.8494563 1.8599765 1.8576462 1.7945626 1.7782415 1.7759997 1.7343190 1.7360243 1.7254359 1.7817201 1.7300114 1.7711438 1.7817201 1.7417957 1.7414880 1.7383549 1.7732612 1.7779761 1.7832071 1.7702088 1.7534162 1.7662923 1.8464887 
LC107515_-_RdRp_CDS                                                              1.7113546 1.6345994 1.6985483 1.7018543 1.6997018 1.5027034 1.7221734 1.6674423 1.7054883 1.6774602 1.7041459 1.6899770 1.7007332 1.6018314 1.7267488 1.7060957 1.7188654 1.7069655 1.6941430 1.7062132 1.7446707 1.7053534 1.7456765 1.7430701 1.6471006 1.7024919 1.7115088 1.7031256 1.7079745 1.7087427 0.9197585 0.8047791 1.7083542 0.3200799 0.3144664 0.3238854 0.3310938 0.0000000 0.3181459 1.6845565 1.7054477 1.7296249 1.8651086 1.8537968 1.7511398 1.6606061 1.7178805 1.7970228 1.7722233 1.6371815 1.6308037 1.6637977 1.6688220 1.6721344 1.7191645 1.7082390 1.7111998 1.7213878 1.7208127 1.7684323 1.8198528 1.5763959 1.5698525 1.8029892 1.7990829 1.6019481 1.5950607 1.7343799 1.8125051 1.7891548 0.8314383 1.7614700 1.8014922 1.7955015 1.7777520 1.7656750 1.7634425 1.7204625 1.7271822 1.7154116 1.7690468 1.7395406 1.7710829 1.7690468 1.7219583 1.7241365 1.7203732 1.7622648 1.7721045 1.7745599 1.7592201 1.7492634 1.7680977 1.7915229 
MH423501_-_replicase_CDS                                                         1.6977718 1.6270820 1.6599088 1.6717470 1.7390521 1.5136092 1.7184772 1.6594995 1.7163971 1.6522561 1.7172053 1.6953251 1.6897554 1.6218613 1.7354579 1.7267603 1.7312811 1.7004253 1.7058332 1.6915085 1.7231518 1.7116722 1.7210479 1.7215826 1.6633852 1.6989929 1.7120752 1.6937454 1.7169137 1.7029927 0.9261681 0.8798472 1.6971556 0.0546132 0.0559585 0.0622304 0.0689238 0.3181459 0.0000000 1.6924919 1.7258907 1.7447547 1.8399155 1.8233589 1.7592149 1.6565422 1.7172139 1.8024104 1.8089653 1.6563644 1.6950712 1.7321075 1.7263425 1.7327918 1.7630961 1.7614742 1.7585016 1.7689848 1.7587752 1.7978490 1.7718998 1.5550286 1.5497870 1.8070515 1.7663920 1.5898030 1.5742079 1.6971363 1.8161867 1.8334136 0.8179790 1.8071170 1.8175953 1.8144749 1.7476525 1.7350354 1.7328555 1.6896234 1.6951398 1.6954136 1.7472847 1.6977535 1.7431243 1.7472847 1.6956200 1.6972986 1.6922521 1.7315561 1.7403127 1.7423164 1.7285784 1.7169959 1.7316342 1.8152389 
