95
MG210801_-_RdRp_CDS                                                              0.0000000 1.9537914 1.9282113 1.9478156 1.9539142 1.5541088 2.0918017 0.6215500 0.6550217 0.6377741 0.6546521 0.6492681 0.6482066 0.6168677 0.6579061 0.6516764 0.6473398 0.6621715 0.6541345 0.6406072 0.6640416 0.6589265 0.6638814 0.6649226 0.6267028 0.6602744 0.6591434 0.6482900 0.6593459 0.6632914 1.8317427 2.0791780 0.6666014 1.7419630 1.7162515 1.6693916 1.7359885 1.7114651 1.6979131 0.6476303 0.6474669 0.6520886 0.6482965 0.6439837 0.6594180 0.6230272 0.6487770 0.6829543 0.6825453 0.6306522 0.6501481 0.6579977 0.6622257 0.6481758 0.6808923 0.6825088 0.6792237 0.6769550 0.6768520 0.6803498 0.6002334 0.4871002 0.4809493 0.6006035 0.5740106 0.5006565 0.5019861 0.5452558 0.5956869 0.5937680 1.8650906 0.8733008 0.8608244 0.8706920 0.0209456 0.0153856 0.0153856 0.0081736 0.0078612 0.0084466 0.0142686 0.0153712 0.0153712 0.0142686 0.0087209 0.0087139 0.0087248 0.0134878 0.0143156 0.0143156 0.0143119 0.0132155 0.0129829 0.0195339 2.1037757 
AY800279_-_viral_replicase_CDS                                                   1.9537914 0.0000000 0.4002119 0.3933328 0.3650473 1.1794669 0.3642930 1.7389008 1.7671942 1.7370993 1.7699489 1.7318871 1.7502904 1.6829434 1.7556011 1.7870596 1.7803951 1.7578674 1.7544414 1.7421190 1.7670806 1.7617466 1.7686845 1.7693814 1.6925870 1.7596263 1.7819902 1.7510051 1.7678135 1.7579092 1.8723305 1.9102804 1.7388778 1.6367566 1.6485220 1.6186035 1.6655550 1.6345668 1.6270652 1.7545235 1.7869640 1.8096415 1.8032392 1.7941271 1.8209716 1.7286196 1.7579339 1.8560135 1.6550412 1.5138670 1.5556689 1.5957899 1.6016311 1.5667381 1.6211673 1.6332047 1.6313636 1.6213595 1.6160250 1.6370265 1.8773769 1.6250232 1.6178954 1.8606006 1.8251249 1.6034126 1.6203100 1.7588317 1.8239934 1.7918930 1.6541018 1.8507491 1.8275491 1.8110147 1.8466366 1.8149749 1.8142712 1.7675713 1.7746414 1.7755761 1.8173379 1.9811381 1.8336895 1.8173379 1.7827086 1.7848913 1.7781968 1.8138621 1.8193466 1.8193466 1.8212171 1.8126955 1.8020373 1.8307698 1.8327267 
KT717325_-_RdRP_CDS                                                              1.9282113 0.4002119 0.0000000 0.0133283 0.3861996 1.1812612 0.4250689 1.7742711 1.8450271 1.7789265 1.8478985 1.8106163 1.8032372 1.7560273 1.8000164 1.8226224 1.8188374 1.8179296 1.8378043 1.7920443 1.8064814 1.8424968 1.8081321 1.8088321 1.7551347 1.8204501 1.8447066 1.7993732 1.8494900 1.8162119 1.8947132 1.9797309 1.8427644 1.7268803 1.6805417 1.6668756 1.7082804 1.6984965 1.6598859 1.8352911 1.8181238 1.8197616 1.8515727 1.8660067 1.8649026 1.7461519 1.8045984 1.9097111 1.6846725 1.5846666 1.6143925 1.6172159 1.6202519 1.6285737 1.6426712 1.6609131 1.6554434 1.6446996 1.6347009 1.6916975 1.8881064 1.6316086 1.6331322 1.8699355 1.7996827 1.6214343 1.6224409 1.7344070 1.8274419 1.8626960 1.7312212 1.9357534 1.9374436 1.9284850 1.8417740 1.8350677 1.8321852 1.7899219 1.7868062 1.8003743 1.8486477 1.9565654 1.8485115 1.8486477 1.7718284 1.7807332 1.7657918 1.8334894 1.8487772 1.8487772 1.8480368 1.8301950 1.8290828 1.8361876 1.8044141 
KU159093_-_RNA-dependent_RNA_polymerase_CDS                                      1.9478156 0.3933328 0.0133283 0.0000000 0.3783293 1.1792819 0.4190476 1.7703658 1.8357829 1.7698902 1.8386389 1.8039964 1.7966211 1.7521525 1.7934793 1.8159828 1.8125266 1.8088788 1.8286420 1.7878993 1.8043366 1.8360564 1.8059845 1.8066841 1.7489526 1.8114009 1.8400889 1.7927862 1.8402144 1.8071543 1.8775586 1.9929543 1.8313025 1.7410245 1.6961601 1.6787704 1.7205467 1.7017963 1.6717171 1.8264459 1.8114931 1.8131334 1.8729102 1.8878146 1.8543364 1.7423339 1.7983514 1.9074399 1.6701964 1.5809450 1.6112406 1.6073268 1.6103694 1.6235523 1.6309511 1.6488078 1.6433660 1.6329701 1.6185129 1.6811770 1.8842012 1.6305744 1.6320938 1.8771748 1.8035601 1.6267482 1.6236121 1.7341199 1.8278293 1.8683137 1.7587152 1.9187166 1.9270116 1.9147832 1.8554726 1.8447287 1.8418281 1.8076240 1.8044229 1.8182408 1.8583892 1.9666791 1.8561488 1.8583892 1.7869571 1.7959600 1.7808696 1.8410601 1.8564403 1.8564403 1.8556910 1.8377509 1.8342529 1.8543694 1.7858834 
KU697313_-_RNA-dependent_RNA_polymerase_CDS                                      1.9539142 0.3650473 0.3861996 0.3783293 0.0000000 1.0543854 0.3956971 1.6381689 1.7221731 1.6762564 1.7248200 1.6566521 1.6640665 1.5963896 1.6860121 1.7174126 1.7028150 1.7055458 1.7191705 1.6496318 1.6932069 1.6755222 1.6927285 1.6953635 1.6226719 1.7080616 1.6965551 1.6648160 1.7261929 1.7037647 1.7824000 2.0575326 1.6298100 1.7996222 1.7668517 1.7687795 1.8047721 1.6996262 1.7389902 1.7195197 1.7138522 1.7247149 1.7699215 1.7705877 1.7462950 1.6286507 1.6899083 1.7556968 1.7008486 1.6058819 1.6514560 1.6419678 1.6525731 1.6130785 1.6876296 1.6932865 1.6864682 1.6868551 1.6868544 1.6892447 1.8819834 1.6564423 1.6478543 1.8960367 1.8214772 1.6450901 1.6523464 1.7669320 1.8669582 1.8492965 1.7751544 1.9000072 1.8740425 1.8807339 1.8376035 1.8179341 1.8150909 1.7581806 1.7579814 1.7535031 1.8249606 1.9719362 1.8285598 1.8249606 1.7486820 1.7533954 1.7469849 1.8137625 1.8094618 1.8094618 1.8087673 1.8112071 1.7933461 1.8287866 1.8489843 
LC107517_-_RdRp_CDS                                                              1.5541088 1.1794669 1.1812612 1.1792819 1.0543854 0.0000000 1.1639115 1.4543586 1.4921845 1.4421195 1.4944690 1.4693942 1.4680678 1.4261464 1.4889717 1.5041545 1.5043423 1.4941177 1.4945063 1.4645037 1.4877358 1.4968195 1.4889282 1.4895514 1.4323617 1.4969308 1.4870228 1.4722032 1.4930779 1.4937429 1.6220518 1.7236697 1.4188638 1.5426623 1.5407293 1.5350368 1.5527463 1.5027523 1.5136766 1.4892679 1.5026284 1.5175250 1.5410108 1.5637792 1.5145228 1.4337069 1.4819561 1.5235168 1.4881121 1.4244392 1.4165550 1.4135250 1.4255555 1.4290981 1.4395685 1.4516764 1.4473713 1.4401786 1.4605705 1.4993216 1.6534682 1.4690259 1.4512650 1.6567961 1.6381296 1.4683972 1.4712008 1.5875793 1.6325076 1.6212593 1.5510905 1.6054351 1.5855422 1.5999087 1.5963471 1.5684807 1.5678450 1.5366619 1.5406454 1.5377184 1.5953975 1.6065607 1.5862088 1.5953975 1.5396468 1.5431763 1.5436367 1.5729352 1.5761908 1.5761908 1.5809243 1.5729352 1.5626181 1.5840873 1.7646572 
LC155795_-_RdRp_CDS                                                              2.0918017 0.3642930 0.4250689 0.4190476 0.3956971 1.1639115 0.0000000 1.6918625 1.7065887 1.6865126 1.7092667 1.7232454 1.7565815 1.6778636 1.7667551 1.7479410 1.7373242 1.7405907 1.7130384 1.7130514 1.7429301 1.7565812 1.7442075 1.7469284 1.6943482 1.7465289 1.7713201 1.7572154 1.7083683 1.7328737 1.8712945 1.9068000 1.7544518 1.7878304 1.7603835 1.7631928 1.8163738 1.7221500 1.7184550 1.7050456 1.7428095 1.7525912 1.8671078 1.8879806 1.7723144 1.6942710 1.7377542 1.8067274 1.6884952 1.6110480 1.6326308 1.6565683 1.6716963 1.6272118 1.6659885 1.6714565 1.6648635 1.6640432 1.6708498 1.6538414 1.9410950 1.6614108 1.6632960 1.9311184 1.8618137 1.6818533 1.6972115 1.8143695 1.8475858 1.9226728 1.6823939 1.8915731 1.8736555 1.8923022 1.9600657 1.9521105 1.9493436 1.8940015 1.8924303 1.8693139 1.9518925 2.1147473 1.9497717 1.9518925 1.8818042 1.8882270 1.8776737 1.9400528 1.9381368 1.9381368 1.9400668 1.9388549 1.9310824 1.9317857 1.8914183 
Hylocereus_undatus_SRR11603187__NC_002815_-_RNA-dependent_RNA_polymerase_CDS     0.6215500 1.7389008 1.7742711 1.7703658 1.6381689 1.4543586 1.6918625 0.0000000 0.0316082 0.0234476 0.0316012 0.0079570 0.0107840 0.0032316 0.0139309 0.0002247 0.0000010 0.0315850 0.0317357 0.0052208 0.0187491 0.0185699 0.0185294 0.0185205 0.0055223 0.0317762 0.0093087 0.0107717 0.0318404 0.0316204 1.8705320 2.0219591 0.0164668 1.7390332 1.7359570 1.7120436 1.7415673 1.6674670 1.6595544 0.0293997 0.0002248 0.0000010 0.3213274 0.3230497 0.0079039 0.0041142 0.0111492 0.0186011 0.4556216 0.4182837 0.4312945 0.4390250 0.4431057 0.4406404 0.4477036 0.4491312 0.4451469 0.4482281 0.4460844 0.4526493 0.6701923 0.5689940 0.5645187 0.6661252 0.6553538 0.5782784 0.5830458 0.6316713 0.6723671 0.6604522 1.6773118 0.8343811 0.8280968 0.8316710 0.5902623 0.5913108 0.5913108 0.5714168 0.5743381 0.5689646 0.5837504 0.6266556 0.5892256 0.5837504 0.5747677 0.5750240 0.5737192 0.5935621 0.5911131 0.5911131 0.5932507 0.5931394 0.5875351 0.5870990 1.8101546 
Schlumbergera_truncata_15H04_sty__NC_002815_-_RNA-dependent_RNA_polymerase_CDS   0.6550217 1.7671942 1.8450271 1.8357829 1.7221731 1.4921845 1.7065887 0.0316082 0.0000000 0.0063249 0.0000010 0.0341036 0.0376072 0.0276691 0.0409262 0.0454181 0.0446667 0.0192705 0.0017545 0.0337771 0.0438787 0.0434666 0.0438999 0.0438787 0.0298370 0.0192705 0.0375168 0.0380355 0.0000010 0.0192705 1.9463746 2.0947188 0.0349952 1.8035807 1.8111691 1.7826372 1.8107702 1.7055099 1.7164472 0.0015404 0.0452076 0.0448984 0.3442650 0.3468451 0.0456497 0.0310278 0.0387746 0.0501583 0.4816169 0.4401104 0.4536838 0.4630481 0.4661929 0.4627070 0.4699320 0.4703604 0.4670495 0.4697553 0.4690633 0.4729936 0.7128773 0.6086754 0.6036946 0.7156315 0.7013173 0.6164096 0.6181137 0.6716808 0.7144217 0.6917572 1.7392964 0.8792367 0.8730222 0.8814867 0.6203369 0.6227663 0.6223811 0.5985269 0.6012045 0.5971015 0.6095461 0.6590854 0.6188851 0.6095461 0.6046921 0.6045491 0.6031591 0.6213589 0.6202796 0.6202796 0.6224444 0.6209384 0.6162913 0.6179688 1.9295871 
Schlumbergera_truncata_19JSF_sty__NC_002815_-_RNA-dependent_RNA_polymerase_CDS   0.6377741 1.7370993 1.7789265 1.7698902 1.6762564 1.4421195 1.6865126 0.0234476 0.0063249 0.0000000 0.0063249 0.0261241 0.0286235 0.0196864 0.0315848 0.0367813 0.0355598 0.0102057 0.0056323 0.0250253 0.0343506 0.0341616 0.0343598 0.0343506 0.0219280 0.0102057 0.0291283 0.0290650 0.0063266 0.0102146 1.8682715 2.0036113 0.0274851 1.7440852 1.7398019 1.7197541 1.7466521 1.6774804 1.6523093 0.0036058 0.0365540 0.0360054 0.3263565 0.3276375 0.0370897 0.0226570 0.0301593 0.0411078 0.4524339 0.4129026 0.4256100 0.4349716 0.4376011 0.4368968 0.4385181 0.4396478 0.4363427 0.4383261 0.4381277 0.4454921 0.6852803 0.5836353 0.5784106 0.6847441 0.6712418 0.5922163 0.5986358 0.6475797 0.6868008 0.6616828 1.6771083 0.8525372 0.8476616 0.8563255 0.6004440 0.6039915 0.6036002 0.5809387 0.5828263 0.5781895 0.5923667 0.6439216 0.6019563 0.5923667 0.5869564 0.5872118 0.5854167 0.6037143 0.6017112 0.6017112 0.6038837 0.6032877 0.5984135 0.5986827 1.8348338 
Schlumbergera_truncata_15H04_pol__NC_002815_-_RNA-dependent_RNA_polymerase_CDS   0.6546521 1.7699489 1.8478985 1.8386389 1.7248200 1.4944690 1.7092667 0.0316012 0.0000010 0.0063249 0.0000000 0.0340962 0.0375989 0.0276629 0.0409172 0.0454081 0.0446569 0.0192665 0.0017541 0.0337697 0.0438691 0.0434571 0.0438903 0.0438691 0.0298304 0.0192665 0.0375087 0.0380271 0.0000010 0.0192665 1.9447211 2.0977926 0.0349952 1.8021170 1.8096930 1.7811981 1.8092959 1.7041680 1.7172561 0.0015400 0.0451976 0.0448885 0.3448234 0.3474063 0.0456397 0.0310209 0.0387662 0.0501472 0.4814259 0.4399338 0.4534985 0.4628644 0.4660076 0.4625229 0.4697458 0.4701748 0.4668653 0.4695690 0.4688777 0.4728066 0.7138791 0.6096290 0.6046443 0.7166295 0.7023084 0.6173669 0.6190697 0.6726627 0.7154177 0.6927288 1.7417675 0.8787778 0.8725682 0.8810260 0.6200622 0.6224897 0.6221047 0.5982611 0.6009378 0.5968363 0.6092777 0.6587253 0.6186111 0.6092777 0.6044219 0.6042791 0.6028897 0.6210830 0.6200039 0.6200039 0.6221675 0.6206626 0.6160173 0.6176955 1.9322535 
Hylocereus_polyrhizus_SRR11190796__NC_002815_-_RNA-dependent_RNA_polymerase_CDS  0.6492681 1.7318871 1.8106163 1.8039964 1.6566521 1.4693942 1.7232454 0.0079570 0.0341036 0.0261241 0.0340962 0.0000000 0.0103568 0.0027306 0.0136704 0.0245535 0.0229181 0.0359612 0.0342225 0.0037974 0.0179416 0.0225816 0.0179462 0.0179416 0.0000010 0.0361438 0.0077829 0.0105701 0.0343320 0.0360174 1.9105154 2.0647910 0.0201032 1.7870000 1.7843028 1.7558802 1.7861797 1.6899941 1.6953631 0.0319300 0.0245760 0.0243169 0.3342123 0.3340680 0.0241835 0.0024822 0.0111823 0.0193951 0.4676199 0.4321687 0.4435114 0.4532296 0.4571532 0.4549320 0.4592283 0.4598268 0.4565371 0.4590475 0.4579565 0.4645335 0.6947687 0.5907893 0.5856253 0.6974303 0.6818655 0.6005370 0.6036721 0.6552923 0.6965136 0.6778439 1.7066579 0.8586661 0.8553252 0.8592433 0.6155343 0.6164497 0.6160645 0.5962513 0.5982424 0.5934786 0.6103036 0.6511404 0.6138960 0.6103036 0.5968849 0.5967444 0.5960678 0.6181839 0.6168723 0.6168723 0.6190327 0.6177631 0.6127418 0.6135995 1.8655547 
Hylocereus_polyrhizus_SRR11190801__NC_002815_-_RNA-dependent_RNA_polymerase_CDS  0.6482066 1.7502904 1.8032372 1.7966211 1.6640665 1.4680678 1.7565815 0.0107840 0.0376072 0.0286235 0.0375989 0.0103568 0.0000000 0.0057382 0.0048983 0.0265634 0.0246733 0.0375399 0.0377052 0.0049426 0.0086843 0.0233991 0.0084595 0.0084595 0.0013561 0.0377213 0.0107570 0.0000010 0.0378725 0.0376071 1.9160158 2.0478825 0.0216472 1.7733477 1.7564331 1.7369523 1.7793460 1.7007488 1.6898005 0.0356330 0.0265879 0.0263186 0.3362091 0.3377739 0.0268903 0.0011285 0.0035629 0.0241509 0.4677454 0.4305157 0.4425044 0.4485744 0.4524808 0.4513642 0.4567766 0.4571812 0.4532289 0.4565943 0.4551632 0.4598902 0.6872944 0.5773132 0.5724415 0.6821673 0.6674586 0.5895390 0.5919438 0.6418525 0.6800505 0.6661230 1.6809735 0.8532121 0.8494866 0.8525123 0.6140750 0.6168183 0.6164314 0.5974292 0.5981512 0.5919551 0.6082770 0.6530216 0.6143147 0.6082770 0.5977984 0.5980474 0.5960193 0.6169135 0.6158900 0.6158900 0.6180584 0.6164911 0.6120335 0.6106868 1.8768080 
Hylocereus_undatus_SRR11190792__NC_002815_-_RNA-dependent_RNA_polymerase_CDS     0.6168677 1.6829434 1.7560273 1.7521525 1.5963896 1.4261464 1.6778636 0.0032316 0.0276691 0.0196864 0.0276629 0.0027306 0.0057382 0.0000000 0.0082227 0.0166391 0.0152247 0.0268939 0.0278036 0.0006814 0.0125865 0.0002254 0.0128187 0.0128153 0.0002299 0.0270914 0.0040861 0.0057319 0.0279019 0.0269426 1.8285685 1.9774254 0.0110670 1.7189197 1.7078489 1.6891435 1.7223869 1.6018556 1.6219081 0.0257018 0.0166546 0.0168732 0.3135699 0.3156779 0.0175005 0.0000010 0.0066108 0.0107666 0.4404049 0.4071476 0.4177092 0.4269075 0.4307883 0.4286476 0.4323353 0.4328391 0.4302275 0.4319692 0.4303210 0.4386533 0.6573402 0.5586306 0.5543657 0.6590895 0.6452437 0.5684095 0.5720619 0.6198471 0.6543421 0.6380733 1.6431234 0.8169599 0.8132228 0.8168328 0.5843959 0.5842829 0.5842829 0.5648556 0.5674006 0.5632204 0.5778550 0.6223786 0.5831023 0.5778550 0.5668152 0.5666814 0.5653042 0.5864073 0.5847741 0.5847741 0.5869146 0.5859831 0.5820101 0.5800784 1.7949381 
Hylocereus_undatus_SRR11603182__NC_002815_-_RNA-dependent_RNA_polymerase_CDS     0.6579061 1.7556011 1.8000164 1.7934793 1.6860121 1.4889717 1.7667551 0.0139309 0.0409262 0.0315848 0.0409172 0.0136704 0.0048983 0.0082227 0.0000000 0.0293615 0.0281881 0.0406330 0.0407734 0.0075987 0.0124036 0.0259728 0.0119601 0.0121790 0.0038244 0.0408097 0.0149620 0.0051155 0.0411933 0.0406873 1.9663552 2.1181751 0.0232006 1.8169648 1.8120508 1.7947302 1.8155730 1.7267604 1.7354979 0.0387081 0.0293884 0.0291379 0.3476709 0.3492606 0.0296695 0.0004471 0.0070868 0.0276644 0.4824304 0.4392997 0.4523058 0.4622910 0.4662399 0.4666020 0.4685950 0.4683758 0.4650762 0.4684181 0.4669601 0.4736110 0.7075497 0.5977674 0.5928477 0.7084326 0.6920319 0.6109854 0.6113816 0.6658802 0.7059434 0.6890299 1.7218135 0.8651901 0.8639968 0.8650745 0.6242395 0.6266189 0.6262343 0.6054905 0.6071271 0.6011962 0.6180444 0.6629995 0.6240289 0.6180444 0.6062546 0.6061116 0.6047245 0.6267226 0.6257059 0.6257059 0.6278754 0.6263022 0.6227651 0.6204573 1.9090385 
Hylocereus_undatus_SRR11603186__NC_002815_-_RNA-dependent_RNA_polymerase_CDS     0.6516764 1.7870596 1.8226224 1.8159828 1.7174126 1.5041545 1.7479410 0.0002247 0.0454181 0.0367813 0.0454081 0.0245535 0.0265634 0.0166391 0.0293615 0.0000000 0.0010999 0.0456190 0.0457309 0.0215964 0.0334688 0.0326109 0.0332485 0.0332327 0.0200002 0.0457904 0.0253617 0.0269919 0.0456911 0.0454373 1.9054534 2.0687586 0.0287746 1.8012481 1.8036658 1.7723967 1.8000335 1.7061211 1.7268061 0.0434163 0.0000010 0.0010997 0.3377785 0.3394023 0.0128852 0.0195109 0.0265373 0.0388801 0.4746993 0.4368107 0.4495093 0.4594405 0.4639015 0.4599896 0.4678476 0.4671704 0.4644992 0.4676707 0.4647018 0.4712574 0.7091609 0.6017344 0.5967936 0.7037932 0.6941739 0.6146935 0.6153319 0.6690788 0.7117097 0.6986356 1.7121682 0.8636840 0.8544376 0.8575606 0.6226990 0.6238111 0.6229850 0.6023251 0.6056045 0.5989836 0.6137277 0.6598258 0.6204873 0.6137277 0.6063327 0.6061896 0.6055155 0.6252793 0.6221656 0.6221656 0.6243279 0.6248589 0.6190121 0.6170137 1.8869910 
Hylocereus_undatus_SRR11603189__NC_002815_-_RNA-dependent_RNA_polymerase_CDS     0.6473398 1.7803951 1.8188374 1.8125266 1.7028150 1.5043423 1.7373242 0.0000010 0.0446667 0.0355598 0.0446569 0.0229181 0.0246733 0.0152247 0.0281881 0.0010999 0.0000000 0.0448781 0.0444977 0.0197408 0.0327592 0.0316748 0.0325390 0.0325235 0.0185885 0.0450504 0.0242047 0.0251029 0.0449387 0.0449282 1.9331503 2.0665632 0.0290078 1.8095113 1.8053545 1.7768560 1.8047521 1.7188911 1.7313285 0.0421773 0.0011012 0.0004398 0.3400029 0.3403102 0.0124319 0.0178576 0.0251341 0.0369684 0.4789579 0.4399020 0.4518635 0.4636938 0.4678149 0.4635045 0.4721988 0.4715448 0.4682896 0.4720237 0.4697497 0.4750007 0.7084184 0.6021661 0.5976356 0.7036792 0.6935680 0.6150844 0.6181049 0.6699433 0.7123881 0.7002752 1.7240340 0.8673846 0.8588651 0.8627510 0.6182527 0.6195302 0.6187082 0.5982054 0.6014810 0.5945946 0.6096298 0.6537902 0.6161211 0.6096298 0.6029590 0.6034464 0.6021442 0.6208065 0.6180916 0.6180916 0.6202441 0.6203871 0.6145584 0.6137021 1.8805863 
Schlumbergera_truncata_15H03_sty__NC_002815_a_-_RNA-dependent_RNA_polymerase_CDS 0.6621715 1.7578674 1.8179296 1.8088788 1.7055458 1.4941177 1.7405907 0.0315850 0.0192705 0.0102057 0.0192665 0.0359612 0.0375399 0.0268939 0.0406330 0.0456190 0.0448781 0.0000000 0.0185270 0.0339634 0.0435580 0.0426622 0.0433374 0.0433165 0.0302709 0.0000010 0.0386447 0.0379675 0.0192755 0.0000010 1.9294292 2.1064337 0.0362677 1.8067362 1.7952824 1.7791425 1.8058672 1.7069811 1.7004677 0.0169851 0.0454187 0.0446246 0.3429569 0.3432559 0.0455775 0.0307562 0.0397001 0.0518385 0.4792646 0.4371964 0.4498447 0.4608986 0.4641189 0.4623922 0.4672573 0.4684406 0.4651450 0.4670802 0.4680443 0.4720305 0.6990174 0.6010990 0.5961740 0.7022084 0.6895868 0.6094607 0.6143510 0.6647397 0.7050674 0.6833199 1.7350176 0.8792142 0.8730159 0.8814583 0.6230154 0.6264764 0.6260923 0.6048698 0.6056907 0.6018570 0.6147487 0.6684610 0.6240060 0.6147487 0.6085275 0.6083839 0.6069951 0.6278079 0.6254235 0.6254235 0.6275903 0.6273880 0.6231078 0.6218415 1.9390623 
Schlumbergera_truncata_15H06_pol__NC_002815_-_RNA-dependent_RNA_polymerase_CDS   0.6541345 1.7544414 1.8378043 1.8286420 1.7191705 1.4945063 1.7130384 0.0317357 0.0017545 0.0056323 0.0017541 0.0342225 0.0377052 0.0278036 0.0407734 0.0457309 0.0444977 0.0185270 0.0000000 0.0338883 0.0437150 0.0433043 0.0437361 0.0437150 0.0297307 0.0187351 0.0376150 0.0381319 0.0017549 0.0185509 1.9404338 2.0856057 0.0349982 1.7933945 1.7990300 1.7751531 1.8048840 1.6941659 1.7058834 0.0000010 0.0455212 0.0452125 0.3399577 0.3429681 0.0457082 0.0311497 0.0386301 0.0504907 0.4769449 0.4370785 0.4497794 0.4595183 0.4632729 0.4607949 0.4658658 0.4663092 0.4630203 0.4656883 0.4650085 0.4689168 0.7071057 0.6036617 0.5987226 0.7089253 0.6956989 0.6123516 0.6144370 0.6676643 0.7087193 0.6900731 1.7265317 0.8748177 0.8695721 0.8779697 0.6189604 0.6213737 0.6209904 0.5972580 0.5999234 0.5958400 0.6082323 0.6598391 0.6175164 0.6082323 0.6033840 0.6032420 0.6018595 0.6199733 0.6188986 0.6188986 0.6210512 0.6195549 0.6149303 0.6166061 1.9141441 
Hylocereus_polyrhizus_SRR11190802__NC_002815_-_RNA-dependent_RNA_polymerase_CDS  0.6406072 1.7421190 1.7920443 1.7878993 1.6496318 1.4645037 1.7130514 0.0052208 0.0337771 0.0250253 0.0337697 0.0037974 0.0049426 0.0006814 0.0075987 0.0215964 0.0197408 0.0339634 0.0338883 0.0000000 0.0118506 0.0201352 0.0118506 0.0118506 0.0009008 0.0341491 0.0064653 0.0049361 0.0340381 0.0340241 1.8992031 2.0566191 0.0167880 1.7670918 1.7647615 1.7401739 1.7700658 1.7062302 1.6915513 0.0315943 0.0216267 0.0215985 0.3297142 0.3309839 0.0217176 0.0002243 0.0055705 0.0134853 0.4651795 0.4288551 0.4410757 0.4488263 0.4527372 0.4511968 0.4575217 0.4583034 0.4542999 0.4573397 0.4565966 0.4613346 0.6812812 0.5819039 0.5770340 0.6769538 0.6682075 0.5906422 0.5920451 0.6427290 0.6798058 0.6662065 1.6813523 0.8522633 0.8499113 0.8534197 0.6099719 0.6127451 0.6123595 0.5923121 0.5945904 0.5884740 0.6049360 0.6442337 0.6101914 0.6049360 0.5927628 0.5926233 0.5909980 0.6135124 0.6124468 0.6124468 0.6146031 0.6130916 0.6086043 0.6079136 1.8373504 
Hylocereus_undatus_SRR11190791__NC_002815_-_RNA-dependent_RNA_polymerase_CDS     0.6640416 1.7670806 1.8064814 1.8043366 1.6932069 1.4877358 1.7429301 0.0187491 0.0438787 0.0343506 0.0438691 0.0179416 0.0086843 0.0125865 0.0124036 0.0334688 0.0327592 0.0435580 0.0437150 0.0118506 0.0000000 0.0305175 0.0000010 0.0000010 0.0083358 0.0437305 0.0187613 0.0088952 0.0441480 0.0436356 1.9574112 2.0979604 0.0268384 1.8067183 1.7995597 1.7792838 1.8077030 1.7446913 1.7231987 0.0414207 0.0334995 0.0339524 0.3483312 0.3484831 0.0346854 0.0076493 0.0108600 0.0327033 0.4800706 0.4420936 0.4540679 0.4658812 0.4698309 0.4649012 0.4696704 0.4694437 0.4661528 0.4694946 0.4676022 0.4741102 0.7156519 0.6045792 0.5996498 0.7161195 0.6973529 0.6171633 0.6185362 0.6725238 0.7142243 0.6937019 1.7085277 0.8705875 0.8658931 0.8687999 0.6306595 0.6335043 0.6331201 0.6135146 0.6148514 0.6093040 0.6268658 0.6725168 0.6323144 0.6268658 0.6132285 0.6124049 0.6103197 0.6351294 0.6338079 0.6338079 0.6359869 0.6347090 0.6286574 0.6268610 1.9193249 
Hylocereus_undatus_SRR11190793__NC_002815_-_RNA-dependent_RNA_polymerase_CDS     0.6589265 1.7617466 1.8424968 1.8360564 1.6755222 1.4968195 1.7565812 0.0185699 0.0434666 0.0341616 0.0434571 0.0225816 0.0233991 0.0002254 0.0259728 0.0326109 0.0316748 0.0426622 0.0433043 0.0201352 0.0305175 0.0000000 0.0305313 0.0307513 0.0168800 0.0428360 0.0226862 0.0238273 0.0437359 0.0427382 1.9585238 2.1059530 0.0251446 1.8190375 1.8025488 1.7913872 1.8224316 1.7053774 1.7117179 0.0407654 0.0326408 0.0326173 0.3446935 0.3466944 0.0345320 0.0173478 0.0246010 0.0372728 0.4758006 0.4375269 0.4484721 0.4590900 0.4630140 0.4641789 0.4641756 0.4644075 0.4620127 0.4639976 0.4619291 0.4707452 0.7026563 0.5929493 0.5872645 0.7030211 0.6856500 0.6068472 0.6059721 0.6568649 0.6986526 0.6859322 1.7003603 0.8819164 0.8759751 0.8793005 0.6333237 0.6325657 0.6328648 0.6121542 0.6147559 0.6084016 0.6258822 0.6689919 0.6320689 0.6258822 0.6167186 0.6165725 0.6151776 0.6349414 0.6348877 0.6348877 0.6370696 0.6345210 0.6316817 0.6282001 1.9260591 
Hylocereus_undatus_SRR11190799__NC_002815_-_RNA-dependent_RNA_polymerase_CDS     0.6638814 1.7686845 1.8081321 1.8059845 1.6927285 1.4889282 1.7442075 0.0185294 0.0438999 0.0343598 0.0438903 0.0179462 0.0084595 0.0128187 0.0119601 0.0332485 0.0325390 0.0433374 0.0437361 0.0118506 0.0000010 0.0305313 0.0000000 0.0000010 0.0081105 0.0435102 0.0189935 0.0086706 0.0441694 0.0434146 1.9626995 2.1038837 0.0268455 1.8042278 1.7970741 1.7768258 1.8031001 1.7456970 1.7210952 0.0414406 0.0332790 0.0337247 0.3476616 0.3478129 0.0344663 0.0076509 0.0106357 0.0329545 0.4796920 0.4411515 0.4531072 0.4649427 0.4688895 0.4639617 0.4687343 0.4685119 0.4652221 0.4685580 0.4666685 0.4731746 0.7150936 0.6036006 0.5986718 0.7156828 0.6967934 0.6161833 0.6175595 0.6719592 0.7136646 0.6936471 1.7112835 0.8712195 0.8665187 0.8694300 0.6309629 0.6333630 0.6329787 0.6129763 0.6143149 0.6087641 0.6260445 0.6723665 0.6321729 0.6260445 0.6126887 0.6118649 0.6097789 0.6343033 0.6329817 0.6329817 0.6351603 0.6338827 0.6278304 0.6271598 1.9188095 
Hylocereus_undatus_SRR11190800__NC_002815_-_RNA-dependent_RNA_polymerase_CDS     0.6649226 1.7693814 1.8088321 1.8066841 1.6953635 1.4895514 1.7469284 0.0185205 0.0438787 0.0343506 0.0438691 0.0179416 0.0084595 0.0128153 0.0121790 0.0332327 0.0325235 0.0433165 0.0437150 0.0118506 0.0000010 0.0307513 0.0000010 0.0000000 0.0081105 0.0434893 0.0189846 0.0086706 0.0441480 0.0433936 1.9618927 2.1029149 0.0268298 1.8050467 1.7978937 1.7776430 1.8060289 1.7430907 1.7216296 0.0414207 0.0332631 0.0337159 0.3478812 0.3480327 0.0344500 0.0076493 0.0108572 0.0329388 0.4806311 0.4420936 0.4540679 0.4658812 0.4698309 0.4649012 0.4696704 0.4694437 0.4661528 0.4694946 0.4676022 0.4741102 0.7156519 0.6041675 0.5992381 0.7161195 0.6973529 0.6167518 0.6181262 0.6725238 0.7142243 0.6942001 1.7122917 0.8712408 0.8665422 0.8694521 0.6317860 0.6341880 0.6338038 0.6138057 0.6151425 0.6095928 0.6268658 0.6733752 0.6329965 0.6268658 0.6135202 0.6126961 0.6106098 0.6351294 0.6338079 0.6338079 0.6359869 0.6347090 0.6286574 0.6279813 1.9233524 
Hylocereus_polyrhizus_SRR11190797__NC_002815_-_RNA-dependent_RNA_polymerase_CDS  0.6267028 1.6925870 1.7551347 1.7489526 1.6226719 1.4323617 1.6943482 0.0055223 0.0298370 0.0219280 0.0298304 0.0000010 0.0013561 0.0002299 0.0038244 0.0200002 0.0185885 0.0302709 0.0297307 0.0009008 0.0083358 0.0168800 0.0081105 0.0081105 0.0000000 0.0304629 0.0045022 0.0015804 0.0300966 0.0303187 1.8559105 2.0029082 0.0141198 1.7478370 1.7361831 1.7135523 1.7469050 1.6471240 1.6634276 0.0278888 0.0200187 0.0197580 0.3225155 0.3229141 0.0198828 0.0000010 0.0026983 0.0164464 0.4514233 0.4168340 0.4287045 0.4375833 0.4414909 0.4387127 0.4417530 0.4420633 0.4387685 0.4415632 0.4406615 0.4458566 0.6661568 0.5659889 0.5608970 0.6685186 0.6539392 0.5787557 0.5783189 0.6279186 0.6683781 0.6505080 1.6473790 0.8295987 0.8273363 0.8315122 0.5922316 0.5940457 0.5936577 0.5745947 0.5762314 0.5709925 0.5867624 0.6294222 0.5916032 0.5867624 0.5735013 0.5733664 0.5726892 0.5954988 0.5935183 0.5935183 0.5956591 0.5950762 0.5896607 0.5896384 1.8151573 
Schlumbergera_truncata_15H03_pol__NC_002815_-_RNA-dependent_RNA_polymerase_CDS   0.6602744 1.7596263 1.8204501 1.8114009 1.7080616 1.4969308 1.7465289 0.0317762 0.0192705 0.0102057 0.0192665 0.0361438 0.0377213 0.0270914 0.0408097 0.0457904 0.0450504 0.0000010 0.0187351 0.0341491 0.0437305 0.0428360 0.0435102 0.0434893 0.0304629 0.0000000 0.0390681 0.0381482 0.0192755 0.0000010 1.9316283 2.1048672 0.0362677 1.8049948 1.7935722 1.7774800 1.8041269 1.7025069 1.6990344 0.0171947 0.0455906 0.0447971 0.3434060 0.3432407 0.0459816 0.0309478 0.0398780 0.0519906 0.4789246 0.4365876 0.4491969 0.4604247 0.4634555 0.4615639 0.4676922 0.4688720 0.4655817 0.4675156 0.4684777 0.4717081 0.6981297 0.6004433 0.5955317 0.7013080 0.6887170 0.6087833 0.6136614 0.6639252 0.7041593 0.6824760 1.7338979 0.8777225 0.8705884 0.8789918 0.6216372 0.6250841 0.6247009 0.6035358 0.6043577 0.6005330 0.6140234 0.6666002 0.6226239 0.6140234 0.6071775 0.6070346 0.6056501 0.6264100 0.6240321 0.6240321 0.6261916 0.6259912 0.6217215 0.6204675 1.9340770 
Hylocereus_polyrhizus_SRR11190795__NC_002815_-_RNA-dependent_RNA_polymerase_CDS  0.6591434 1.7819902 1.8447066 1.8400889 1.6965551 1.4870228 1.7713201 0.0093087 0.0375168 0.0291283 0.0375087 0.0077829 0.0107570 0.0040861 0.0149620 0.0253617 0.0242047 0.0386447 0.0376150 0.0064653 0.0187613 0.0226862 0.0189935 0.0189846 0.0045022 0.0390681 0.0000000 0.0109665 0.0377798 0.0387134 1.9207477 2.0627380 0.0194507 1.7996020 1.8031935 1.7765875 1.8067177 1.7115205 1.7121163 0.0353265 0.0253848 0.0251282 0.3443425 0.3445396 0.0270496 0.0040487 0.0129313 0.0222796 0.4795434 0.4386508 0.4513258 0.4610368 0.4649719 0.4614206 0.4700939 0.4698681 0.4665735 0.4699181 0.4678011 0.4751627 0.7015124 0.5939957 0.5890924 0.7009518 0.6882086 0.6058861 0.6059349 0.6617967 0.6988728 0.6842233 1.7192622 0.8632772 0.8588531 0.8618678 0.6240522 0.6265176 0.6261335 0.6058258 0.6078017 0.6016109 0.6200349 0.6635997 0.6248257 0.6200349 0.6062291 0.6060862 0.6047008 0.6270246 0.6263472 0.6263472 0.6285154 0.6266046 0.6225144 0.6202754 1.8962933 
Hylocereus_polyrhizus_SRR11190798__NC_002815_-_RNA-dependent_RNA_polymerase_CDS  0.6482900 1.7510051 1.7993732 1.7927862 1.6648160 1.4722032 1.7572154 0.0107717 0.0380355 0.0290650 0.0380271 0.0105701 0.0000010 0.0057319 0.0051155 0.0269919 0.0251029 0.0379675 0.0381319 0.0049361 0.0088952 0.0238273 0.0086706 0.0086706 0.0015804 0.0381482 0.0109665 0.0000000 0.0383009 0.0380354 1.9239815 2.0496016 0.0219161 1.7774478 1.7605192 1.7410123 1.7834579 1.7031406 1.6937905 0.0360617 0.0270168 0.0267471 0.3365263 0.3380899 0.0270813 0.0011270 0.0037806 0.0241127 0.4688430 0.4310997 0.4430904 0.4505517 0.4544649 0.4533504 0.4578782 0.4582780 0.4543264 0.4576965 0.4562635 0.4609874 0.6890019 0.5790913 0.5742198 0.6847546 0.6691747 0.5905713 0.5929713 0.6428328 0.6817597 0.6660734 1.6816335 0.8527631 0.8489718 0.8519902 0.6142064 0.6169448 0.6165586 0.5978783 0.5985982 0.5921302 0.6084192 0.6530911 0.6144458 0.6084192 0.5979629 0.5982113 0.5961871 0.6173327 0.6160184 0.6160184 0.6181827 0.6169110 0.6121696 0.6108246 1.8789597 
Schlumbergera_truncata_15H04_pet__NC_002815_-_RNA-dependent_RNA_polymerase_CDS   0.6593459 1.7678135 1.8494900 1.8402144 1.7261929 1.4930779 1.7083683 0.0318404 0.0000010 0.0063266 0.0000010 0.0343320 0.0378725 0.0279019 0.0411933 0.0456911 0.0449387 0.0192755 0.0017549 0.0340381 0.0441480 0.0437359 0.0441694 0.0441480 0.0300966 0.0192755 0.0377798 0.0383009 0.0000000 0.0192755 1.9559616 2.1038384 0.0350350 1.8041608 1.8117560 1.7850428 1.8132286 1.7079962 1.7169630 0.0015407 0.0454805 0.0451706 0.3443941 0.3469754 0.0459216 0.0312886 0.0390394 0.0507043 0.4819988 0.4398843 0.4534596 0.4628342 0.4663832 0.4628962 0.4703045 0.4707316 0.4674180 0.4701278 0.4689053 0.4739562 0.7153183 0.6109686 0.6059759 0.7170905 0.7037514 0.6187158 0.6204176 0.6740760 0.7161744 0.6941382 1.7456514 0.8820065 0.8757710 0.8842644 0.6236371 0.6254453 0.6250595 0.6017787 0.6044593 0.6003491 0.6127984 0.6632848 0.6221804 0.6127984 0.6079797 0.6078355 0.6064406 0.6246708 0.6235909 0.6235909 0.6257642 0.6242494 0.6195932 0.6212584 1.9322375 
Schlumbergera_truncata_15H03_sty__NC_002815_b_-_RNA-dependent_RNA_polymerase_CDS 0.6632914 1.7579092 1.8162119 1.8071543 1.7037647 1.4937429 1.7328737 0.0316204 0.0192705 0.0102146 0.0192665 0.0360174 0.0376071 0.0269426 0.0406873 0.0454373 0.0449282 0.0000010 0.0185509 0.0340241 0.0436356 0.0427382 0.0434146 0.0433936 0.0303187 0.0000010 0.0387134 0.0380354 0.0192755 0.0000000 1.9362467 2.1096323 0.0362677 1.8097026 1.7982097 1.7820084 1.8088329 1.7087582 1.7030358 0.0170071 0.0452366 0.0444420 0.3438449 0.3441457 0.0454172 0.0307977 0.0397531 0.0519320 0.4806904 0.4379902 0.4510564 0.4621054 0.4655049 0.4637758 0.4686476 0.4698292 0.4665241 0.4684707 0.4694364 0.4734330 0.6995527 0.6014442 0.5965087 0.7025548 0.6901065 0.6098233 0.6147234 0.6652132 0.7056180 0.6838209 1.7446421 0.8815766 0.8753510 0.8838308 0.6237938 0.6272661 0.6268811 0.6056058 0.6064269 0.6025844 0.6155026 0.6695659 0.6247876 0.6155026 0.6092761 0.6091319 0.6077392 0.6286020 0.6262116 0.6262116 0.6283845 0.6281811 0.6238908 0.6226164 1.9483227 
KX196173_-_RdRp_CDS                                                              1.8317427 1.8723305 1.8947132 1.8775586 1.7824000 1.6220518 1.8712945 1.8705320 1.9463746 1.8682715 1.9447211 1.9105154 1.9160158 1.8285685 1.9663552 1.9054534 1.9331503 1.9294292 1.9404338 1.8992031 1.9574112 1.9585238 1.9626995 1.9618927 1.8559105 1.9316283 1.9207477 1.9239815 1.9559616 1.9362467 0.0000000 0.7758495 1.8658280 0.9257690 0.9216409 0.9159611 0.9453937 0.9198304 0.9262456 1.9169014 1.9047950 1.9283559 1.9177595 1.9502402 1.9302671 1.8741990 1.9319129 2.0002047 2.0679127 1.8959955 1.9261639 2.0185085 2.0238306 1.9685215 1.9546726 1.9683522 1.9610933 1.9517930 1.9712873 2.0437489 1.9041318 1.6635085 1.6653141 1.8356619 1.8526906 1.6460118 1.7048738 1.8013939 1.8647587 1.8475509 0.7929078 1.8917036 1.8996654 1.8927845 1.8255888 1.8356425 1.8333292 1.7608639 1.7648454 1.7677200 1.8349107 1.8889616 1.8421966 1.8349107 1.7543831 1.7549630 1.7503629 1.8304428 1.8189152 1.8189152 1.8191109 1.8291483 1.8249639 1.8154236 1.8914825 
MF978248_-_RdRp_CDS                                                              2.0791780 1.9102804 1.9797309 1.9929543 2.0575326 1.7236697 1.9068000 2.0219591 2.0947188 2.0036113 2.0977926 2.0647910 2.0478825 1.9774254 2.1181751 2.0687586 2.0665632 2.1064337 2.0856057 2.0566191 2.0979604 2.1059530 2.1038837 2.1029149 2.0029082 2.1048672 2.0627380 2.0496016 2.1038384 2.1096323 0.7758495 0.0000000 2.0618985 0.8876678 0.8720030 0.8775545 0.8951505 0.8048191 0.8799049 2.0633231 2.0648579 2.0923575 1.9973944 2.0067834 2.1010295 2.0226859 2.0917149 2.1489387 2.0643290 1.8871385 1.8756929 1.9968671 2.0087104 1.9498197 2.0344553 2.0344417 2.0273950 2.0266312 2.0288129 2.0440770 1.9045999 1.6710583 1.6683328 1.8776794 1.8667391 1.6804467 1.6512452 1.7894575 1.8683477 1.9304629 0.7402664 1.9636165 1.9791432 1.9691482 2.0175047 2.0130276 2.0104454 1.9668689 1.9655709 1.9449456 2.0124695 2.0789185 2.0000325 2.0124695 1.9466148 1.9474150 1.9424908 2.0120688 2.0003390 2.0003390 2.0004050 2.0083029 1.9872211 2.0139242 1.7602857 
Schlumbergera_truncata_15H05_pol__NC_002815_-_RNA-dependent_RNA_polymerase_CDS   0.6666014 1.7388778 1.8427644 1.8313025 1.6298100 1.4188638 1.7544518 0.0164668 0.0349952 0.0274851 0.0349952 0.0201032 0.0216472 0.0110670 0.0232006 0.0287746 0.0290078 0.0362677 0.0349982 0.0167880 0.0268384 0.0251446 0.0268455 0.0268298 0.0141198 0.0362677 0.0194507 0.0219161 0.0350350 0.0362677 1.8658280 2.0618985 0.0000000 1.7724564 1.7896520 1.7637481 1.8054668 1.7083621 1.6971907 0.0324831 0.0287826 0.0281802 0.3432360 0.3441262 0.0291868 0.0143967 0.0226194 0.0327460 0.4867492 0.4597429 0.4693481 0.4826282 0.4864505 0.4822959 0.4869742 0.4880944 0.4849903 0.4869846 0.4868609 0.4938963 0.7148811 0.5986607 0.5946857 0.7190821 0.6927378 0.6162851 0.6172552 0.6641773 0.7113917 0.6859350 1.7240658 0.8557400 0.8415227 0.8466347 0.6140135 0.6117943 0.6117943 0.5922621 0.5957119 0.5878949 0.6065401 0.6668630 0.6120140 0.6065401 0.5978069 0.5981133 0.5959224 0.6140117 0.6154245 0.6154245 0.6169883 0.6134927 0.6111364 0.6110205 1.9369858 
AY863024_-_ORF1_CDS                                                              1.7419630 1.6367566 1.7268803 1.7410245 1.7996222 1.5426623 1.7878304 1.7390332 1.8035807 1.7440852 1.8021170 1.7870000 1.7733477 1.7189197 1.8169648 1.8012481 1.8095113 1.8067362 1.7933945 1.7670918 1.8067183 1.8190375 1.8042278 1.8050467 1.7478370 1.8049948 1.7996020 1.7774478 1.8041608 1.8097026 0.9257690 0.8876678 1.7724564 0.0000000 0.0707476 0.0614649 0.0401208 0.3200937 0.0546144 1.7815164 1.7971995 1.8184340 1.8848324 1.8790262 1.8355671 1.7368812 1.8019245 1.8873153 1.8806566 1.7250439 1.7680554 1.7867585 1.7806460 1.7881432 1.8408620 1.8409487 1.8379843 1.8451453 1.8385864 1.8795419 1.8652863 1.6139111 1.6064055 1.8763126 1.8248311 1.6541796 1.6384273 1.7670555 1.8821697 1.8973422 0.8158538 1.8527646 1.8583565 1.8540297 1.7864856 1.7747417 1.7725061 1.7282584 1.7321493 1.7208356 1.7721619 1.7414035 1.7775510 1.7721619 1.7340887 1.7358060 1.7306574 1.7700210 1.7765206 1.7765206 1.7817445 1.7669751 1.7524580 1.7698200 1.8309764 
FJ822136_-_RdRp_CDS                                                              1.7162515 1.6485220 1.6805417 1.6961601 1.7668517 1.5407293 1.7603835 1.7359570 1.8111691 1.7398019 1.8096930 1.7843028 1.7564331 1.7078489 1.8120508 1.8036658 1.8053545 1.7952824 1.7990300 1.7647615 1.7995597 1.8025488 1.7970741 1.7978937 1.7361831 1.7935722 1.8031935 1.7605192 1.8117560 1.7982097 0.9216409 0.8720030 1.7896520 0.0707476 0.0000000 0.0397781 0.0819311 0.3144794 0.0559599 1.7849605 1.8028546 1.8129089 1.8634184 1.8534292 1.8399099 1.7234967 1.7891843 1.8943638 1.8675025 1.7054802 1.7554321 1.7836219 1.7777731 1.7887148 1.8227420 1.8213545 1.8216477 1.8288635 1.8183994 1.8545066 1.7873061 1.5764943 1.5708532 1.8075920 1.7820035 1.5991946 1.5950115 1.7145065 1.7962553 1.8599521 0.8164189 1.8381163 1.8430976 1.8448661 1.7932134 1.7580443 1.7558304 1.7198643 1.7275815 1.7172859 1.7778867 1.7155438 1.7675287 1.7778867 1.7211387 1.7248503 1.7200582 1.7555921 1.7625112 1.7625112 1.7645351 1.7525692 1.7399358 1.7649762 1.8118425 
GQ179646_-_replicase_CDS                                                         1.6693916 1.6186035 1.6668756 1.6787704 1.7687795 1.5350368 1.7631928 1.7120436 1.7826372 1.7197541 1.7811981 1.7558802 1.7369523 1.6891435 1.7947302 1.7723967 1.7768560 1.7791425 1.7751531 1.7401739 1.7792838 1.7913872 1.7768258 1.7776430 1.7135523 1.7774800 1.7765875 1.7410123 1.7850428 1.7820084 0.9159611 0.8775545 1.7637481 0.0614649 0.0397781 0.0000000 0.0565884 0.3238988 0.0622319 1.7612493 1.7715601 1.7819537 1.8522136 1.8463472 1.8127355 1.7089821 1.7746655 1.8576876 1.8385710 1.6831279 1.7238011 1.7494079 1.7437756 1.7696931 1.7957313 1.7968058 1.7933488 1.7999039 1.7936025 1.8309733 1.7950423 1.5766691 1.5697193 1.7901837 1.7980451 1.6125255 1.6042921 1.7283569 1.7992830 1.8496857 0.8197729 1.8423846 1.8513716 1.8512681 1.7533985 1.7369808 1.7347959 1.6913268 1.6931152 1.6904812 1.7402368 1.6708643 1.7297580 1.7402368 1.6949024 1.6985511 1.6937640 1.7260650 1.7371992 1.7371992 1.7392037 1.7230921 1.7121237 1.7224452 1.8093465 
GQ179647_-_replicase_CDS                                                         1.7359885 1.6655550 1.7082804 1.7205467 1.8047721 1.5527463 1.8163738 1.7415673 1.8107702 1.7466521 1.8092959 1.7861797 1.7793460 1.7223869 1.8155730 1.8000335 1.8047521 1.8058672 1.8048840 1.7700658 1.8077030 1.8224316 1.8031001 1.8060289 1.7469050 1.8041269 1.8067177 1.7834579 1.8132286 1.8088329 0.9453937 0.8951505 1.8054668 0.0401208 0.0819311 0.0565884 0.0000000 0.3311081 0.0689252 1.7908452 1.7992204 1.8117917 1.8898536 1.8703231 1.8407353 1.7364228 1.8036257 1.8926397 1.8651285 1.7229180 1.7661883 1.7795106 1.7734426 1.7896079 1.8248671 1.8278212 1.8260578 1.8291120 1.8266472 1.8630335 1.8365138 1.5957215 1.5904509 1.8599285 1.8128988 1.6413925 1.6336795 1.7565095 1.8657633 1.9124046 0.8239049 1.8495075 1.8600123 1.8576779 1.7946510 1.7783349 1.7760933 1.7344045 1.7361098 1.7255214 1.7818016 1.7301306 1.7712316 1.7818016 1.7418823 1.7415752 1.7384381 1.7733537 1.7780690 1.7780690 1.7833001 1.7703008 1.7535043 1.7663822 1.8464714 
LC107515_-_RdRp_CDS                                                              1.7114651 1.6345668 1.6984965 1.7017963 1.6996262 1.5027523 1.7221500 1.6674670 1.7055099 1.6774804 1.7041680 1.6899941 1.7007488 1.6018556 1.7267604 1.7061211 1.7188911 1.7069811 1.6941659 1.7062302 1.7446913 1.7053774 1.7456970 1.7430907 1.6471240 1.7025069 1.7115205 1.7031406 1.7079962 1.7087582 0.9198304 0.8048191 1.7083621 0.3200937 0.3144794 0.3238988 0.3311081 0.0000000 0.3181589 1.6845829 1.7054718 1.7296495 1.8651383 1.8538280 1.7511654 1.6606289 1.7178942 1.7970364 1.7722464 1.6372168 1.6308408 1.6638242 1.6688505 1.6721630 1.7191932 1.7082636 1.7112247 1.7214154 1.7208430 1.7684594 1.8198975 1.5764442 1.5699022 1.8030222 1.7991160 1.6020015 1.5951122 1.7344232 1.8125403 1.7891834 0.8314894 1.7614850 1.8014929 1.7954972 1.7778243 1.7657497 1.7635174 1.7205308 1.7272510 1.7154751 1.7691136 1.7396369 1.7711525 1.7691136 1.7220269 1.7242057 1.7204416 1.7623384 1.7721760 1.7721760 1.7746335 1.7592933 1.7493328 1.7681627 1.7915006 
