79
AF308158                                                           0.0000000 0.5879832 0.5430557 0.9393824 0.0177915 0.5618786 0.0133470 0.5737189 0.0089803 0.5737189 0.0179242 0.5348626 0.5534191 0.0194736 0.5378926 0.5589218 0.5636804 0.5366517 0.0253341 0.5804286 0.5724610 0.0331452 0.5724610 0.0253341 0.5804286 0.0255260 0.5503919 0.5532339 0.5532339 0.5142603 0.5747708 0.5155989 0.5747708 0.5144076 0.5747708 0.5130734 0.5747708 0.5174757 0.5701080 0.5508412 0.5660568 0.3640601 0.5355513 0.5547219 0.5695711 0.3696064 0.0253714 0.5657642 0.6037258 0.9597418 2.1952596 0.3572582 0.9720320 0.0331596 2.1165827 0.5695360 0.0447997 0.0447997 0.0414359 0.0414359 0.0429271 0.0374246 2.1005088 1.8669816 1.8236529 1.9459787 2.0785491 1.8256168 1.8961809 1.9420876 1.9450965 0.5709195 0.5207702 0.5270603 1.8295998 1.8637260 2.1415461 1.8309095 2.2552129 
AY366207                                                           0.5879832 0.0000000 0.6380998 1.1345573 0.6067198 0.5213466 0.5983066 0.5122974 0.5746859 0.5122974 0.5982336 0.5694200 0.5050559 0.5918769 0.5681625 0.5060112 0.5877708 0.4939935 0.6019668 0.5219870 0.5119073 0.6142386 0.5119073 0.6019668 0.5219870 0.6068441 0.4956772 0.4983756 0.4983756 0.5757903 0.5171637 0.5891935 0.5132751 0.5958403 0.5132751 0.5815053 0.5171637 0.5887386 0.5144596 0.6111010 0.5252716 0.5277856 0.5792273 0.5743454 0.5896663 0.5403573 0.6123306 0.0392410 0.1767193 1.1193221 2.4686029 0.5254309 1.1002126 0.6166590 2.1195392 0.5295678 0.6004519 0.6004519 0.6049478 0.6049478 0.6128298 0.5725981 1.9164381 1.8525702 1.8848313 2.0850051 1.7881443 1.9892596 1.9971282 2.0426546 1.9960488 0.5897539 0.5443281 0.5520531 2.1230795 1.9595778 2.3532265 1.9840441 2.1742277 
AY366208                                                           0.5430557 0.6380998 0.0000000 1.1266834 0.5423615 0.5960784 0.5356220 0.6028698 0.5102751 0.6028698 0.5385453 0.0555019 0.5787124 0.5327270 0.0602039 0.5844761 0.0650939 0.5779518 0.5439870 0.6173602 0.5933898 0.5521090 0.5933898 0.5439870 0.6173602 0.5349698 0.5815246 0.5801127 0.5801127 0.0530616 0.6005348 0.0563103 0.5961984 0.0545663 0.5961984 0.0529884 0.6005348 0.0545021 0.5976464 0.0446094 0.6004125 0.5324313 0.0563503 0.0613709 0.2768789 0.5147758 0.5460022 0.6112605 0.6371261 1.1482062 2.4924366 0.5193808 1.1541193 0.5512332 2.0740777 0.6002230 0.5430612 0.5430612 0.5525343 0.5525343 0.5454449 0.5311620 2.1533902 1.9652721 1.9692128 1.9589024 1.9755027 1.7870315 1.8932680 1.8404878 1.8289203 0.0571359 0.0413178 0.0445378 2.1991351 1.7913069 2.0866007 2.3781889 2.7423363 
AY366209                                                           0.9393824 1.1345573 1.1266834 0.0000000 0.9265559 1.0417463 0.9498634 1.0622860 0.9092661 1.0622860 0.9242563 1.1140999 1.0346761 0.9153834 1.1081817 1.0435662 1.1213922 1.0280254 0.9407994 1.0531905 1.0147061 0.9513646 1.0147061 0.9407994 1.0531905 0.9368595 1.0209398 1.0296769 1.0296769 1.1489748 1.0497474 1.1570013 1.0497474 1.1560618 1.0497474 1.1454069 1.0497474 1.1594054 1.0409725 1.1644271 1.0490333 0.9916280 1.1396157 1.1413109 1.0090927 1.0054648 0.9138759 1.1055771 1.1356532 0.0252864 2.6462504 0.9844480 0.0314996 0.9426019 2.6961312 1.0349510 1.0054419 1.0054419 1.0081085 1.0081085 1.0287776 0.9842555 2.2110193 2.0403851 1.9903997 2.2139543 2.2278064 1.9723556 2.1262656 2.0048901 2.0094215 1.1445808 1.0603657 1.1093213 2.2442931 2.1693103 2.7149105 2.1550118 2.4025917 
Hylocereus_polyrhizus_SRR11190795__NC_002815                       0.0177915 0.6067198 0.5423615 0.9265559 0.0000000 0.5761239 0.0133639 0.5703026 0.0089918 0.5703026 0.0164495 0.5467758 0.5591514 0.0179965 0.5497857 0.5647162 0.5672105 0.5422073 0.0238718 0.5859968 0.5644424 0.0285633 0.5644424 0.0238718 0.5859968 0.0240528 0.5561174 0.5589823 0.5589823 0.5174082 0.5713558 0.5187579 0.5713558 0.5175532 0.5713558 0.5162079 0.5713558 0.5206401 0.5666935 0.5542528 0.5803884 0.3365615 0.5355117 0.5581637 0.5818690 0.3546376 0.0208483 0.5749436 0.6178843 0.9466053 2.2406736 0.3424813 0.9445391 0.0285756 2.1372410 0.5749840 0.0368671 0.0368671 0.0335730 0.0335730 0.0350646 0.0278536 2.0971624 1.8083659 1.7974095 1.8502218 2.1091017 1.8727562 1.8976941 1.9103340 1.9467262 0.5745302 0.5240565 0.5303806 1.8150867 1.8825799 2.1206757 1.9026296 2.2197500 
Hylocereus_polyrhizus_SRR11190795__NC_024458                       0.5618786 0.5213466 0.5960784 1.0417463 0.5761239 0.0000000 0.5750480 0.0102754 0.5504822 0.0102754 0.5676495 0.5307724 0.0000010 0.5615515 0.5298092 0.0000010 0.5697149 0.0014720 0.5712440 0.0103061 0.0117765 0.5870564 0.0117765 0.5712440 0.0103061 0.5714190 0.0014720 0.0014699 0.0014699 0.5298149 0.0072996 0.5291702 0.0087759 0.5295781 0.0087759 0.5285764 0.0072996 0.5326991 0.0073122 0.5756061 0.0014507 0.4845877 0.5567769 0.5440961 0.6232372 0.4801203 0.5800519 0.5267974 0.6277882 1.0662160 2.4061242 0.4686867 1.0410123 0.6030205 1.7051028 0.0117375 0.5966745 0.5966745 0.6198839 0.6198839 0.6178986 0.5834444 1.8716197 2.0467716 1.9635620 1.9626771 1.9778896 1.8318853 1.8831335 1.7337481 1.6981451 0.5640001 0.5193696 0.5361473 1.5900772 1.7959597 1.9747688 2.0877649 2.4648537 
Hylocereus_polyrhizus_SRR11190796__NC_002815                       0.0133470 0.5983066 0.5356220 0.9498634 0.0133639 0.5750480 0.0000000 0.5781464 0.0000010 0.5781464 0.0089288 0.5487560 0.5580147 0.0104468 0.5517722 0.5635958 0.5603402 0.5451797 0.0148517 0.5940699 0.5764483 0.0210008 0.5764483 0.0148517 0.5940699 0.0164849 0.5620865 0.5649696 0.5649696 0.5107932 0.5792099 0.5121339 0.5792099 0.5109444 0.5792099 0.5096081 0.5792099 0.5140250 0.5744864 0.5474846 0.5703791 0.3532627 0.5321451 0.5513756 0.5531395 0.3717436 0.0163854 0.5756782 0.6143332 0.9707092 2.2726140 0.3593131 0.9754692 0.0194804 2.0856950 0.5828899 0.0339015 0.0339015 0.0306167 0.0306167 0.0321161 0.0263942 2.1414456 1.8861462 1.8419719 1.9173322 2.1195703 1.8867615 1.9115843 1.9583153 1.9613695 0.5675773 0.5172235 0.5235460 1.8213875 1.8906032 2.1663228 1.9126112 2.2495982 
Hylocereus_polyrhizus_SRR11190796__NC_024458                       0.5737189 0.5122974 0.6028698 1.0622860 0.5703026 0.0102754 0.5781464 0.0000000 0.5535267 0.0000010 0.5707269 0.5284614 0.0029462 0.5646047 0.5275128 0.0029411 0.5674014 0.0044397 0.5743029 0.0118226 0.0103076 0.5901790 0.0103076 0.5743029 0.0118226 0.5744862 0.0029546 0.0029508 0.0029508 0.5259175 0.0029110 0.5268796 0.0014528 0.5272869 0.0014528 0.5246899 0.0029110 0.5304094 0.0014549 0.5732957 0.0117604 0.4888415 0.5544722 0.5418034 0.6260291 0.4843441 0.5841836 0.5185966 0.6377147 1.0873825 2.4178405 0.4651880 1.0615547 0.6062156 1.6781489 0.0132527 0.5952934 0.5952934 0.6231727 0.6231727 0.6211746 0.5866257 1.8609616 1.9792029 1.9327817 1.9232931 1.9580671 1.8340895 1.8855078 1.7356112 1.6998827 0.5616625 0.5170242 0.5337854 1.5838291 1.7980386 1.9833449 2.0706059 2.4799455 
Hylocereus_polyrhizus_SRR11190797__NC_002815_-_25_kDa_protein_CDS  0.0089803 0.5746859 0.5102751 0.9092661 0.0089918 0.5504822 0.0000010 0.5535267 0.0000000 0.5535267 0.0000010 0.5185666 0.5363568 0.0000010 0.5216980 0.5418599 0.5344590 0.5249255 0.0044643 0.5691667 0.5519032 0.0135328 0.5519032 0.0044643 0.5691667 0.0075093 0.5358335 0.5387035 0.5387035 0.4859477 0.5545851 0.4872505 0.5545851 0.4861190 0.5545851 0.4848206 0.5545851 0.4891744 0.5499271 0.5220206 0.5504822 0.3294038 0.5069214 0.5218237 0.5384947 0.3475315 0.0104947 0.5419033 0.5795606 0.9292498 2.2568834 0.3353403 0.9337911 0.0135386 2.0692311 0.5624535 0.0277681 0.0277681 0.0245201 0.0245201 0.0260274 0.0201736 2.0719087 1.8684524 1.8241791 1.8914567 2.1235852 1.8539173 1.8842810 1.9404840 1.9435519 0.5413801 0.4915641 0.4978731 1.7886025 1.8634022 2.0734357 1.8890936 2.2222964 
Hylocereus_polyrhizus_SRR11190797__NC_024458                       0.5737189 0.5122974 0.6028698 1.0622860 0.5703026 0.0102754 0.5781464 0.0000010 0.5535267 0.0000000 0.5707269 0.5284614 0.0029462 0.5646047 0.5275128 0.0029411 0.5674014 0.0044397 0.5743029 0.0118226 0.0103076 0.5901790 0.0103076 0.5743029 0.0118226 0.5744862 0.0029546 0.0029508 0.0029508 0.5259175 0.0029110 0.5268796 0.0014528 0.5272869 0.0014528 0.5246899 0.0029110 0.5304094 0.0014549 0.5732957 0.0117604 0.4888415 0.5544722 0.5418034 0.6260291 0.4843441 0.5841836 0.5185966 0.6377147 1.0873825 2.4178405 0.4651880 1.0615547 0.6062156 1.6781489 0.0132527 0.5952934 0.5952934 0.6231727 0.6231727 0.6211746 0.5866257 1.8609616 1.9792029 1.9327817 1.9232931 1.9580671 1.8340895 1.8855078 1.7356112 1.6998827 0.5616625 0.5170242 0.5337854 1.5838291 1.7980386 1.9833449 2.0706059 2.4799455 
Hylocereus_polyrhizus_SRR11190798__NC_002815                       0.0179242 0.5982336 0.5385453 0.9242563 0.0164495 0.5676495 0.0089288 0.5707269 0.0000010 0.5707269 0.0000000 0.5388136 0.5506519 0.0000010 0.5418644 0.5561998 0.5592521 0.5466039 0.0044029 0.5865435 0.5606095 0.0194382 0.5606095 0.0044029 0.5865435 0.0074047 0.5455250 0.5483869 0.5483869 0.5096254 0.5717880 0.5109680 0.5717880 0.5097781 0.5717880 0.5084399 0.5717880 0.5128656 0.5670903 0.5463827 0.5630109 0.3486984 0.5310156 0.5407639 0.5545256 0.3607474 0.0133558 0.5719517 0.6102779 0.9612970 2.2229076 0.3484258 0.9659940 0.0194466 2.1533568 0.5844715 0.0338558 0.0338558 0.0305757 0.0305757 0.0320732 0.0263584 2.0808981 1.9009852 1.8563490 1.9093902 2.0812933 1.8627961 1.9162413 1.9622486 1.9653132 0.5664930 0.5160345 0.5223734 1.8156819 1.9160556 2.1507846 1.8723079 2.1691257 
Hylocereus_polyrhizus_SRR11190798__NC_006059                       0.5348626 0.5694200 0.0555019 1.1140999 0.5467758 0.5307724 0.5487560 0.5284614 0.5185666 0.5284614 0.5388136 0.0000000 0.5140990 0.5329305 0.0000010 0.5194441 0.0211446 0.5131308 0.5443133 0.5504012 0.5200035 0.5559755 0.5200035 0.5443133 0.5504012 0.5265693 0.5165172 0.5152956 0.5152956 0.0339964 0.5348968 0.0356036 0.5308613 0.0354968 0.5308613 0.0339499 0.5348968 0.0291360 0.5321173 0.0290911 0.5348061 0.5191248 0.0340261 0.0308305 0.2269640 0.5098952 0.5463515 0.5535569 0.5839696 1.1274577 2.4178615 0.4980345 1.1332361 0.5550860 2.0234084 0.5433032 0.5423003 0.5423003 0.5564281 0.5564281 0.5492241 0.5286048 2.0650220 1.8283365 1.8001905 1.7542126 1.9185288 1.7871844 1.8443252 1.8391114 1.8274019 0.0212218 0.0107232 0.0106799 2.2189923 1.7871365 1.9914937 2.2160375 2.7561985 
Hylocereus_polyrhizus_SRR11190798__NC_024458                       0.5534191 0.5050559 0.5787124 1.0346761 0.5591514 0.0000010 0.5580147 0.0029462 0.5363568 0.0029462 0.5506519 0.5140990 0.0000000 0.5446255 0.5132500 0.0000010 0.5526907 0.0014786 0.5553899 0.0059299 0.0059203 0.5700305 0.0059203 0.5553899 0.0059299 0.5601671 0.0000010 0.0000010 0.0000010 0.5132663 0.0000010 0.5126577 0.0014677 0.5130570 0.0014677 0.5120664 0.0000010 0.5161613 0.0000010 0.5585579 0.0000010 0.4753902 0.5399238 0.5274385 0.6122008 0.4709360 0.5630823 0.5104016 0.6243386 1.0592108 2.3396228 0.4595097 1.0339327 0.5857974 1.6587111 0.0073865 0.5825152 0.5825152 0.6023790 0.6023790 0.6004355 0.5660543 1.8590903 2.0273179 1.9441372 1.9513621 1.9525035 1.7757205 1.8235364 1.6801124 1.6454289 0.5468449 0.5025557 0.5190578 1.5586395 1.7407459 1.9129815 2.0759136 2.4378568 
Hylocereus_polyrhizus_SRR11190801__NC_002815_-_25_kDa_protein_CDS  0.0194736 0.5918769 0.5327270 0.9153834 0.0179965 0.5615515 0.0104468 0.5646047 0.0000010 0.5646047 0.0000010 0.5329305 0.5446255 0.0000000 0.5359952 0.5501320 0.5532615 0.5405943 0.0044071 0.5802970 0.5545725 0.0209936 0.5545725 0.0044071 0.5802970 0.0074247 0.5395169 0.5423673 0.5423673 0.5040311 0.5656610 0.5053610 0.5656610 0.5041881 0.5656610 0.5028626 0.5656610 0.5072596 0.5609958 0.5405278 0.5569486 0.3478209 0.5252652 0.5349530 0.5485762 0.3598383 0.0148821 0.5657798 0.6038465 0.9520889 2.1771225 0.3475494 0.9567341 0.0210026 2.1326390 0.5782481 0.0354991 0.0354991 0.0321987 0.0321987 0.0336988 0.0279919 2.0605846 1.8826524 1.8384643 1.8909422 2.0610356 1.8451595 1.8980449 1.9620659 1.9651337 0.5604052 0.5102338 0.5165483 1.7984982 1.8978738 2.1300938 1.8542419 2.1691428 
Hylocereus_polyrhizus_SRR11190801__NC_006059                       0.5378926 0.5681625 0.0602039 1.1081817 0.5497857 0.5298092 0.5517722 0.5275128 0.5216980 0.5275128 0.5418644 0.0000010 0.5132500 0.5359952 0.0000000 0.5185558 0.0210304 0.5122853 0.5473216 0.5492914 0.5191200 0.5589597 0.5191200 0.5473216 0.5492914 0.5296284 0.5156479 0.5144365 0.5144365 0.0370009 0.5339032 0.0370014 0.5298971 0.0369438 0.5298971 0.0369504 0.5339032 0.0321292 0.5311425 0.0352398 0.5338135 0.5277998 0.0386343 0.0354267 0.2253834 0.5185117 0.5493586 0.5607255 0.5868927 1.1214135 2.4102463 0.5065947 1.1271242 0.5580723 2.0620112 0.5422479 0.5453291 0.5453291 0.5594268 0.5594268 0.5522363 0.5289037 2.0501076 1.8334578 1.8053541 1.7403783 1.9235144 1.8164092 1.8742689 1.8690455 1.8571715 0.0212218 0.0107086 0.0106799 2.2540691 1.8163457 2.0233016 2.2491477 2.7775181 
Hylocereus_polyrhizus_SRR11190801__NC_024458                       0.5589218 0.5060112 0.5844761 1.0435662 0.5647162 0.0000010 0.5635958 0.0029411 0.5418599 0.0029411 0.5561998 0.5194441 0.0000010 0.5501320 0.5185558 0.0000000 0.5582651 0.0014742 0.5609103 0.0059196 0.0059100 0.5756435 0.0059100 0.5609103 0.0059196 0.5657299 0.0000010 0.0000010 0.0000010 0.5228189 0.0000010 0.5221863 0.0014656 0.5225928 0.0014656 0.5215904 0.0000010 0.5257229 0.0000010 0.5686428 0.0000010 0.4803739 0.5454048 0.5328187 0.6230779 0.4758852 0.5686570 0.5113669 0.6354156 1.0682759 2.3818084 0.4643850 1.0428270 0.5915210 1.6505402 0.0073737 0.5882378 0.5882378 0.6082450 0.6082450 0.6062818 0.5717764 1.8745311 2.0442784 1.9603814 1.9777116 1.9687948 1.7903521 1.8385325 1.6939785 1.6590213 0.5524454 0.5079096 0.5245524 1.5853711 1.7550900 1.9286359 2.0641327 2.4582917 
Hylocereus_polyrhizus_SRR11190802__NC_006059                       0.5636804 0.5877708 0.0650939 1.1213922 0.5672105 0.5697149 0.5603402 0.5674014 0.5344590 0.5674014 0.5592521 0.0211446 0.5526907 0.5532615 0.0210304 0.5582651 0.0000000 0.5518494 0.5646524 0.5902423 0.5584508 0.5730492 0.5584508 0.5646524 0.5902423 0.5466462 0.5553317 0.5540026 0.5540026 0.0385432 0.5740178 0.0384911 0.5698215 0.0384313 0.5698215 0.0384906 0.5740178 0.0399985 0.5711858 0.0399190 0.5739092 0.5337149 0.0466186 0.0466258 0.2206506 0.5243627 0.5667513 0.5801780 0.6151085 1.1347157 2.5024747 0.5123739 1.1404943 0.5721473 2.1038416 0.5827753 0.5547124 0.5547124 0.5689647 0.5689647 0.5616900 0.5438817 2.1053931 1.8965512 1.8673926 1.8283041 1.8832631 1.8885462 1.9876364 1.9443117 1.9319245 0.0134295 0.0075763 0.0075477 2.1737904 1.9259713 2.0372208 2.2482967 2.6451612 
Hylocereus_polyrhizus_SRR11190802__NC_024458                       0.5366517 0.4939935 0.5779518 1.0280254 0.5422073 0.0014720 0.5451797 0.0044397 0.5249255 0.0044397 0.5466039 0.5131308 0.0014786 0.5405943 0.5122853 0.0014742 0.5518494 0.0000000 0.5513727 0.0059475 0.0074349 0.5571484 0.0074349 0.5513727 0.0059475 0.5561301 0.0014829 0.0014808 0.0014808 0.5165355 0.0014720 0.5159161 0.0029491 0.5163197 0.0029491 0.5153208 0.0014720 0.5194458 0.0014742 0.5622043 0.0029470 0.4700301 0.5390433 0.5221518 0.5991699 0.4696231 0.5502731 0.4992717 0.6267307 1.0443191 2.2994599 0.4541930 1.0193741 0.5726917 1.6239660 0.0089050 0.5694041 0.5694041 0.5889712 0.5889712 0.5870704 0.5529149 1.8336983 2.0003220 1.9181600 1.9086077 1.8918442 1.7447482 1.7917784 1.6508109 1.6167394 0.5459748 0.5015349 0.5180846 1.5387734 1.7103919 1.8831975 1.9966170 2.3888593 
Hylocereus_undatus_SRR11190791__NC_002815_-_25_kDa_protein_CDS     0.0253341 0.6019668 0.5439870 0.9407994 0.0238718 0.5712440 0.0148517 0.5743029 0.0044643 0.5743029 0.0044029 0.5443133 0.5553899 0.0044071 0.5473216 0.5609103 0.5646524 0.5513727 0.0000000 0.5900226 0.5730430 0.0283976 0.5730430 0.0000010 0.5900226 0.0088202 0.5538733 0.5567198 0.5567198 0.5151351 0.5753553 0.5164767 0.5753553 0.5152818 0.5753553 0.5139446 0.5753553 0.5183548 0.5706888 0.5517836 0.5666337 0.3582022 0.5364667 0.5471479 0.5699486 0.3767455 0.0207290 0.5758436 0.6236461 0.9679678 2.2240016 0.3642730 0.9804068 0.0284098 2.1388926 0.5879596 0.0397928 0.0397928 0.0381285 0.0381285 0.0396140 0.0324769 2.0939268 1.9123823 1.8678963 1.9305739 2.1348775 1.8761705 1.9295151 1.9965087 1.9995891 0.5719114 0.5216827 0.5279815 1.8028367 1.9474239 2.1567982 1.9099864 2.2663523 
Hylocereus_undatus_SRR11190791__NC_024458                          0.5804286 0.5219870 0.6173602 1.0531905 0.5859968 0.0103061 0.5940699 0.0118226 0.5691667 0.0118226 0.5865435 0.5504012 0.0059299 0.5802970 0.5492914 0.0059196 0.5902423 0.0059475 0.5900226 0.0000000 0.0133389 0.6062182 0.0133389 0.5900226 0.0000010 0.5902514 0.0059471 0.0059392 0.0059392 0.5492820 0.0088175 0.5485854 0.0103064 0.5490066 0.0103064 0.5479832 0.0088175 0.5521851 0.0088328 0.5962393 0.0117967 0.5050501 0.5769318 0.5638645 0.6335187 0.5004296 0.5990633 0.5274701 0.6432362 1.0712762 2.4489434 0.4886664 1.0460515 0.6226016 1.7199570 0.0132939 0.6114916 0.6114916 0.6399901 0.6399901 0.6379331 0.6029731 1.8786894 1.9704416 1.8909282 1.9515672 1.9351076 1.8474554 1.8992030 1.7482957 1.7123233 0.5846099 0.5390392 0.5563335 1.6263348 1.8111455 1.9731639 2.0735625 2.4695347 
Hylocereus_undatus_SRR11190792__NC_024458_-_TGB1_CDS               0.5724610 0.5119073 0.5933898 1.0147061 0.5644424 0.0117765 0.5764483 0.0103076 0.5519032 0.0103076 0.5606095 0.5200035 0.0059203 0.5545725 0.5191200 0.0059100 0.5584508 0.0074349 0.5730430 0.0133389 0.0000000 0.5799032 0.0000010 0.5730430 0.0133389 0.5643995 0.0044447 0.0044388 0.0044388 0.5191326 0.0073224 0.5185155 0.0088034 0.5189153 0.0088034 0.5179272 0.0073224 0.5220045 0.0073351 0.5642852 0.0132678 0.4785495 0.5457143 0.5332468 0.6112922 0.4741294 0.5729587 0.5255160 0.6408469 1.0384735 2.3941301 0.4627992 1.0139647 0.5957021 1.6683291 0.0147680 0.5849103 0.5849103 0.6123598 0.6123598 0.6104024 0.5761585 1.8969044 1.9849168 1.9047016 1.9735611 1.9901926 1.8253792 1.8764660 1.7275962 1.6921274 0.5526902 0.5085880 0.5250743 1.6234764 1.8036885 2.0022120 2.0771065 2.4160355 
Hylocereus_undatus_SRR11190793__NC_002815_-_25_kDa_protein_CDS     0.0331452 0.6142386 0.5521090 0.9513646 0.0285633 0.5870564 0.0210008 0.5901790 0.0135328 0.5901790 0.0194382 0.5559755 0.5700305 0.0209936 0.5589597 0.5756435 0.5730492 0.5571484 0.0283976 0.6062182 0.5799032 0.0000000 0.5799032 0.0283976 0.6062182 0.0270261 0.5649056 0.5677700 0.5677700 0.5312139 0.5912415 0.5325906 0.5912415 0.5313457 0.5912415 0.5299732 0.5912415 0.5344677 0.5864936 0.5599714 0.5823556 0.3529753 0.5444828 0.5639096 0.5868041 0.3648695 0.0222982 0.5834708 0.6324302 0.9720764 2.3160051 0.3590224 0.9556457 0.0237886 2.2101952 0.5949475 0.0398188 0.0398188 0.0365161 0.0365161 0.0379999 0.0292690 2.0976663 1.8852578 1.8738662 1.9589648 2.1405310 1.8884652 1.9422328 1.9412148 1.9781907 0.5804595 0.5297487 0.5360914 1.8752296 1.9420259 2.1524038 1.9566010 2.3206396 
Hylocereus_undatus_SRR11190793__NC_024458                          0.5724610 0.5119073 0.5933898 1.0147061 0.5644424 0.0117765 0.5764483 0.0103076 0.5519032 0.0103076 0.5606095 0.5200035 0.0059203 0.5545725 0.5191200 0.0059100 0.5584508 0.0074349 0.5730430 0.0133389 0.0000010 0.5799032 0.0000000 0.5730430 0.0133389 0.5643995 0.0044447 0.0044388 0.0044388 0.5191326 0.0073224 0.5185155 0.0088034 0.5189153 0.0088034 0.5179272 0.0073224 0.5220045 0.0073351 0.5642852 0.0132678 0.4785495 0.5457143 0.5332468 0.6112922 0.4741294 0.5729587 0.5255160 0.6408469 1.0384735 2.3941301 0.4627992 1.0139647 0.5957021 1.6683291 0.0147680 0.5849103 0.5849103 0.6123598 0.6123598 0.6104024 0.5761585 1.8969044 1.9849168 1.9047016 1.9735611 1.9901926 1.8253792 1.8764660 1.7275962 1.6921274 0.5526902 0.5085880 0.5250743 1.6234764 1.8036885 2.0022120 2.0771065 2.4160355 
Hylocereus_undatus_SRR11190799__NC_002815_-_25_kDa_protein_CDS     0.0253341 0.6019668 0.5439870 0.9407994 0.0238718 0.5712440 0.0148517 0.5743029 0.0044643 0.5743029 0.0044029 0.5443133 0.5553899 0.0044071 0.5473216 0.5609103 0.5646524 0.5513727 0.0000010 0.5900226 0.5730430 0.0283976 0.5730430 0.0000000 0.5900226 0.0088202 0.5538733 0.5567198 0.5567198 0.5151351 0.5753553 0.5164767 0.5753553 0.5152818 0.5753553 0.5139446 0.5753553 0.5183548 0.5706888 0.5517836 0.5666337 0.3582022 0.5364667 0.5471479 0.5699486 0.3767455 0.0207290 0.5758436 0.6236461 0.9679678 2.2240016 0.3642730 0.9804068 0.0284098 2.1388926 0.5879596 0.0397928 0.0397928 0.0381285 0.0381285 0.0396140 0.0324769 2.0939268 1.9123823 1.8678963 1.9305739 2.1348775 1.8761705 1.9295151 1.9965087 1.9995891 0.5719114 0.5216827 0.5279815 1.8028367 1.9474239 2.1567982 1.9099864 2.2663523 
Hylocereus_undatus_SRR11190799__NC_024458                          0.5804286 0.5219870 0.6173602 1.0531905 0.5859968 0.0103061 0.5940699 0.0118226 0.5691667 0.0118226 0.5865435 0.5504012 0.0059299 0.5802970 0.5492914 0.0059196 0.5902423 0.0059475 0.5900226 0.0000010 0.0133389 0.6062182 0.0133389 0.5900226 0.0000000 0.5902514 0.0059471 0.0059392 0.0059392 0.5492820 0.0088175 0.5485854 0.0103064 0.5490066 0.0103064 0.5479832 0.0088175 0.5521851 0.0088328 0.5962393 0.0117967 0.5050501 0.5769318 0.5638645 0.6335187 0.5004296 0.5990633 0.5274701 0.6432362 1.0712762 2.4489434 0.4886664 1.0460515 0.6226016 1.7199570 0.0132939 0.6114916 0.6114916 0.6399901 0.6399901 0.6379331 0.6029731 1.8786894 1.9704416 1.8909282 1.9515672 1.9351076 1.8474554 1.8992030 1.7482957 1.7123233 0.5846099 0.5390392 0.5563335 1.6263348 1.8111455 1.9731639 2.0735625 2.4695347 
Hylocereus_undatus_SRR11603182__NC_002815_-_25_kDa_protein_CDS     0.0255260 0.6068441 0.5349698 0.9368595 0.0240528 0.5714190 0.0164849 0.5744862 0.0075093 0.5744862 0.0074047 0.5265693 0.5601671 0.0074247 0.5296284 0.5657299 0.5466462 0.5561301 0.0088202 0.5902514 0.5643995 0.0270261 0.5643995 0.0088202 0.5902514 0.0000000 0.5494262 0.5522704 0.5522704 0.4981653 0.5755415 0.4994732 0.5755415 0.4983256 0.5755415 0.4970220 0.5755415 0.5013604 0.5708623 0.5341461 0.5667964 0.3487088 0.5190965 0.5296018 0.5474619 0.3670440 0.0208848 0.5852470 0.6049272 0.9573046 2.2514511 0.3547121 0.9696510 0.0286259 2.1861183 0.5881820 0.0400483 0.0400483 0.0384252 0.0384252 0.0399221 0.0311267 2.0679723 1.8884284 1.8443780 1.9418579 2.1067803 1.8903752 1.9444955 1.9935078 1.9965984 0.5536358 0.5083550 0.5146170 1.7938811 1.9442854 2.1785955 1.8765781 2.2443182 
Hylocereus_undatus_SRR11603182__NC_024458                          0.5503919 0.4956772 0.5815246 1.0209398 0.5561174 0.0014720 0.5620865 0.0029546 0.5358335 0.0029546 0.5455250 0.5165172 0.0000010 0.5395169 0.5156479 0.0000010 0.5553317 0.0014829 0.5538733 0.0059471 0.0044447 0.5649056 0.0044447 0.5538733 0.0059471 0.5494262 0.0000000 0.0000010 0.0000010 0.5156627 0.0000010 0.5150463 0.0014720 0.5154487 0.0014720 0.5144521 0.0000010 0.5185689 0.0000010 0.5612286 0.0029470 0.4737619 0.5424821 0.5299125 0.5999194 0.4693020 0.5579711 0.5033986 0.6324291 1.0452055 2.2687105 0.4578565 1.0201899 0.5816607 1.6462318 0.0074078 0.5773203 0.5773203 0.5971139 0.5971139 0.5951833 0.5608176 1.8706377 2.0498699 1.9814915 1.9398936 1.9902835 1.8111543 1.8658831 1.7129818 1.6773802 0.5494803 0.5049431 0.5215590 1.5676886 1.7588797 1.9134293 2.0412669 2.3654660 
Hylocereus_undatus_SRR11603183__NC_024458                          0.5532339 0.4983756 0.5801127 1.0296769 0.5589823 0.0014699 0.5649696 0.0029508 0.5387035 0.0029508 0.5483869 0.5152956 0.0000010 0.5423673 0.5144365 0.0000010 0.5540026 0.0014808 0.5567198 0.0059392 0.0044388 0.5677700 0.0044388 0.5567198 0.0059392 0.5522704 0.0000010 0.0000000 0.0000010 0.5144521 0.0000010 0.5138395 0.0014699 0.5142405 0.0014699 0.5132467 0.0000010 0.5173530 0.0000010 0.5598853 0.0029426 0.4726841 0.5411931 0.5286645 0.6028542 0.4682375 0.5608267 0.5022340 0.6308393 1.0541131 2.2844367 0.4568228 1.0289312 0.5845606 1.6398998 0.0073981 0.5773203 0.5773203 0.6000613 0.6000613 0.5981232 0.5637439 1.8629829 2.0410552 1.9731070 1.9317841 1.9818645 1.8039161 1.8583360 1.7063146 1.6709169 0.5481533 0.5037356 0.5202961 1.5618458 1.7519515 1.9056334 2.0324722 2.3851410 
Hylocereus_undatus_SRR11603184__NC_024458                          0.5532339 0.4983756 0.5801127 1.0296769 0.5589823 0.0014699 0.5649696 0.0029508 0.5387035 0.0029508 0.5483869 0.5152956 0.0000010 0.5423673 0.5144365 0.0000010 0.5540026 0.0014808 0.5567198 0.0059392 0.0044388 0.5677700 0.0044388 0.5567198 0.0059392 0.5522704 0.0000010 0.0000010 0.0000000 0.5144521 0.0000010 0.5138395 0.0014699 0.5142405 0.0014699 0.5132467 0.0000010 0.5173530 0.0000010 0.5598853 0.0029426 0.4726841 0.5411931 0.5286645 0.6028542 0.4682375 0.5608267 0.5022340 0.6308393 1.0541131 2.2844367 0.4568228 1.0289312 0.5845606 1.6398998 0.0073981 0.5773203 0.5773203 0.6000613 0.6000613 0.5981232 0.5637439 1.8629829 2.0410552 1.9731070 1.9317841 1.9818645 1.8039161 1.8583360 1.7063146 1.6709169 0.5481533 0.5037356 0.5202961 1.5618458 1.7519515 1.9056334 2.0324722 2.3851410 
Hylocereus_undatus_SRR11603186__NC_006059                          0.5142603 0.5757903 0.0530616 1.1489748 0.5174082 0.5298149 0.5107932 0.5259175 0.4859477 0.5259175 0.5096254 0.0339964 0.5132663 0.5040311 0.0370009 0.5228189 0.0385432 0.5165355 0.5151351 0.5492820 0.5191326 0.5312139 0.5191326 0.5151351 0.5492820 0.4981653 0.5156627 0.5144521 0.5144521 0.0000000 0.5339060 0.0029373 0.5299028 0.0014640 0.5299028 0.0000010 0.5339060 0.0044018 0.5311473 0.0285914 0.5338163 0.5235659 0.0383290 0.0350399 0.2316559 0.5143696 0.5179714 0.5693248 0.5920869 1.1627433 2.5149881 0.5106396 1.1687765 0.5220594 2.0661863 0.5422443 0.5180088 0.5180088 0.5271304 0.5271304 0.5203064 0.5047247 1.9886375 1.8757430 1.8617658 1.7976601 1.9184949 1.9068349 2.0048510 1.9287411 1.9164287 0.0388517 0.0233425 0.0248350 2.1047056 1.9424217 1.9928695 2.2325323 2.8278637 
Hylocereus_undatus_SRR11603186__NC_024458                          0.5747708 0.5171637 0.6005348 1.0497474 0.5713558 0.0072996 0.5792099 0.0029110 0.5545851 0.0029110 0.5717880 0.5348968 0.0000010 0.5656610 0.5339032 0.0000010 0.5740178 0.0014720 0.5753553 0.0088175 0.0073224 0.5912415 0.0073224 0.5753553 0.0088175 0.5755415 0.0000010 0.0000010 0.0000010 0.5339060 0.0000000 0.5332508 0.0014507 0.5336615 0.0014507 0.5326553 0.0000010 0.5367936 0.0000010 0.5799299 0.0087723 0.4926708 0.5610050 0.5482463 0.6330572 0.4881511 0.5842086 0.5225771 0.6422838 1.0744486 2.4031642 0.4766083 1.0490148 0.6072874 1.6744246 0.0102515 0.5963624 0.5963624 0.6242562 0.6242562 0.6222563 0.5877112 1.9041117 2.0281347 1.9458388 1.9465109 1.9788203 1.8296703 1.8808628 1.7316442 1.6960796 0.5683215 0.5235049 0.5403866 1.6023800 1.7937875 1.9723940 2.1023955 2.4644898 
Hylocereus_undatus_SRR11603187__NC_006059                          0.5155989 0.5891935 0.0563103 1.1570013 0.5187579 0.5291702 0.5121339 0.5268796 0.4872505 0.5268796 0.5109680 0.0356036 0.5126577 0.5053610 0.0370014 0.5221863 0.0384911 0.5159161 0.5164767 0.5485854 0.5185155 0.5325906 0.5185155 0.5164767 0.5485854 0.4994732 0.5150463 0.5138395 0.5138395 0.0029373 0.5332508 0.0000000 0.5292576 0.0000010 0.5292576 0.0029334 0.5332508 0.0073525 0.5304981 0.0316712 0.5331616 0.5279369 0.0414888 0.0381724 0.2271898 0.5186890 0.5183872 0.5815984 0.6044971 1.1791598 2.5107744 0.5149434 1.1853084 0.5234180 2.0699351 0.5375355 0.5193643 0.5193643 0.5285074 0.5285074 0.5216673 0.5072839 1.9883448 1.9067764 1.8774163 1.8029012 1.8911262 1.9105203 2.0109915 1.9347751 1.9224438 0.0404206 0.0249081 0.0263971 2.1412961 1.9484673 1.9630493 2.2642136 2.7704761 
Hylocereus_undatus_SRR11603187__NC_024458                          0.5747708 0.5132751 0.5961984 1.0497474 0.5713558 0.0087759 0.5792099 0.0014528 0.5545851 0.0014528 0.5717880 0.5308613 0.0014677 0.5656610 0.5298971 0.0014656 0.5698215 0.0029491 0.5753553 0.0103064 0.0088034 0.5912415 0.0088034 0.5753553 0.0103064 0.5755415 0.0014720 0.0014699 0.0014699 0.5299028 0.0014507 0.5292576 0.0000000 0.5296657 0.0000010 0.5286636 0.0014507 0.5327880 0.0000010 0.5757153 0.0102534 0.4967910 0.5568771 0.5441902 0.6285287 0.4922441 0.5842086 0.5186542 0.6376922 1.0744486 2.4031642 0.4729133 1.0490148 0.6072874 1.6744246 0.0117379 0.5963624 0.5963624 0.6242562 0.6242562 0.6222563 0.5877112 1.8889258 2.0117292 1.9644842 1.9465109 1.9628938 1.8296703 1.8808628 1.7316442 1.6960796 0.5641051 0.5194549 0.5362406 1.6023800 1.7937875 1.9723940 2.1023955 2.4644898 
Hylocereus_undatus_SRR11603189__NC_006059                          0.5144076 0.5958403 0.0545663 1.1560618 0.5175532 0.5295781 0.5109444 0.5272869 0.4861190 0.5272869 0.5097781 0.0354968 0.5130570 0.5041881 0.0369438 0.5225928 0.0384313 0.5163197 0.5152818 0.5490066 0.5189153 0.5313457 0.5189153 0.5152818 0.5490066 0.4983256 0.5154487 0.5142405 0.5142405 0.0014640 0.5336615 0.0000010 0.5296657 0.0000000 0.5296657 0.0014621 0.5336615 0.0058635 0.5309076 0.0300667 0.5335721 0.5267106 0.0398224 0.0365271 0.2315978 0.5174907 0.5171850 0.5881814 0.6104070 1.1781468 2.5443052 0.5137549 1.1842728 0.5222002 2.0524920 0.5419836 0.5181538 0.5181538 0.5272671 0.5272671 0.5204493 0.5060814 2.0052773 1.9028443 1.8736012 1.8015924 1.9043190 1.8947882 1.9942110 1.9187733 1.9065750 0.0402988 0.0248329 0.0263176 2.1229759 1.9323436 1.9764674 2.2439198 2.8281615 
Hylocereus_undatus_SRR11603189__NC_024458                          0.5747708 0.5132751 0.5961984 1.0497474 0.5713558 0.0087759 0.5792099 0.0014528 0.5545851 0.0014528 0.5717880 0.5308613 0.0014677 0.5656610 0.5298971 0.0014656 0.5698215 0.0029491 0.5753553 0.0103064 0.0088034 0.5912415 0.0088034 0.5753553 0.0103064 0.5755415 0.0014720 0.0014699 0.0014699 0.5299028 0.0014507 0.5292576 0.0000010 0.5296657 0.0000000 0.5286636 0.0014507 0.5327880 0.0000010 0.5757153 0.0102534 0.4967910 0.5568771 0.5441902 0.6285287 0.4922441 0.5842086 0.5186542 0.6376922 1.0744486 2.4031642 0.4729133 1.0490148 0.6072874 1.6744246 0.0117379 0.5963624 0.5963624 0.6242562 0.6242562 0.6222563 0.5877112 1.8889258 2.0117292 1.9644842 1.9465109 1.9628938 1.8296703 1.8808628 1.7316442 1.6960796 0.5641051 0.5194549 0.5362406 1.6023800 1.7937875 1.9723940 2.1023955 2.4644898 
Hylocereus_undatus_SRR11603190__NC_006059                          0.5130734 0.5815053 0.0529884 1.1454069 0.5162079 0.5285764 0.5096081 0.5246899 0.4848206 0.5246899 0.5084399 0.0339499 0.5120664 0.5028626 0.0369504 0.5215904 0.0384906 0.5153208 0.5139446 0.5479832 0.5179272 0.5299732 0.5179272 0.5139446 0.5479832 0.4970220 0.5144521 0.5132467 0.5132467 0.0000010 0.5326553 0.0029334 0.5286636 0.0014621 0.5286636 0.0000000 0.5326553 0.0043961 0.5299028 0.0285532 0.5325664 0.5262924 0.0382770 0.0349927 0.2312618 0.5170777 0.5167705 0.5749989 0.5979091 1.1673417 2.5036083 0.5133436 1.1734054 0.5208459 2.0575458 0.5409690 0.5168027 0.5168027 0.5258944 0.5258944 0.5190927 0.5047247 2.0050247 1.8831531 1.8542299 1.7905096 1.9105980 1.8991269 1.9965810 1.9208974 1.9086577 0.0387983 0.0233103 0.0248009 2.0957985 1.9345100 1.9846832 2.2511665 2.8380859 
Hylocereus_undatus_SRR11603190__NC_024458                          0.5747708 0.5171637 0.6005348 1.0497474 0.5713558 0.0072996 0.5792099 0.0029110 0.5545851 0.0029110 0.5717880 0.5348968 0.0000010 0.5656610 0.5339032 0.0000010 0.5740178 0.0014720 0.5753553 0.0088175 0.0073224 0.5912415 0.0073224 0.5753553 0.0088175 0.5755415 0.0000010 0.0000010 0.0000010 0.5339060 0.0000010 0.5332508 0.0014507 0.5336615 0.0014507 0.5326553 0.0000000 0.5367936 0.0000010 0.5799299 0.0087723 0.4926708 0.5610050 0.5482463 0.6330572 0.4881511 0.5842086 0.5225771 0.6422838 1.0744486 2.4031642 0.4766083 1.0490148 0.6072874 1.6744246 0.0102515 0.5963624 0.5963624 0.6242562 0.6242562 0.6222563 0.5877112 1.9041117 2.0281347 1.9458388 1.9465109 1.9788203 1.8296703 1.8808628 1.7316442 1.6960796 0.5683215 0.5235049 0.5403866 1.6023800 1.7937875 1.9723940 2.1023955 2.4644898 
Hylocereus_undatus_SRR11603191__NC_006059                          0.5174757 0.5887386 0.0545021 1.1594054 0.5206401 0.5326991 0.5140250 0.5304094 0.4891744 0.5304094 0.5128656 0.0291360 0.5161613 0.5072596 0.0321292 0.5257229 0.0399985 0.5194458 0.5183548 0.5521851 0.5220045 0.5344677 0.5220045 0.5183548 0.5521851 0.5013604 0.5185689 0.5173530 0.5173530 0.0044018 0.5367936 0.0073525 0.5327880 0.0058635 0.5327880 0.0043961 0.5367936 0.0000000 0.5340375 0.0300327 0.5367028 0.5337781 0.0397765 0.0333322 0.2309940 0.5244845 0.5202672 0.5811537 0.5988031 1.1638431 2.5546637 0.5207277 1.1698538 0.5252979 2.0527502 0.5451374 0.5130294 0.5130294 0.5264030 0.5264030 0.5196010 0.5009314 1.9942939 1.8757793 1.8470609 1.7623707 1.8949720 1.8950433 1.9944650 1.9190275 1.9068297 0.0403178 0.0248446 0.0263301 2.1012966 1.9325971 2.0465039 2.2196577 2.8104738 
Hylocereus_undatus_SRR11603191__NC_024458                          0.5701080 0.5144596 0.5976464 1.0409725 0.5666935 0.0073122 0.5744864 0.0014549 0.5499271 0.0014549 0.5670903 0.5321173 0.0000010 0.5609958 0.5311425 0.0000010 0.5711858 0.0014742 0.5706888 0.0088328 0.0073351 0.5864936 0.0073351 0.5706888 0.0088328 0.5708623 0.0000010 0.0000010 0.0000010 0.5311473 0.0000010 0.5304981 0.0000010 0.5309076 0.0000010 0.5299028 0.0000010 0.5340375 0.0000000 0.5770940 0.0087874 0.4941293 0.5582007 0.5454724 0.6300868 0.4895920 0.5794917 0.5198572 0.6392845 1.0655018 2.3838714 0.4739794 1.0402359 0.6024503 1.6629152 0.0102692 0.5915714 0.5915714 0.6193051 0.6193051 0.6173210 0.5828699 1.8966497 2.0202389 1.9567908 1.9306539 1.9710927 1.8149721 1.8680445 1.7177214 1.6824352 0.5654677 0.5206980 0.5375392 1.5914278 1.7793823 1.9589996 2.0877065 2.4474608 
JF930326                                                           0.5508412 0.6111010 0.0446094 1.1644271 0.5542528 0.5756061 0.5474846 0.5732957 0.5220206 0.5732957 0.5463827 0.0290911 0.5585579 0.5405278 0.0352398 0.5686428 0.0399190 0.5622043 0.5517836 0.5962393 0.5642852 0.5599714 0.5642852 0.5517836 0.5962393 0.5341461 0.5612286 0.5598853 0.5598853 0.0285914 0.5799299 0.0316712 0.5757153 0.0300667 0.5757153 0.0285532 0.5799299 0.0300327 0.5770940 0.0000000 0.5798186 0.5547034 0.0302282 0.0301410 0.2549677 0.5451518 0.5538209 0.5851924 0.6013438 1.1688723 2.5723900 0.5329577 1.1749132 0.5590897 2.1765350 0.5887280 0.5464330 0.5464330 0.5559144 0.5559144 0.5488179 0.5346110 2.2326206 1.9162698 1.8868776 1.8934954 1.9182637 1.8905892 2.0243131 2.0164772 2.0035774 0.0274886 0.0153428 0.0152745 2.1741052 1.9279631 2.1505549 2.3297343 2.8246432 
JF930327                                                           0.5660568 0.5252716 0.6004125 1.0490333 0.5803884 0.0014507 0.5703791 0.0117604 0.5504822 0.0117604 0.5630109 0.5348061 0.0000010 0.5569486 0.5338135 0.0000010 0.5739092 0.0029470 0.5666337 0.0117967 0.0132678 0.5823556 0.0132678 0.5666337 0.0117967 0.5667964 0.0029470 0.0029426 0.0029426 0.5338163 0.0087723 0.5331616 0.0102534 0.5335721 0.0102534 0.5325664 0.0087723 0.5367028 0.0087874 0.5798186 0.0000000 0.4883320 0.5609029 0.5481504 0.6277335 0.4838419 0.5753865 0.5307575 0.6323214 1.0737032 2.4258088 0.4723617 1.0483009 0.5982193 1.7184895 0.0132239 0.5919010 0.5919010 0.6149547 0.6149547 0.6129870 0.5786540 1.8866265 2.0635075 1.9795145 1.9786115 1.9939465 1.8463775 1.8980655 1.7473325 1.7114002 0.5682144 0.5234178 0.5402914 1.6023212 1.8101109 1.9904911 2.1050112 2.4853786 
JF937699                                                           0.3640601 0.5277856 0.5324313 0.9916280 0.3365615 0.4845877 0.3532627 0.4888415 0.3294038 0.4888415 0.3486984 0.5191248 0.4753902 0.3478209 0.5277998 0.4803739 0.5337149 0.4700301 0.3582022 0.5050501 0.4785495 0.3529753 0.4785495 0.3582022 0.5050501 0.3487088 0.4737619 0.4726841 0.4726841 0.5235659 0.4926708 0.5279369 0.4967910 0.5267106 0.4967910 0.5262924 0.4926708 0.5337781 0.4941293 0.5547034 0.4883320 0.0000000 0.5284449 0.5459618 0.5862748 0.0207640 0.3489225 0.5081494 0.4955690 0.9938809 2.3946876 0.0238256 0.9628134 0.3634396 2.2151470 0.4842369 0.3594404 0.3594404 0.3717783 0.3717783 0.3768877 0.3566088 1.8538190 1.9336074 2.0139658 1.9287964 1.8021159 1.7750388 1.7651088 1.7156949 1.7051434 0.5367238 0.5041977 0.5042807 1.9408217 1.7098894 2.1897645 1.8754113 2.0103000 
KM288842                                                           0.5355513 0.5792273 0.0563503 1.1396157 0.5355117 0.5567769 0.5321451 0.5544722 0.5069214 0.5544722 0.5310156 0.0340261 0.5399238 0.5252652 0.0386343 0.5454048 0.0466186 0.5390433 0.5364667 0.5769318 0.5457143 0.5444828 0.5457143 0.5364667 0.5769318 0.5190965 0.5424821 0.5411931 0.5411931 0.0383290 0.5610050 0.0414888 0.5568771 0.0398224 0.5568771 0.0382770 0.5610050 0.0397765 0.5582007 0.0302282 0.5609029 0.5284449 0.0000000 0.0335453 0.2471046 0.5191670 0.5384499 0.5629201 0.6064466 1.1894022 2.6894506 0.5155880 1.1956115 0.5436174 2.1404300 0.5696139 0.5227901 0.5227901 0.5404138 0.5404138 0.5334620 0.5244345 2.2446856 1.9590042 1.9287787 1.9123229 1.9349274 1.8840068 1.9471511 1.9597521 1.9812778 0.0388327 0.0122620 0.0216715 2.1252096 1.8870588 2.1421917 2.4053392 2.7368957 
KM288844                                                           0.5547219 0.5743454 0.0613709 1.1413109 0.5581637 0.5440961 0.5513756 0.5418034 0.5218237 0.5418034 0.5407639 0.0308305 0.5274385 0.5349530 0.0354267 0.5328187 0.0466258 0.5221518 0.5471479 0.5638645 0.5332468 0.5639096 0.5332468 0.5471479 0.5638645 0.5296018 0.5299125 0.5286645 0.5286645 0.0350399 0.5482463 0.0381724 0.5441902 0.0365271 0.5441902 0.0349927 0.5482463 0.0333322 0.5454724 0.0301410 0.5481504 0.5459618 0.0335453 0.0000000 0.2519021 0.5364919 0.5577243 0.5581683 0.6059629 1.1453109 2.5171473 0.5161678 1.1511869 0.5630231 2.0300395 0.5653542 0.5469256 0.5469256 0.5564186 0.5564186 0.5493133 0.5310070 2.1360974 1.8917189 1.8627590 1.8552887 1.9051800 1.9117195 1.9932179 1.9681946 1.9556483 0.0388386 0.0217441 0.0232283 2.1417273 1.9314744 2.1119634 2.4190881 2.6309988 
KM288845_extraction                                                0.5695711 0.5896663 0.2768789 1.0090927 0.5818690 0.6232372 0.5531395 0.6260291 0.5384947 0.6260291 0.5545256 0.2269640 0.6122008 0.5485762 0.2253834 0.6230779 0.2206506 0.5991699 0.5699486 0.6335187 0.6112922 0.5868041 0.6112922 0.5699486 0.6335187 0.5474619 0.5999194 0.6028542 0.6028542 0.2316559 0.6330572 0.2271898 0.6285287 0.2315978 0.6285287 0.2312618 0.6330572 0.2309940 0.6300868 0.2549677 0.6277335 0.5862748 0.2471046 0.2519021 0.0000000 0.6076804 0.5526831 0.5924024 0.5664742 1.0875670 2.0434721 0.5765127 1.0930447 0.5732811 1.9624634 0.6279375 0.5785604 0.5785604 0.5883301 0.5883301 0.5719939 0.5693991 2.2066623 2.0223386 1.9747172 1.7576341 1.9680058 1.8338685 1.9647315 1.8060886 1.8113905 0.2359036 0.2080383 0.2262333 1.8520842 1.9216920 2.3039061 2.0594609 2.8956613 
KM288846                                                           0.3696064 0.5403573 0.5147758 1.0054648 0.3546376 0.4801203 0.3717436 0.4843441 0.3475315 0.4843441 0.3607474 0.5098952 0.4709360 0.3598383 0.5185117 0.4758852 0.5243627 0.4696231 0.3767455 0.5004296 0.4741294 0.3648695 0.4741294 0.3767455 0.5004296 0.3670440 0.4693020 0.4682375 0.4682375 0.5143696 0.4881511 0.5186890 0.4922441 0.5174907 0.4922441 0.5170777 0.4881511 0.5244845 0.4895920 0.5451518 0.4838419 0.0207640 0.5191670 0.5364919 0.6076804 0.0000000 0.3608716 0.5204396 0.5155713 1.0231767 2.3938009 0.0147357 0.9910669 0.3821683 2.2560996 0.4797725 0.3715587 0.3715587 0.3841289 0.3841289 0.3893497 0.3658245 1.8719052 1.9363591 2.0168200 2.0209029 1.7884962 1.7454314 1.7652449 1.7158837 1.7053434 0.5272755 0.4949572 0.4950912 1.9076327 1.7100843 2.1917518 1.8906009 1.9876935 
