79
AF308158                                                           0.0000000 0.5874212 0.5426969 0.9386012 0.0177905 0.5614742 0.0133466 0.5733086 0.0089801 0.5733086 0.0179235 0.5345860 0.5530155 0.0194727 0.5376214 0.5585226 0.5633465 0.5362378 0.0253329 0.5799704 0.5720535 0.0331432 0.5720535 0.0253329 0.5799704 0.0255252 0.5499905 0.5528345 0.5528345 0.5139353 0.5743666 0.5152827 0.5743666 0.5140924 0.5743666 0.5127493 0.5743666 0.5171576 0.5697260 0.5505570 0.5656532 0.3639878 0.5352147 0.5544100 0.5691130 0.3695216 0.0253700 0.5651710 0.6031037 0.9588859 2.1920891 0.3571669 0.9712166 0.0331575 2.1131838 0.5691023 0.0447979 0.0447979 0.0414332 0.0414332 0.0429237 0.0374220 2.0979240 1.8641384 1.8208924 1.9439434 2.0763529 1.8234414 1.8941439 1.9400466 1.9429865 0.5706471 0.5204213 0.5267699 1.8273531 1.8613763 2.1392889 1.8289974 2.2519171 
AY366207                                                           0.5874212 0.0000000 0.6377869 1.1339078 0.6061564 0.5208401 0.5977847 0.5117853 0.5741642 0.5117853 0.5976323 0.5690868 0.5045544 0.5912713 0.5678342 0.5055155 0.5874319 0.4934960 0.6013514 0.5214122 0.5114041 0.6136503 0.5114041 0.6013514 0.5214122 0.6062460 0.4951763 0.4978758 0.4978758 0.5754330 0.5166568 0.5889340 0.5127685 0.5955342 0.5127685 0.5811549 0.5166568 0.5884009 0.5139514 0.6108032 0.5247649 0.5273635 0.5789476 0.5740065 0.5894390 0.5399378 0.6117122 0.0392354 0.1766820 1.1186113 2.4649674 0.5250308 1.0995326 0.6161272 2.1158750 0.5290567 0.5999407 0.5999407 0.6044458 0.6044458 0.6123318 0.5721550 1.9128211 1.8497042 1.8819538 2.0821706 1.7856249 1.9859142 1.9941435 2.0394887 1.9929152 0.5894593 0.5440305 0.5517462 2.1198561 1.9565686 2.3496757 1.9808342 2.1695964 
AY366208                                                           0.5426969 0.6377869 0.0000000 1.1256307 0.5419772 0.5957441 0.5352531 0.6025333 0.5099299 0.6025333 0.5382007 0.0555079 0.5783774 0.5323771 0.0602105 0.5841484 0.0651010 0.5776105 0.5436068 0.6170321 0.5930507 0.5517606 0.5930507 0.5436068 0.6170321 0.5345790 0.5811879 0.5797769 0.5797769 0.0530653 0.6002005 0.0563151 0.5958623 0.0545707 0.5958623 0.0529922 0.6002005 0.0545060 0.5973095 0.0446129 0.6000801 0.5321463 0.0563572 0.0613753 0.2769290 0.5144680 0.5456452 0.6108713 0.6366403 1.1471580 2.4894285 0.5190689 1.1531148 0.5508591 2.0713555 0.5998876 0.5426890 0.5426890 0.5521973 0.5521973 0.5451052 0.5307846 2.1506791 1.9630175 1.9670382 1.9570257 1.9738412 1.7853149 1.8914839 1.8386378 1.8270013 0.0571419 0.0413217 0.0445413 2.1972582 1.7893312 2.0844866 2.3750419 2.7374604 
AY366209                                                           0.9386012 1.1339078 1.1256307 0.0000000 0.9257997 1.0403465 0.9491037 1.0608776 0.9085683 1.0608776 0.9235541 1.1130450 1.0332334 0.9146734 1.1071433 1.0421292 1.1202490 1.0265647 0.9400183 1.0517084 1.0133053 0.9505534 1.0133053 0.9400183 1.0517084 0.9361038 1.0195636 1.0283080 1.0283080 1.1478689 1.0483460 1.1559964 1.0483460 1.1550147 1.0483460 1.1443042 1.0483460 1.1583171 1.0395638 1.1633473 1.0476342 0.9908816 1.1386061 1.1402616 1.0079675 1.0047299 0.9130452 1.1049863 1.1347498 0.0252838 2.6436496 0.9836959 0.0314960 0.9418960 2.6917035 1.0335481 1.0046059 1.0046059 1.0072822 1.0072822 1.0279587 0.9834261 2.2078312 2.0378329 1.9878613 2.2114991 2.2251736 1.9701408 2.1241997 2.0025032 2.0070505 1.1434097 1.0593010 1.1081613 2.2417911 2.1670351 2.7113422 2.1522367 2.3992236 
Hylocereus_polyrhizus_SRR11190795__NC_002815                       0.0177905 0.6061564 0.5419772 0.9257997 0.0000000 0.5757490 0.0133633 0.5699193 0.0089915 0.5699193 0.0164485 0.5464770 0.5587751 0.0179953 0.5494926 0.5643445 0.5668512 0.5418198 0.0238702 0.5855668 0.5640616 0.0285609 0.5640616 0.0238702 0.5855668 0.0240515 0.5557433 0.5586103 0.5586103 0.5170598 0.5709787 0.5184184 0.5709787 0.5172147 0.5709787 0.5158605 0.5709787 0.5202986 0.5663385 0.5539443 0.5800146 0.3364833 0.5351761 0.5578271 0.5813851 0.3545474 0.0208468 0.5743479 0.6172609 0.9457748 2.2374555 0.3423856 0.9437441 0.0285732 2.1337275 0.5745784 0.0368647 0.0368647 0.0335700 0.0335700 0.0350611 0.0278510 2.0946521 1.8055906 1.7947054 1.8482283 2.1069701 1.8704968 1.8956323 1.9082627 1.9445903 0.5742326 0.5236832 0.5300662 1.8129567 1.8802020 2.1182442 1.9005873 2.2165047 
Hylocereus_polyrhizus_SRR11190795__NC_024458                       0.5614742 0.5208401 0.5957441 1.0403465 0.5757490 0.0000000 0.5747173 0.0102755 0.5501527 0.0102755 0.5672365 0.5304264 0.0000010 0.5611333 0.5294677 0.0000010 0.5693667 0.0014720 0.5708186 0.0103059 0.0117768 0.5866311 0.0117768 0.5708186 0.0103059 0.5710107 0.0014720 0.0014699 0.0014699 0.5294811 0.0072997 0.5288682 0.0087760 0.5292549 0.0087760 0.5282436 0.0072997 0.5323732 0.0073123 0.5753186 0.0014507 0.4841232 0.5564575 0.5437465 0.6228035 0.4796360 0.5795988 0.5262120 0.6269736 1.0647301 2.4032335 0.4682050 1.0395648 0.6026532 1.7028052 0.0117376 0.5962530 0.5962530 0.6194535 0.6194535 0.6174945 0.5830710 1.8682356 2.0436415 1.9605434 1.9600162 1.9748516 1.8301620 1.8815817 1.7320778 1.6965275 0.5636692 0.5190339 0.5358102 1.5886250 1.7941859 1.9728111 2.0848842 2.4611626 
Hylocereus_polyrhizus_SRR11190796__NC_002815                       0.0133466 0.5977847 0.5352531 0.9491037 0.0133633 0.5747173 0.0000000 0.5778092 0.0000010 0.5778092 0.0089285 0.5484730 0.5576819 0.0104464 0.5514951 0.5632682 0.5599961 0.5448357 0.0148511 0.5936869 0.5761144 0.0210003 0.5761144 0.0148511 0.5936869 0.0164844 0.5617594 0.5646448 0.5646448 0.5104596 0.5788789 0.5118092 0.5788789 0.5106208 0.5788789 0.5092755 0.5788789 0.5136983 0.5741775 0.5471908 0.5700478 0.3531959 0.5317993 0.5510539 0.5526716 0.3716663 0.0163846 0.5751223 0.6137517 0.9698746 2.2695904 0.3592288 0.9746742 0.0194799 2.0825441 0.5825304 0.0339015 0.0339015 0.0306159 0.0306159 0.0321148 0.0263935 2.1390443 1.8833147 1.8392240 1.9153832 2.1173171 1.8846629 1.9096245 1.9563542 1.9593382 0.5672946 0.5168655 0.5232465 1.8192825 1.8883934 2.1640986 1.9106780 2.2465789 
Hylocereus_polyrhizus_SRR11190796__NC_024458                       0.5733086 0.5117853 0.6025333 1.0608776 0.5699193 0.0102755 0.5778092 0.0000000 0.5531902 0.0000010 0.5703069 0.5281113 0.0029462 0.5641793 0.5271673 0.0029411 0.5670485 0.0044397 0.5738704 0.0118223 0.0103078 0.5897469 0.0103078 0.5738704 0.0118223 0.5740710 0.0029547 0.0029508 0.0029508 0.5255814 0.0029111 0.5265736 0.0014528 0.5269598 0.0014528 0.5243548 0.0029111 0.5300795 0.0014549 0.5730034 0.0117605 0.4883916 0.5541484 0.5414495 0.6255903 0.4838741 0.5837525 0.5180321 0.6369200 1.0858871 2.4148464 0.4647226 1.0600978 0.6058420 1.6758436 0.0132527 0.5948646 0.5948646 0.6227357 0.6227357 0.6207640 0.5862455 1.8576356 1.9760859 1.9297610 1.9206224 1.9550099 1.8323608 1.8839514 1.7339353 1.6982595 0.5613270 0.5166845 0.5334441 1.5823084 1.7962591 1.9813080 2.0677247 2.4762283 
Hylocereus_polyrhizus_SRR11190797__NC_002815_-_25_kDa_protein_CDS  0.0089801 0.5741642 0.5099299 0.9085683 0.0089915 0.5501527 0.0000010 0.5531902 0.0000000 0.5531902 0.0000010 0.5183057 0.5360280 0.0000010 0.5214423 0.5415358 0.5341365 0.5245852 0.0044643 0.5687844 0.5515701 0.0135325 0.5515701 0.0044643 0.5687844 0.0075093 0.5355081 0.5383801 0.5383801 0.4856375 0.5542548 0.4869493 0.5542548 0.4858187 0.5542548 0.4845114 0.5542548 0.4888709 0.5496186 0.5217475 0.5501527 0.3293504 0.5065988 0.5215222 0.5380578 0.3474676 0.0104944 0.5413739 0.5790027 0.9284776 2.2538024 0.3352701 0.9330576 0.0135383 2.0659489 0.5620961 0.0277677 0.0277677 0.0245191 0.0245191 0.0260260 0.0201727 2.0694451 1.8655822 1.8213945 1.8894769 2.1212858 1.8518618 1.8822908 1.9385709 1.9415685 0.5411169 0.4912300 0.4975953 1.7864791 1.8611632 2.0713126 1.8871972 2.2193923 
Hylocereus_polyrhizus_SRR11190797__NC_024458                       0.5733086 0.5117853 0.6025333 1.0608776 0.5699193 0.0102755 0.5778092 0.0000010 0.5531902 0.0000000 0.5703069 0.5281113 0.0029462 0.5641793 0.5271673 0.0029411 0.5670485 0.0044397 0.5738704 0.0118223 0.0103078 0.5897469 0.0103078 0.5738704 0.0118223 0.5740710 0.0029547 0.0029508 0.0029508 0.5255814 0.0029111 0.5265736 0.0014528 0.5269598 0.0014528 0.5243548 0.0029111 0.5300795 0.0014549 0.5730034 0.0117605 0.4883916 0.5541484 0.5414495 0.6255903 0.4838741 0.5837525 0.5180321 0.6369200 1.0858871 2.4148464 0.4647226 1.0600978 0.6058420 1.6758436 0.0132527 0.5948646 0.5948646 0.6227357 0.6227357 0.6207640 0.5862455 1.8576356 1.9760859 1.9297610 1.9206224 1.9550099 1.8323608 1.8839514 1.7339353 1.6982595 0.5613270 0.5166845 0.5334441 1.5823084 1.7962591 1.9813080 2.0677247 2.4762283 
Hylocereus_polyrhizus_SRR11190798__NC_002815                       0.0179235 0.5976323 0.5382007 0.9235541 0.0164485 0.5672365 0.0089285 0.5703069 0.0000010 0.5703069 0.0000000 0.5385536 0.5502384 0.0000010 0.5416100 0.5557906 0.5589324 0.5461811 0.0044028 0.5860756 0.5601915 0.0194376 0.5601915 0.0044028 0.5860756 0.0074046 0.5451370 0.5480008 0.5480008 0.5093145 0.5713741 0.5106662 0.5713741 0.5094772 0.5713741 0.5081300 0.5713741 0.5125618 0.5666989 0.5461128 0.5625979 0.3486195 0.5306931 0.5404369 0.5540741 0.3606547 0.0133555 0.5713471 0.6096429 0.9604924 2.2198895 0.3483274 0.9652287 0.0194459 2.1498287 0.5840296 0.0338554 0.0338554 0.0305746 0.0305746 0.0320715 0.0263574 2.0782451 1.8980681 1.8535185 1.9075091 2.0791752 1.8608231 1.9143354 1.9603613 1.9633555 0.5662352 0.5157000 0.5220976 1.8135710 1.9138289 2.1485193 1.8704166 2.1661860 
Hylocereus_polyrhizus_SRR11190798__NC_006059                       0.5345860 0.5690868 0.0555079 1.1130450 0.5464770 0.5304264 0.5484730 0.5281113 0.5183057 0.5281113 0.5385536 0.0000000 0.5137552 0.5326644 0.0000010 0.5191065 0.0211470 0.5127816 0.5440173 0.5500566 0.5196528 0.5556873 0.5196528 0.5440173 0.5500566 0.5262612 0.5161717 0.5149512 0.5149512 0.0339999 0.5345500 0.0356076 0.5305138 0.0355006 0.5305138 0.0339534 0.5345500 0.0291389 0.5317687 0.0290944 0.5344609 0.5188499 0.0340313 0.0308338 0.2270129 0.5095980 0.5460794 0.5531583 0.5835343 1.1264038 2.4151458 0.4977332 1.1322250 0.5547715 2.0207834 0.5429556 0.5419866 0.5419866 0.5561518 0.5561518 0.5489441 0.5282878 2.0623364 1.8259510 1.7978809 1.7521674 1.9166448 1.7856142 1.8426302 1.8373470 1.8255670 0.0212244 0.0107241 0.0106811 2.2172875 1.7851791 1.9894618 2.2134552 2.7517673 
Hylocereus_polyrhizus_SRR11190798__NC_024458                       0.5530155 0.5045544 0.5783774 1.0332334 0.5587751 0.0000010 0.5576819 0.0029462 0.5360280 0.0029462 0.5502384 0.5137552 0.0000000 0.5442070 0.5129106 0.0000010 0.5523431 0.0014786 0.5549921 0.0059298 0.0059205 0.5696040 0.0059205 0.5549921 0.0059298 0.5597640 0.0000010 0.0000010 0.0000010 0.5129347 0.0000010 0.5123575 0.0014677 0.5127362 0.0014677 0.5117359 0.0000010 0.5158375 0.0000010 0.5582699 0.0000010 0.4749308 0.5396053 0.5270907 0.6117397 0.4704570 0.5626288 0.5098223 0.6234994 1.0576805 2.3367270 0.4590337 1.0324420 0.5854275 1.6563438 0.0073865 0.5820981 0.5820981 0.6019467 0.6019467 0.6000291 0.5656792 1.8556242 2.0240920 1.9410289 1.9485981 1.9494524 1.7739897 1.8219080 1.6784345 1.6438032 0.5465149 0.5022224 0.5187229 1.5571235 1.7389652 1.9109512 2.0729403 2.4341375 
Hylocereus_polyrhizus_SRR11190801__NC_002815_-_25_kDa_protein_CDS  0.0194727 0.5912713 0.5323771 0.9146734 0.0179953 0.5611333 0.0104464 0.5641793 0.0000010 0.5641793 0.0000010 0.5326644 0.5442070 0.0000000 0.5357345 0.5497176 0.5529357 0.5401666 0.0044069 0.5798239 0.5541495 0.0209927 0.5541495 0.0044069 0.5798239 0.0074246 0.5391237 0.5419759 0.5419759 0.5037152 0.5652417 0.5050541 0.5652417 0.5038822 0.5652417 0.5025477 0.5652417 0.5069506 0.5605988 0.5402517 0.5565305 0.3477374 0.5249375 0.5346204 0.5481200 0.3597410 0.0148816 0.5651716 0.6032071 0.9512765 2.1741936 0.3474464 0.9559608 0.0210018 2.1291210 0.5778008 0.0354986 0.0354986 0.0321973 0.0321973 0.0336969 0.0279906 2.0579316 1.8797397 1.8356374 1.8890564 2.0589115 1.8431830 1.8961347 1.9601761 1.9631736 0.5601404 0.5098941 0.5162665 1.7963859 1.8956455 2.1278240 1.8523464 2.1662001 
Hylocereus_polyrhizus_SRR11190801__NC_006059                       0.5376214 0.5678342 0.0602105 1.1071433 0.5494926 0.5294677 0.5514951 0.5271673 0.5214423 0.5271673 0.5416100 0.0000010 0.5129106 0.5357345 0.0000000 0.5182225 0.0210329 0.5119406 0.5470313 0.5489515 0.5187738 0.5586775 0.5187738 0.5470313 0.5489515 0.5293256 0.5153068 0.5140965 0.5140965 0.0370047 0.5335611 0.0370057 0.5295541 0.0369478 0.5295541 0.0369541 0.5335611 0.0321323 0.5307985 0.0352438 0.5334729 0.5275088 0.0386403 0.0354304 0.2254324 0.5181981 0.5490921 0.5603339 0.5864643 1.1203762 2.4075982 0.5062769 1.1261295 0.5577638 2.0593367 0.5419050 0.5450210 0.5450210 0.5591564 0.5591564 0.5519621 0.5285901 2.0474003 1.8310442 1.8030166 1.7383698 1.9216006 1.8148761 1.8726104 1.8673172 1.8553714 0.0212244 0.0107094 0.0106811 2.2524129 1.8144209 2.0213066 2.2465217 2.7730573 
Hylocereus_polyrhizus_SRR11190801__NC_024458                       0.5585226 0.5055155 0.5841484 1.0421292 0.5643445 0.0000010 0.5632682 0.0029411 0.5415358 0.0029411 0.5557906 0.5191065 0.0000010 0.5497176 0.5182225 0.0000000 0.5579243 0.0014742 0.5605170 0.0059194 0.0059102 0.5752216 0.0059102 0.5605170 0.0059194 0.5653314 0.0000010 0.0000010 0.0000010 0.5224915 0.0000010 0.5218907 0.0014656 0.5222761 0.0014656 0.5212640 0.0000010 0.5254034 0.0000010 0.5683613 0.0000010 0.4799186 0.5450930 0.5324771 0.6226226 0.4754100 0.5682077 0.5107934 0.6345775 1.0667511 2.3789118 0.4639126 1.0413418 0.5911564 1.6481878 0.0073737 0.5878255 0.5878255 0.6078178 0.6078178 0.6058806 0.5714063 1.8710580 2.0410489 1.9572699 1.9749470 1.9657419 1.7886280 1.8369121 1.6923074 1.6574025 0.5521222 0.5075825 0.5242238 1.5838632 1.7533158 1.9266113 2.0611832 2.4545695 
Hylocereus_polyrhizus_SRR11190802__NC_006059                       0.5633465 0.5874319 0.0651010 1.1202490 0.5668512 0.5693667 0.5599961 0.5670485 0.5341365 0.5670485 0.5589324 0.0211470 0.5523431 0.5529357 0.0210329 0.5579243 0.0000000 0.5514958 0.5642962 0.5898980 0.5580964 0.5727267 0.5580964 0.5642962 0.5898980 0.5462780 0.5549823 0.5536542 0.5536542 0.0385471 0.5736692 0.0384956 0.5694716 0.0384354 0.5694716 0.0384945 0.5736692 0.0400025 0.5708349 0.0399235 0.5735623 0.5334112 0.0466258 0.0466307 0.2206876 0.5240363 0.5664195 0.5797739 0.6146394 1.1335727 2.4995020 0.5120434 1.1393936 0.5717981 2.1010525 0.5824271 0.5543634 0.5543634 0.5686530 0.5686530 0.5613747 0.5435547 2.1024026 1.8940164 1.8649377 1.8261320 1.8811686 1.8868537 1.9859561 1.9424804 1.9300188 0.0134308 0.0075768 0.0075484 2.1720367 1.9240080 2.0351123 2.2453707 2.6405018 
Hylocereus_polyrhizus_SRR11190802__NC_024458                       0.5362378 0.4934960 0.5776105 1.0265647 0.5418198 0.0014720 0.5448357 0.0044397 0.5245852 0.0044397 0.5461811 0.5127816 0.0014786 0.5401666 0.5119406 0.0014742 0.5514958 0.0000000 0.5509655 0.0059474 0.0074350 0.5567117 0.0074350 0.5509655 0.0059474 0.5557176 0.0014829 0.0014808 0.0014808 0.5161964 0.0014720 0.5156088 0.0029491 0.5159914 0.0029491 0.5149828 0.0014720 0.5191146 0.0014742 0.5619095 0.0029470 0.4695704 0.5387191 0.5217986 0.5986960 0.4691421 0.5498102 0.4986970 0.6258839 1.0427726 2.2966089 0.4537173 1.0178677 0.5723098 1.6215884 0.0089049 0.5689762 0.5689762 0.5885275 0.5885275 0.5866522 0.5525287 1.8302968 1.9971353 1.9150901 1.9059022 1.8888648 1.7430448 1.7901755 1.6491581 1.6151391 0.5456390 0.5011963 0.5177441 1.5372865 1.7086385 1.8811347 1.9936736 2.3851211 
Hylocereus_undatus_SRR11190791__NC_002815_-_25_kDa_protein_CDS     0.0253329 0.6013514 0.5436068 0.9400183 0.0238702 0.5708186 0.0148511 0.5738704 0.0044643 0.5738704 0.0044028 0.5440173 0.5549921 0.0044069 0.5470313 0.5605170 0.5642962 0.5509655 0.0000000 0.5895425 0.5726135 0.0283964 0.5726135 0.0000010 0.5895425 0.0088201 0.5534726 0.5563211 0.5563211 0.5147899 0.5749290 0.5161403 0.5749290 0.5149465 0.5749290 0.5136004 0.5749290 0.5180165 0.5702848 0.5514779 0.5662083 0.3581165 0.5361090 0.5468127 0.5694898 0.3766480 0.0207283 0.5752248 0.6229981 0.9671150 2.2209886 0.3641692 0.9795951 0.0284085 2.1354038 0.5875055 0.0397907 0.0397907 0.0381268 0.0381268 0.0396117 0.0324753 2.0912041 1.9094016 1.8650030 1.9285523 2.1325475 1.8740103 1.9274161 1.9944937 1.9975030 0.5716165 0.5213128 0.5276701 1.8006033 1.9450022 2.1543981 1.9080466 2.2631448 
Hylocereus_undatus_SRR11190791__NC_024458                          0.5799704 0.5214122 0.6170321 1.0517084 0.5855668 0.0103059 0.5936869 0.0118223 0.5687844 0.0118223 0.5860756 0.5500566 0.0059298 0.5798239 0.5489515 0.0059194 0.5898980 0.0059474 0.5895425 0.0000000 0.0133388 0.6057382 0.0133388 0.5895425 0.0000010 0.5897890 0.0059470 0.0059391 0.0059391 0.5489496 0.0088173 0.5482858 0.0103062 0.5486849 0.0103062 0.5476518 0.0088173 0.5518610 0.0088326 0.5959578 0.0117965 0.5045128 0.5766162 0.5635168 0.6330280 0.4998721 0.5985545 0.5268150 0.6423571 1.0697464 2.4457592 0.4881117 1.0445612 0.6221810 1.7174611 0.0132935 0.6110145 0.6110145 0.6395036 0.6395036 0.6374738 0.6025450 1.8752349 1.9674257 1.8880170 1.9488448 1.9321035 1.8455410 1.8974570 1.7464445 1.7105285 0.5842828 0.5387047 0.5559980 1.6246052 1.8091840 1.9709987 2.0705480 2.4656494 
Hylocereus_undatus_SRR11190792__NC_024458_-_TGB1_CDS               0.5720535 0.5114041 0.5930507 1.0133053 0.5640616 0.0117768 0.5761144 0.0103078 0.5515701 0.0103078 0.5601915 0.5196528 0.0059205 0.5541495 0.5187738 0.0059102 0.5580964 0.0074350 0.5726135 0.0133388 0.0000000 0.5794727 0.0000010 0.5726135 0.0133388 0.5639861 0.0044448 0.0044389 0.0044389 0.5187941 0.0073226 0.5182084 0.0088036 0.5185875 0.0088036 0.5175898 0.0073226 0.5216738 0.0073352 0.5639903 0.0132682 0.4780824 0.5453889 0.5328922 0.6108513 0.4736428 0.5725008 0.5249323 0.6400305 1.0369873 2.3911416 0.4623155 1.0125169 0.5953286 1.6659694 0.0147683 0.5844830 0.5844830 0.6119238 0.6119238 0.6099924 0.5757793 1.8934896 1.9817985 1.9016950 1.9708828 1.9871322 1.8235802 1.8748356 1.7258549 1.6904403 0.5523533 0.5082478 0.5247323 1.6219732 1.8018457 2.0001797 2.0741448 2.4124520 
Hylocereus_undatus_SRR11190793__NC_002815_-_25_kDa_protein_CDS     0.0331432 0.6136503 0.5517606 0.9505534 0.0285609 0.5866311 0.0210003 0.5897469 0.0135325 0.5897469 0.0194376 0.5556873 0.5696040 0.0209927 0.5586775 0.5752216 0.5727267 0.5567117 0.0283964 0.6057382 0.5794727 0.0000000 0.5794727 0.0283964 0.6057382 0.0270245 0.5645046 0.5673711 0.5673711 0.5309002 0.5908155 0.5322860 0.5908155 0.5310419 0.5908155 0.5296605 0.5908155 0.5341613 0.5860903 0.5596992 0.5819300 0.3528772 0.5441567 0.5636093 0.5863501 0.3647593 0.0222971 0.5828766 0.6318399 0.9711900 2.3128897 0.3589060 0.9547910 0.0237880 2.2067333 0.5944924 0.0398188 0.0398188 0.0365151 0.0365151 0.0379984 0.0292681 2.0947971 1.8821550 1.8708401 1.9568722 2.1380508 1.8863776 1.9402095 1.9392627 1.9761765 0.5802000 0.5294104 0.5358130 1.8730681 1.9396807 2.1499877 1.9545937 2.3174121 
Hylocereus_undatus_SRR11190793__NC_024458                          0.5720535 0.5114041 0.5930507 1.0133053 0.5640616 0.0117768 0.5761144 0.0103078 0.5515701 0.0103078 0.5601915 0.5196528 0.0059205 0.5541495 0.5187738 0.0059102 0.5580964 0.0074350 0.5726135 0.0133388 0.0000010 0.5794727 0.0000000 0.5726135 0.0133388 0.5639861 0.0044448 0.0044389 0.0044389 0.5187941 0.0073226 0.5182084 0.0088036 0.5185875 0.0088036 0.5175898 0.0073226 0.5216738 0.0073352 0.5639903 0.0132682 0.4780824 0.5453889 0.5328922 0.6108513 0.4736428 0.5725008 0.5249323 0.6400305 1.0369873 2.3911416 0.4623155 1.0125169 0.5953286 1.6659694 0.0147683 0.5844830 0.5844830 0.6119238 0.6119238 0.6099924 0.5757793 1.8934896 1.9817985 1.9016950 1.9708828 1.9871322 1.8235802 1.8748356 1.7258549 1.6904403 0.5523533 0.5082478 0.5247323 1.6219732 1.8018457 2.0001797 2.0741448 2.4124520 
Hylocereus_undatus_SRR11190799__NC_002815_-_25_kDa_protein_CDS     0.0253329 0.6013514 0.5436068 0.9400183 0.0238702 0.5708186 0.0148511 0.5738704 0.0044643 0.5738704 0.0044028 0.5440173 0.5549921 0.0044069 0.5470313 0.5605170 0.5642962 0.5509655 0.0000010 0.5895425 0.5726135 0.0283964 0.5726135 0.0000000 0.5895425 0.0088201 0.5534726 0.5563211 0.5563211 0.5147899 0.5749290 0.5161403 0.5749290 0.5149465 0.5749290 0.5136004 0.5749290 0.5180165 0.5702848 0.5514779 0.5662083 0.3581165 0.5361090 0.5468127 0.5694898 0.3766480 0.0207283 0.5752248 0.6229981 0.9671150 2.2209886 0.3641692 0.9795951 0.0284085 2.1354038 0.5875055 0.0397907 0.0397907 0.0381268 0.0381268 0.0396117 0.0324753 2.0912041 1.9094016 1.8650030 1.9285523 2.1325475 1.8740103 1.9274161 1.9944937 1.9975030 0.5716165 0.5213128 0.5276701 1.8006033 1.9450022 2.1543981 1.9080466 2.2631448 
Hylocereus_undatus_SRR11190799__NC_024458                          0.5799704 0.5214122 0.6170321 1.0517084 0.5855668 0.0103059 0.5936869 0.0118223 0.5687844 0.0118223 0.5860756 0.5500566 0.0059298 0.5798239 0.5489515 0.0059194 0.5898980 0.0059474 0.5895425 0.0000010 0.0133388 0.6057382 0.0133388 0.5895425 0.0000000 0.5897890 0.0059470 0.0059391 0.0059391 0.5489496 0.0088173 0.5482858 0.0103062 0.5486849 0.0103062 0.5476518 0.0088173 0.5518610 0.0088326 0.5959578 0.0117965 0.5045128 0.5766162 0.5635168 0.6330280 0.4998721 0.5985545 0.5268150 0.6423571 1.0697464 2.4457592 0.4881117 1.0445612 0.6221810 1.7174611 0.0132935 0.6110145 0.6110145 0.6395036 0.6395036 0.6374738 0.6025450 1.8752349 1.9674257 1.8880170 1.9488448 1.9321035 1.8455410 1.8974570 1.7464445 1.7105285 0.5842828 0.5387047 0.5559980 1.6246052 1.8091840 1.9709987 2.0705480 2.4656494 
Hylocereus_undatus_SRR11603182__NC_002815_-_25_kDa_protein_CDS     0.0255252 0.6062460 0.5345790 0.9361038 0.0240515 0.5710107 0.0164844 0.5740710 0.0075093 0.5740710 0.0074046 0.5262612 0.5597640 0.0074246 0.5293256 0.5653314 0.5462780 0.5557176 0.0088201 0.5897890 0.5639861 0.0270245 0.5639861 0.0088201 0.5897890 0.0000000 0.5490423 0.5518885 0.5518885 0.4978115 0.5751324 0.4991282 0.5751324 0.4979817 0.5751324 0.4966693 0.5751324 0.5010133 0.5704755 0.5338282 0.5663881 0.3486282 0.5187293 0.5292554 0.5469925 0.3669518 0.0208845 0.5846433 0.6042965 0.9564747 2.2483950 0.3546138 0.9688623 0.0286251 2.1826406 0.5877455 0.0400476 0.0400476 0.0384240 0.0384240 0.0399203 0.0311256 2.0653781 1.8855675 1.8416008 1.9399573 2.1045771 1.8881930 1.9423754 1.9914711 1.9944904 0.5533264 0.5079736 0.5142925 1.7916965 1.9418414 2.1762225 1.8746719 2.2411648 
Hylocereus_undatus_SRR11603182__NC_024458                          0.5499905 0.4951763 0.5811879 1.0195636 0.5557433 0.0014720 0.5617594 0.0029547 0.5355081 0.0029547 0.5451370 0.5161717 0.0000010 0.5391237 0.5153068 0.0000010 0.5549823 0.0014829 0.5534726 0.0059470 0.0044448 0.5645046 0.0044448 0.5534726 0.0059470 0.5490423 0.0000000 0.0000010 0.0000010 0.5153295 0.0000010 0.5147447 0.0014720 0.5151263 0.0014720 0.5141199 0.0000010 0.5182435 0.0000010 0.5609393 0.0029470 0.4733013 0.5421620 0.5295630 0.5994781 0.4688219 0.5575430 0.5028209 0.6315812 1.0437427 2.2659817 0.4573795 1.0187658 0.5813457 1.6439215 0.0074079 0.5769270 0.5769270 0.5967079 0.5967079 0.5948030 0.5604683 1.8672123 2.0465988 1.9783355 1.9372612 1.9871933 1.8094700 1.8642357 1.7113482 1.6757987 0.5491487 0.5046081 0.5212223 1.5662179 1.7571390 1.9113768 2.0383777 2.3620313 
Hylocereus_undatus_SRR11603183__NC_024458                          0.5528345 0.4978758 0.5797769 1.0283080 0.5586103 0.0014699 0.5646448 0.0029508 0.5383801 0.0029508 0.5480008 0.5149512 0.0000010 0.5419759 0.5140965 0.0000010 0.5536542 0.0014808 0.5563211 0.0059391 0.0044389 0.5673711 0.0044389 0.5563211 0.0059391 0.5518885 0.0000010 0.0000000 0.0000010 0.5141199 0.0000010 0.5135389 0.0014699 0.5139190 0.0014699 0.5129156 0.0000010 0.5170286 0.0000010 0.5595968 0.0029426 0.4722249 0.5408739 0.5283160 0.6024154 0.4677589 0.5604006 0.5016581 0.6299939 1.0526576 2.2816336 0.4563475 1.0275143 0.5842481 1.6375976 0.0073981 0.5769270 0.5769270 0.5996577 0.5996577 0.5977454 0.5633968 1.8595740 2.0378000 1.9699660 1.9291639 1.9787885 1.8022378 1.8566942 1.7046865 1.6693407 0.5478226 0.5034017 0.5199605 1.5603797 1.7502170 1.9035889 2.0295974 2.3817085 
Hylocereus_undatus_SRR11603184__NC_024458                          0.5528345 0.4978758 0.5797769 1.0283080 0.5586103 0.0014699 0.5646448 0.0029508 0.5383801 0.0029508 0.5480008 0.5149512 0.0000010 0.5419759 0.5140965 0.0000010 0.5536542 0.0014808 0.5563211 0.0059391 0.0044389 0.5673711 0.0044389 0.5563211 0.0059391 0.5518885 0.0000010 0.0000010 0.0000000 0.5141199 0.0000010 0.5135389 0.0014699 0.5139190 0.0014699 0.5129156 0.0000010 0.5170286 0.0000010 0.5595968 0.0029426 0.4722249 0.5408739 0.5283160 0.6024154 0.4677589 0.5604006 0.5016581 0.6299939 1.0526576 2.2816336 0.4563475 1.0275143 0.5842481 1.6375976 0.0073981 0.5769270 0.5769270 0.5996577 0.5996577 0.5977454 0.5633968 1.8595740 2.0378000 1.9699660 1.9291639 1.9787885 1.8022378 1.8566942 1.7046865 1.6693407 0.5478226 0.5034017 0.5199605 1.5603797 1.7502170 1.9035889 2.0295974 2.3817085 
Hylocereus_undatus_SRR11603186__NC_006059                          0.5139353 0.5754330 0.0530653 1.1478689 0.5170598 0.5294811 0.5104596 0.5255814 0.4856375 0.5255814 0.5093145 0.0339999 0.5129347 0.5037152 0.0370047 0.5224915 0.0385471 0.5161964 0.5147899 0.5489496 0.5187941 0.5309002 0.5187941 0.5147899 0.5489496 0.4978115 0.5153295 0.5141199 0.5141199 0.0000000 0.5335715 0.0029376 0.5295674 0.0014642 0.5295674 0.0000010 0.5335715 0.0044023 0.5308109 0.0285947 0.5334834 0.5232729 0.0383336 0.0350436 0.2316966 0.5140542 0.5176743 0.5689320 0.5916854 1.1616382 2.5121878 0.5103206 1.1677153 0.5217204 2.0634846 0.5419090 0.5176726 0.5176726 0.5268283 0.5268283 0.5200016 0.5043859 1.9859488 1.8734753 1.8595745 1.7956591 1.9165212 1.9052852 2.0032522 1.9269763 1.9145895 0.0388556 0.0233445 0.0248373 2.1029516 1.9405334 1.9907296 2.2298472 2.8230807 
Hylocereus_undatus_SRR11603186__NC_024458                          0.5743666 0.5166568 0.6002005 1.0483460 0.5709787 0.0072997 0.5788789 0.0029111 0.5542548 0.0029111 0.5713741 0.5345500 0.0000010 0.5652417 0.5335611 0.0000010 0.5736692 0.0014720 0.5749290 0.0088173 0.0073226 0.5908155 0.0073226 0.5749290 0.0088173 0.5751324 0.0000010 0.0000010 0.0000010 0.5335715 0.0000000 0.5329483 0.0014507 0.5333376 0.0014507 0.5323218 0.0000010 0.5364670 0.0000010 0.5796424 0.0087724 0.4922014 0.5606854 0.5478960 0.6326236 0.4876615 0.5837545 0.5219916 0.6414642 1.0729609 2.4001889 0.4761208 1.0475655 0.6069201 1.6720689 0.0102515 0.5959398 0.5959398 0.6238255 0.6238255 0.6218521 0.5873373 1.9007001 2.0250083 1.9428236 1.9438487 1.9757760 1.8278837 1.8792459 1.7299137 1.6944030 0.5679903 0.5231684 0.5400487 1.6008749 1.7919516 1.9703684 2.0994387 2.4607979 
Hylocereus_undatus_SRR11603187__NC_006059                          0.5152827 0.5889340 0.0563151 1.1559964 0.5184184 0.5288682 0.5118092 0.5265736 0.4869493 0.5265736 0.5106662 0.0356076 0.5123575 0.5050541 0.0370057 0.5218907 0.0384956 0.5156088 0.5161403 0.5482858 0.5182084 0.5322860 0.5182084 0.5161403 0.5482858 0.4991282 0.5147447 0.5135389 0.5135389 0.0029376 0.5329483 0.0000000 0.5289541 0.0000010 0.5289541 0.0029338 0.5329483 0.0073534 0.5301937 0.0316753 0.5328606 0.5276274 0.0414943 0.0381768 0.2272343 0.5183572 0.5180728 0.5812726 0.6040797 1.1781598 2.5078908 0.5146081 1.1843534 0.5230879 2.0671618 0.5372314 0.5190370 0.5190370 0.5282144 0.5282144 0.5213715 0.5069529 1.9856663 1.9046560 1.8753690 1.8009815 1.8892966 1.9089068 2.0093943 1.9330124 1.9206067 0.0404250 0.0249104 0.0263998 2.1395608 1.9465807 1.9610622 2.2616003 2.7660772 
Hylocereus_undatus_SRR11603187__NC_024458                          0.5743666 0.5127685 0.5958623 1.0483460 0.5709787 0.0087760 0.5788789 0.0014528 0.5542548 0.0014528 0.5713741 0.5305138 0.0014677 0.5652417 0.5295541 0.0014656 0.5694716 0.0029491 0.5749290 0.0103062 0.0088036 0.5908155 0.0088036 0.5749290 0.0103062 0.5751324 0.0014720 0.0014699 0.0014699 0.5295674 0.0014507 0.5289541 0.0000000 0.5293410 0.0000010 0.5283293 0.0014507 0.5324606 0.0000010 0.5754261 0.0102536 0.4963201 0.5565561 0.5438389 0.6280934 0.4917528 0.5837545 0.5180694 0.6368729 1.0729609 2.4001889 0.4724267 1.0475655 0.6069201 1.6720689 0.0117379 0.5959398 0.5959398 0.6238255 0.6238255 0.6218521 0.5873373 1.8855231 2.0086070 1.9614592 1.9438487 1.9598527 1.8278837 1.8792459 1.7299137 1.6944030 0.5637725 0.5191177 0.5359018 1.6008749 1.7919516 1.9703684 2.0994387 2.4607979 
Hylocereus_undatus_SRR11603189__NC_006059                          0.5140924 0.5955342 0.0545707 1.1550147 0.5172147 0.5292549 0.5106208 0.5269598 0.4858187 0.5269598 0.5094772 0.0355006 0.5127362 0.5038822 0.0369478 0.5222761 0.0384354 0.5159914 0.5149465 0.5486849 0.5185875 0.5310419 0.5185875 0.5149465 0.5486849 0.4979817 0.5151263 0.5139190 0.5139190 0.0014642 0.5333376 0.0000010 0.5293410 0.0000000 0.5293410 0.0014623 0.5333376 0.0058642 0.5305819 0.0300705 0.5332498 0.5264019 0.0398275 0.0365312 0.2316428 0.5171599 0.5168716 0.5878089 0.6099965 1.1771040 2.5414380 0.5134206 1.1832746 0.5218711 2.0497431 0.5416590 0.5178276 0.5178276 0.5269750 0.5269750 0.5201545 0.5057516 2.0025920 1.9006585 1.8714894 1.7996735 1.9024311 1.8931856 1.9926255 1.9170233 1.9047514 0.0403030 0.0248350 0.0263201 2.1212547 1.9304711 1.9744196 2.2413320 2.8235193 
Hylocereus_undatus_SRR11603189__NC_024458                          0.5743666 0.5127685 0.5958623 1.0483460 0.5709787 0.0087760 0.5788789 0.0014528 0.5542548 0.0014528 0.5713741 0.5305138 0.0014677 0.5652417 0.5295541 0.0014656 0.5694716 0.0029491 0.5749290 0.0103062 0.0088036 0.5908155 0.0088036 0.5749290 0.0103062 0.5751324 0.0014720 0.0014699 0.0014699 0.5295674 0.0014507 0.5289541 0.0000010 0.5293410 0.0000000 0.5283293 0.0014507 0.5324606 0.0000010 0.5754261 0.0102536 0.4963201 0.5565561 0.5438389 0.6280934 0.4917528 0.5837545 0.5180694 0.6368729 1.0729609 2.4001889 0.4724267 1.0475655 0.6069201 1.6720689 0.0117379 0.5959398 0.5959398 0.6238255 0.6238255 0.6218521 0.5873373 1.8855231 2.0086070 1.9614592 1.9438487 1.9598527 1.8278837 1.8792459 1.7299137 1.6944030 0.5637725 0.5191177 0.5359018 1.6008749 1.7919516 1.9703684 2.0994387 2.4607979 
Hylocereus_undatus_SRR11603190__NC_006059                          0.5127493 0.5811549 0.0529922 1.1443042 0.5158605 0.5282436 0.5092755 0.5243548 0.4845114 0.5243548 0.5081300 0.0339534 0.5117359 0.5025477 0.0369541 0.5212640 0.0384945 0.5149828 0.5136004 0.5476518 0.5175898 0.5296605 0.5175898 0.5136004 0.5476518 0.4966693 0.5141199 0.5129156 0.5129156 0.0000010 0.5323218 0.0029338 0.5283293 0.0014623 0.5283293 0.0000000 0.5323218 0.0043965 0.5295674 0.0285566 0.5322344 0.5260012 0.0382815 0.0349963 0.2313023 0.5167640 0.5164743 0.5746128 0.5975145 1.1662427 2.5008208 0.5130262 1.1723506 0.5205079 2.0548563 0.5406346 0.5164675 0.5164675 0.5255932 0.5255932 0.5187889 0.5043859 2.0023383 1.8808965 1.8520477 1.7885168 1.9086320 1.8975825 1.9949880 1.9191392 1.9068256 0.0388022 0.0233122 0.0248031 2.0940516 1.9326289 1.9825521 2.2484854 2.8333208 
Hylocereus_undatus_SRR11603190__NC_024458                          0.5743666 0.5166568 0.6002005 1.0483460 0.5709787 0.0072997 0.5788789 0.0029111 0.5542548 0.0029111 0.5713741 0.5345500 0.0000010 0.5652417 0.5335611 0.0000010 0.5736692 0.0014720 0.5749290 0.0088173 0.0073226 0.5908155 0.0073226 0.5749290 0.0088173 0.5751324 0.0000010 0.0000010 0.0000010 0.5335715 0.0000010 0.5329483 0.0014507 0.5333376 0.0014507 0.5323218 0.0000000 0.5364670 0.0000010 0.5796424 0.0087724 0.4922014 0.5606854 0.5478960 0.6326236 0.4876615 0.5837545 0.5219916 0.6414642 1.0729609 2.4001889 0.4761208 1.0475655 0.6069201 1.6720689 0.0102515 0.5959398 0.5959398 0.6238255 0.6238255 0.6218521 0.5873373 1.9007001 2.0250083 1.9428236 1.9438487 1.9757760 1.8278837 1.8792459 1.7299137 1.6944030 0.5679903 0.5231684 0.5400487 1.6008749 1.7919516 1.9703684 2.0994387 2.4607979 
Hylocereus_undatus_SRR11603191__NC_006059                          0.5171576 0.5884009 0.0545060 1.1583171 0.5202986 0.5323732 0.5136983 0.5300795 0.4888709 0.5300795 0.5125618 0.0291389 0.5158375 0.5069506 0.0321323 0.5254034 0.0400025 0.5191146 0.5180165 0.5518610 0.5216738 0.5341613 0.5216738 0.5180165 0.5518610 0.5010133 0.5182435 0.5170286 0.5170286 0.0044023 0.5364670 0.0073534 0.5324606 0.0058642 0.5324606 0.0043965 0.5364670 0.0000000 0.5337092 0.0300362 0.5363779 0.5334679 0.0397812 0.0333355 0.2310272 0.5241515 0.5199510 0.5807506 0.5983601 1.1627543 2.5518128 0.5203911 1.1688089 0.5249659 2.0499263 0.5448103 0.5126998 0.5126998 0.5261072 0.5261072 0.5193026 0.5005984 1.9915537 1.8735353 1.8448908 1.7603918 1.8930211 1.8933717 1.9928068 1.9172075 1.9049365 0.0403218 0.0248467 0.0263324 2.0994933 1.9306542 2.0443938 2.2169124 2.8057604 
Hylocereus_undatus_SRR11603191__NC_024458                          0.5697260 0.5139514 0.5973095 1.0395638 0.5663385 0.0073123 0.5741775 0.0014549 0.5496186 0.0014549 0.5666989 0.5317687 0.0000010 0.5605988 0.5307985 0.0000010 0.5708349 0.0014742 0.5702848 0.0088326 0.0073352 0.5860903 0.0073352 0.5702848 0.0088326 0.5704755 0.0000010 0.0000010 0.0000010 0.5308109 0.0000010 0.5301937 0.0000010 0.5305819 0.0000010 0.5295674 0.0000010 0.5337092 0.0000000 0.5768041 0.0087875 0.4936575 0.5578788 0.5451201 0.6296503 0.4890999 0.5790604 0.5192706 0.6384629 1.0640068 2.3808904 0.4734912 1.0387793 0.6021057 1.6606135 0.0102692 0.5911717 0.5911717 0.6188982 0.6188982 0.6169402 0.5825190 1.8932305 2.0171019 1.9537557 1.9279902 1.9680379 1.8131772 1.8664825 1.7159828 1.6807503 0.5651342 0.5203598 0.5371994 1.5899699 1.7775386 1.9570337 2.0848226 2.4438543 
JF930326                                                           0.5505570 0.6108032 0.0446129 1.1633473 0.5539443 0.5753186 0.5471908 0.5730034 0.5217475 0.5730034 0.5461128 0.0290944 0.5582699 0.5402517 0.0352438 0.5683613 0.0399235 0.5619095 0.5514779 0.5959578 0.5639903 0.5596992 0.5639903 0.5514779 0.5959578 0.5338282 0.5609393 0.5595968 0.5595968 0.0285947 0.5796424 0.0316753 0.5754261 0.0300705 0.5754261 0.0285566 0.5796424 0.0300362 0.5768041 0.0000000 0.5795329 0.5544278 0.0302320 0.0301444 0.2550154 0.5448517 0.5535391 0.5848219 0.6009074 1.1677920 2.5695558 0.5326518 1.1738769 0.5587914 2.1737005 0.5884419 0.5461350 0.5461350 0.5556530 0.5556530 0.5485528 0.5343077 2.2299433 1.9140428 1.8847254 1.8915481 1.9164011 1.8889887 2.0227443 2.0147642 2.0017857 0.0274915 0.0153442 0.0152760 2.1724074 1.9260939 2.1484779 2.3269197 2.8199390 
JF930327                                                           0.5656532 0.5247649 0.6000801 1.0476342 0.5800146 0.0014507 0.5700478 0.0117605 0.5501527 0.0117605 0.5625979 0.5344609 0.0000010 0.5565305 0.5334729 0.0000010 0.5735623 0.0029470 0.5662083 0.0117965 0.0132682 0.5819300 0.0132682 0.5662083 0.0117965 0.5663881 0.0029470 0.0029426 0.0029426 0.5334834 0.0087724 0.5328606 0.0102536 0.5332498 0.0102536 0.5322344 0.0087724 0.5363779 0.0087875 0.5795329 0.0000000 0.4878668 0.5605848 0.5478017 0.6273014 0.4833568 0.5749334 0.5301715 0.6315063 1.0722178 2.4229220 0.4718790 1.0468539 0.5978511 1.7161935 0.0132240 0.5914792 0.5914792 0.6145238 0.6145238 0.6125821 0.5782801 1.8832335 2.0603736 1.9764921 1.9759490 1.9909053 1.8446604 1.8965221 1.7456679 1.7097884 0.5678849 0.5230829 0.5399551 1.6008748 1.8083427 1.9885395 2.1021279 2.4816852 
JF937699                                                           0.3639878 0.5273635 0.5321463 0.9908816 0.3364833 0.4841232 0.3531959 0.4883916 0.3293504 0.4883916 0.3486195 0.5188499 0.4749308 0.3477374 0.5275088 0.4799186 0.5334112 0.4695704 0.3581165 0.5045128 0.4780824 0.3528772 0.4780824 0.3581165 0.5045128 0.3486282 0.4733013 0.4722249 0.4722249 0.5232729 0.4922014 0.5276274 0.4963201 0.5264019 0.4963201 0.5260012 0.4922014 0.5334679 0.4936575 0.5544278 0.4878668 0.0000000 0.5281469 0.5456363 0.5860258 0.0207643 0.3488361 0.5076975 0.4951103 0.9930904 2.3910699 0.0238257 0.9620490 0.3633584 2.2121951 0.4837697 0.3593574 0.3593574 0.3717072 0.3717072 0.3768220 0.3565660 1.8514106 1.9312023 2.0114079 1.9265530 1.8002581 1.7731279 1.7633236 1.7139038 1.7032888 0.5364775 0.5038677 0.5040014 1.9388919 1.7078039 2.1872122 1.8732683 2.0066999 
KM288842                                                           0.5352147 0.5789476 0.0563572 1.1386061 0.5351761 0.5564575 0.5317993 0.5541484 0.5065988 0.5541484 0.5306931 0.0340313 0.5396053 0.5249375 0.0386403 0.5450930 0.0466258 0.5387191 0.5361090 0.5766162 0.5453889 0.5441567 0.5453889 0.5361090 0.5766162 0.5187293 0.5421620 0.5408739 0.5408739 0.0383336 0.5606854 0.0414943 0.5565561 0.0398275 0.5565561 0.0382815 0.5606854 0.0397812 0.5578788 0.0302320 0.5605848 0.5281469 0.0000000 0.0335491 0.2471424 0.5188467 0.5381151 0.5625740 0.6060386 1.1884466 2.6865793 0.5152629 1.1947015 0.5432660 2.1376437 0.5692945 0.5224404 0.5224404 0.5400991 0.5400991 0.5331446 0.5241053 2.2419636 1.9566101 1.9264639 1.9103532 1.9331113 1.8823258 1.9454705 1.9580008 1.9794605 0.0388386 0.0122634 0.0216743 2.1233348 1.8851031 2.1399989 2.4022141 2.7321678 
KM288844                                                           0.5544100 0.5740065 0.0613753 1.1402616 0.5578271 0.5437465 0.5510539 0.5414495 0.5215222 0.5414495 0.5404369 0.0308338 0.5270907 0.5346204 0.0354304 0.5324771 0.0466307 0.5217986 0.5468127 0.5635168 0.5328922 0.5636093 0.5328922 0.5468127 0.5635168 0.5292554 0.5295630 0.5283160 0.5283160 0.0350436 0.5478960 0.0381768 0.5438389 0.0365312 0.5438389 0.0349963 0.5478960 0.0333355 0.5451201 0.0301444 0.5478017 0.5456363 0.0335491 0.0000000 0.2519416 0.5361433 0.5574146 0.5577649 0.6054955 1.1442590 2.5144962 0.5158145 1.1501785 0.5626965 2.0272286 0.5650050 0.5466250 0.5466250 0.5561548 0.5561548 0.5490457 0.5307002 2.1333938 1.8896059 1.8607182 1.8533833 1.9033071 1.9101180 1.9916283 1.9664559 1.9538335 0.0388426 0.0217460 0.0232305 2.1401040 1.9295984 2.1098039 2.4161498 2.6266097 
KM288845_extraction                                                0.5691130 0.5894390 0.2769290 1.0079675 0.5813851 0.6228035 0.5526716 0.6255903 0.5380578 0.6255903 0.5540741 0.2270129 0.6117397 0.5481200 0.2254324 0.6226226 0.2206876 0.5986960 0.5694898 0.6330280 0.6108513 0.5863501 0.6108513 0.5694898 0.6330280 0.5469925 0.5994781 0.6024154 0.6024154 0.2316966 0.6326236 0.2272343 0.6280934 0.2316428 0.6280934 0.2313023 0.6326236 0.2310272 0.6296503 0.2550154 0.6273014 0.5860258 0.2471424 0.2519416 0.0000000 0.6074171 0.5521958 0.5921393 0.5661308 1.0865378 2.0408122 0.5762330 1.0920572 0.5728272 1.9595948 0.6275014 0.5781285 0.5781285 0.5879360 0.5879360 0.5715956 0.5689644 2.2035993 2.0197178 1.9721806 1.7558158 1.9658613 1.8319996 1.9627879 1.8041507 1.8093859 0.2359484 0.2080639 0.2262784 1.8503438 1.9195605 2.3014588 2.0563918 2.8901623 
KM288846                                                           0.3695216 0.5399378 0.5144680 1.0047299 0.3545474 0.4796360 0.3716663 0.4838741 0.3474676 0.4838741 0.3606547 0.5095980 0.4704570 0.3597410 0.5181981 0.4754100 0.5240363 0.4691421 0.3766480 0.4998721 0.4736428 0.3647593 0.4736428 0.3766480 0.4998721 0.3669518 0.4688219 0.4677589 0.4677589 0.5140542 0.4876615 0.5183572 0.4917528 0.5171599 0.4917528 0.5167640 0.4876615 0.5241515 0.4890999 0.5448517 0.4833568 0.0207643 0.5188467 0.5361433 0.6074171 0.0000000 0.3607720 0.5199883 0.5151124 1.0224057 2.3901912 0.0147359 0.9903207 0.3820756 2.2532254 0.4792856 0.3714626 0.3714626 0.3840449 0.3840449 0.3892711 0.3657684 1.8696289 1.9340244 2.0143353 2.0188050 1.7867615 1.7435818 1.7635261 1.7141575 1.7035533 0.5270052 0.4946064 0.4947902 1.9057685 1.7080637 2.1893562 1.8885336 1.9841252 
