85
Hylocereus_polyrhizus_SRR11190795__NC_024458_-_TGB2_CDS                        0.0000000 0.0185368 0.0185368 0.0062188 0.0062391 0.0062587 0.0218544 0.0250107 0.0218544 0.0063576 0.0063576 0.0188252 0.0219511 0.0219511 0.0188252 0.0219573 0.0091887 0.0154045 0.8885781 0.9075842 1.0300779 1.4628300 1.9964969 1.8856066 1.9648802 1.9648802 0.8779452 0.8877376 0.8268669 0.7978742 0.7486598 0.8025077 0.7486598 0.8851284 0.8769760 0.8775056 0.8769760 0.8586778 0.8516211 0.7968012 0.8151536 0.8151536 0.8954933 0.7949011 0.8725623 0.9057389 0.8873180 0.9143653 1.7405594 1.7503258 1.7165895 0.8464036 1.0068771 0.8923414 1.0068771 2.0696421 0.8537831 1.8415936 1.8479045 0.8728045 0.8728045 0.8492162 0.8492162 0.8425565 0.8036966 2.8635168 0.7414991 0.7410493 0.7049278 0.7483281 0.7402113 0.7402113 0.7647368 0.7208462 0.7635953 0.7635953 0.7433441 0.7618909 0.7445060 0.7454223 0.7192522 1.2874021 1.6938832 2.3582535 2.3744878 
Hylocereus_polyrhizus_SRR11190796__NC_024458_-_TGB2_CDS                        0.0185368 0.0000000 0.0000010 0.0000010 0.0000010 0.0000010 0.0123369 0.0061363 0.0123369 0.0000010 0.0000010 0.0030880 0.0030773 0.0030773 0.0030880 0.0030781 0.0154020 0.0091785 0.8888860 0.8829804 0.9961989 1.4655449 2.0208843 1.9080569 1.9887349 1.9887349 0.8782374 0.8880439 0.8270846 0.7980481 0.7264508 0.8026888 0.7264508 0.8610771 0.8772650 0.8528047 0.8772650 0.8589405 0.8281366 0.7738226 0.7799805 0.7799805 0.8899637 0.7806576 0.8671515 0.9001557 0.8880053 0.8896123 1.6935594 1.7028123 1.7712230 0.8701753 0.9736947 0.8868292 0.9736947 2.0518864 0.8770453 1.8459395 1.8690160 0.8734638 0.8734638 0.8494644 0.8494644 0.8427941 0.8042607 2.8522597 0.7159451 0.7240899 0.6881240 0.7311429 0.7233888 0.7233888 0.7257537 0.7043467 0.7463417 0.7463417 0.7264431 0.7446623 0.7275973 0.7284735 0.7028294 1.3164518 1.6654116 2.3690474 2.3789899 
Hylocereus_polyrhizus_SRR11190797__NC_024458_-_TGB2_CDS                        0.0185368 0.0000010 0.0000000 0.0000010 0.0000010 0.0000010 0.0123369 0.0061363 0.0123369 0.0000010 0.0000010 0.0030880 0.0030773 0.0030773 0.0030880 0.0030781 0.0154020 0.0091785 0.8888860 0.8829804 0.9961989 1.4655449 2.0208843 1.9080569 1.9887349 1.9887349 0.8782374 0.8880439 0.8270846 0.7980481 0.7264508 0.8026888 0.7264508 0.8610771 0.8772650 0.8528047 0.8772650 0.8589405 0.8281366 0.7738226 0.7799805 0.7799805 0.8899637 0.7806576 0.8671515 0.9001557 0.8880053 0.8896123 1.6935594 1.7028123 1.7712230 0.8701753 0.9736947 0.8868292 0.9736947 2.0518864 0.8770453 1.8459395 1.8690160 0.8734638 0.8734638 0.8494644 0.8494644 0.8427941 0.8042607 2.8522597 0.7159451 0.7240899 0.6881240 0.7311429 0.7233888 0.7233888 0.7257537 0.7043467 0.7463417 0.7463417 0.7264431 0.7446623 0.7275973 0.7284735 0.7028294 1.3164518 1.6654116 2.3690474 2.3789899 
Hylocereus_polyrhizus_SRR11190798__NC_024458_-_TGB2_CDS                        0.0062188 0.0000010 0.0000010 0.0000000 0.0000010 0.0000010 0.0062244 0.0062523 0.0062244 0.0000010 0.0000010 0.0031365 0.0031356 0.0031356 0.0031365 0.0031365 0.0000010 0.0030987 0.8553481 0.8559785 0.9821699 1.4171619 1.9700061 1.8591360 1.9321617 1.9321617 0.8448402 0.8545618 0.7943276 0.7661254 0.7058560 0.7705943 0.7058560 0.8343353 0.8440853 0.8198081 0.8440853 0.8259174 0.8015186 0.7469296 0.7652562 0.7652562 0.8344989 0.7417735 0.8125546 0.8442987 0.8571713 0.8746819 1.6630695 1.6721142 1.6752907 0.8325460 0.9595666 0.8314984 0.9595666 1.9772957 0.8328344 1.7817234 1.8270915 0.8430541 0.8430541 0.8166665 0.8166665 0.8102131 0.7742897 2.6887591 0.7166271 0.7249219 0.6883025 0.7321114 0.7242018 0.7242018 0.7266161 0.7048137 0.7475812 0.7475812 0.7273134 0.7458708 0.7284882 0.7293819 0.7032677 1.2605223 1.6179341 2.3287658 2.3367647 
Hylocereus_polyrhizus_SRR11190801__NC_024458_-_TGB2_CDS                        0.0062391 0.0000010 0.0000010 0.0000010 0.0000000 0.0000010 0.0062447 0.0062727 0.0062447 0.0000010 0.0000010 0.0031468 0.0031459 0.0031459 0.0031468 0.0031468 0.0000010 0.0031087 0.8491405 0.8623361 0.9899100 1.4312944 1.9930274 1.8799494 1.9544564 1.9544564 0.8386409 0.8483634 0.7881591 0.7600637 0.7109994 0.7645082 0.7109994 0.8404646 0.8379257 0.8136400 0.8379257 0.8197557 0.8073680 0.7524208 0.7709458 0.7709458 0.8406093 0.7469003 0.8184596 0.8505016 0.8509588 0.8812311 1.6814191 1.6907083 1.6940985 0.8386041 0.9670595 0.8375786 0.9670595 2.0003223 0.8266939 1.7727556 1.8474097 0.8369077 0.8369077 0.8105296 0.8105296 0.8041059 0.7681295 2.7281976 0.7215647 0.7299331 0.6930269 0.7372165 0.7291692 0.7291692 0.7316399 0.7096157 0.7527627 0.7527627 0.7323155 0.7510384 0.7334970 0.7344059 0.7080418 1.2718725 1.6355563 2.3190809 2.3270360 
Hylocereus_polyrhizus_SRR11190802__NC_024458_-_TGB2_CDS                        0.0062587 0.0000010 0.0000010 0.0000010 0.0000010 0.0000000 0.0062644 0.0062926 0.0062644 0.0000010 0.0000010 0.0031568 0.0031559 0.0031559 0.0031568 0.0031568 0.0000010 0.0031185 0.8460358 0.8263374 0.9832914 1.3874455 1.9254637 1.8174016 1.8945781 1.8945781 0.8355584 0.8452646 0.7851879 0.7572035 0.6821010 0.7616267 0.6821010 0.8024230 0.8348642 0.8106184 0.8348642 0.8167260 0.7732350 0.7286132 0.7308574 0.7308574 0.8272193 0.7291249 0.8053095 0.8253168 0.8478485 0.8327282 1.6398862 1.6487171 1.6297377 0.8009703 0.9604991 0.8126730 0.9604991 1.9188333 0.8236618 1.7509895 1.7859120 0.8338546 0.8338546 0.8075292 0.8075292 0.8011324 0.7652048 2.6107900 0.6940235 0.7021542 0.6661096 0.7090653 0.7016170 0.7016170 0.6937061 0.6825974 0.7245006 0.7245006 0.7046353 0.7228189 0.7058004 0.7066439 0.6811445 1.2355786 1.5634018 2.2559258 2.3701181 
Hylocereus_undatus_SRR11190791__NC_024458_-_TGB2_CDS                           0.0218544 0.0123369 0.0123369 0.0062244 0.0062447 0.0062644 0.0000000 0.0187253 0.0000010 0.0063634 0.0063634 0.0124806 0.0156517 0.0156517 0.0124806 0.0156561 0.0186764 0.0123651 0.9230913 0.9170626 0.9913066 1.5299853 1.9441468 1.8969863 1.9768361 1.9768361 0.9121239 0.9221784 0.8594943 0.8291676 0.7566616 0.8340516 0.7566616 0.8943252 0.9109165 0.8858683 0.9109165 0.8921368 0.8604948 0.8052877 0.8028204 0.8028204 0.8854428 0.8028960 0.8627759 0.8955686 0.9221807 0.9239209 1.7868004 1.7971307 1.7965919 0.8488610 0.9689617 0.8823294 0.9689617 2.0620626 0.8868771 1.8689179 1.8582564 0.9069107 0.9069107 0.8822681 0.8822681 0.8752744 0.8388721 2.8538887 0.7503650 0.7588348 0.7217170 0.7663699 0.7578495 0.7578495 0.7679750 0.7381017 0.7817450 0.7817450 0.7610737 0.7800107 0.7622437 0.7632053 0.7364195 1.3563274 1.6536087 2.4232632 2.4438169 
Hylocereus_undatus_SRR11190793__NC_024458_-_TGB2_CDS                           0.0250107 0.0061363 0.0061363 0.0062523 0.0062727 0.0062926 0.0187253 0.0000000 0.0187253 0.0063925 0.0063925 0.0093748 0.0093420 0.0093420 0.0093748 0.0093447 0.0218191 0.0154778 0.8698145 0.9014899 0.9745691 1.4990717 2.0101189 1.8979906 1.9781577 1.9781577 0.8593677 0.8690134 0.8062456 0.7805208 0.7322676 0.7850167 0.7322676 0.8791347 0.8581523 0.8344494 0.8581523 0.8375280 0.8346098 0.7799981 0.7862774 0.7862774 0.8708117 0.7715574 0.8484623 0.8807933 0.8689526 0.9082449 1.6841501 1.7436323 1.7952044 0.8799937 0.9525814 0.8677455 0.9525814 2.0410101 0.8583277 1.8355590 1.8591233 0.8548476 0.8548476 0.8312570 0.8312570 0.8247808 0.7867517 2.8983921 0.7077206 0.7157546 0.6802218 0.7226631 0.7151234 0.7151234 0.7173991 0.6963323 0.7377540 0.7377540 0.7181250 0.7360954 0.7192689 0.7201214 0.6948581 1.3214471 1.6561395 2.4048654 2.4646852 
Hylocereus_undatus_SRR11190799__NC_024458_-_TGB2_CDS                           0.0218544 0.0123369 0.0123369 0.0062244 0.0062447 0.0062644 0.0000010 0.0187253 0.0000000 0.0063634 0.0063634 0.0124806 0.0156517 0.0156517 0.0124806 0.0156561 0.0186764 0.0123651 0.9230913 0.9170626 0.9913066 1.5299853 1.9441468 1.8969863 1.9768361 1.9768361 0.9121239 0.9221784 0.8594943 0.8291676 0.7566616 0.8340516 0.7566616 0.8943252 0.9109165 0.8858683 0.9109165 0.8921368 0.8604948 0.8052877 0.8028204 0.8028204 0.8854428 0.8028960 0.8627759 0.8955686 0.9221807 0.9239209 1.7868004 1.7971307 1.7965919 0.8488610 0.9689617 0.8823294 0.9689617 2.0620626 0.8868771 1.8689179 1.8582564 0.9069107 0.9069107 0.8822681 0.8822681 0.8752744 0.8388721 2.8538887 0.7503650 0.7588348 0.7217170 0.7663699 0.7578495 0.7578495 0.7679750 0.7381017 0.7817450 0.7817450 0.7610737 0.7800107 0.7622437 0.7632053 0.7364195 1.3563274 1.6536087 2.4232632 2.4438169 
Hylocereus_undatus_SRR11603182__NC_024458_-_TGB2_CDS                           0.0063576 0.0000010 0.0000010 0.0000010 0.0000010 0.0000010 0.0063634 0.0063925 0.0063634 0.0000000 0.0000010 0.0032071 0.0032062 0.0032062 0.0032071 0.0032071 0.0031691 0.0031676 0.8451123 0.7789671 0.9196167 1.3791541 1.8294306 1.7276565 1.8002734 1.8002734 0.8225864 0.8323654 0.7719186 0.7439719 0.6347701 0.7439719 0.6347701 0.7587624 0.8108876 0.7975322 0.8108876 0.8036986 0.7274334 0.6739917 0.6847867 0.6847867 0.7988725 0.7262789 0.7771626 0.8110078 0.8349380 0.7851361 1.5425207 1.5504028 1.6158110 0.7687019 0.8979511 0.7959170 0.8979511 1.9201902 0.8107290 1.7137895 1.6974543 0.8209829 0.8209829 0.7944871 0.7944871 0.7881092 0.7518112 2.6218133 0.6814549 0.6794888 0.6493225 0.6862174 0.6891704 0.6891704 0.6912896 0.6700861 0.7121075 0.7121075 0.6921807 0.7104182 0.6933551 0.6941834 0.6686625 1.2276032 1.5414917 2.2893807 2.1232998 
Hylocereus_undatus_SRR11603183__NC_024458_-_TGB2_CDS                           0.0063576 0.0000010 0.0000010 0.0000010 0.0000010 0.0000010 0.0063634 0.0063925 0.0063634 0.0000010 0.0000000 0.0032071 0.0032062 0.0032062 0.0032071 0.0032071 0.0031691 0.0031676 0.8451123 0.7789671 0.9196167 1.3791541 1.8294306 1.7276565 1.8002734 1.8002734 0.8225864 0.8323654 0.7719186 0.7439719 0.6347701 0.7439719 0.6347701 0.7587624 0.8108876 0.7975322 0.8108876 0.8036986 0.7274334 0.6739917 0.6847867 0.6847867 0.7988725 0.7262789 0.7771626 0.8110078 0.8349380 0.7851361 1.5425207 1.5504028 1.6158110 0.7687019 0.8979511 0.7959170 0.8979511 1.9201902 0.8107290 1.7137895 1.6974543 0.8209829 0.8209829 0.7944871 0.7944871 0.7881092 0.7518112 2.6218133 0.6814549 0.6794888 0.6493225 0.6862174 0.6891704 0.6891704 0.6912896 0.6700861 0.7121075 0.7121075 0.6921807 0.7104182 0.6933551 0.6941834 0.6686625 1.2276032 1.5414917 2.2893807 2.1232998 
Hylocereus_undatus_SRR11603186__NC_024458_-_TGB2_CDS                           0.0188252 0.0030880 0.0030880 0.0031365 0.0031468 0.0031568 0.0124806 0.0093748 0.0124806 0.0032071 0.0032071 0.0000000 0.0000010 0.0000010 0.0000010 0.0000010 0.0156407 0.0093187 0.8602424 0.8414627 0.9503995 1.4736632 1.9915784 1.8799703 1.9403126 1.9403126 0.8497649 0.8594518 0.8054719 0.7821763 0.6908606 0.7867318 0.6908606 0.8228252 0.8489814 0.8247926 0.8489814 0.8369671 0.7907060 0.7370967 0.7488118 0.7488118 0.8360481 0.7328686 0.8142417 0.8457851 0.8593792 0.8503458 1.6669560 1.6759849 1.7602868 0.8319638 0.9415640 0.8330662 0.9415640 2.0298864 0.8487894 1.8614837 1.8691560 0.8453169 0.8453169 0.8216360 0.8216360 0.8151796 0.7769274 2.7270351 0.6834700 0.6913769 0.6562598 0.6980308 0.6909342 0.6909342 0.6930010 0.6820993 0.7232293 0.7232293 0.7037328 0.7115284 0.6949921 0.6957972 0.6729371 1.2711146 1.6635588 2.3035871 2.4285196 
Hylocereus_undatus_SRR11603187__NC_024458_-_TGB2_CDS                           0.0219511 0.0030773 0.0030773 0.0031356 0.0031459 0.0031559 0.0156517 0.0093420 0.0156517 0.0032062 0.0032062 0.0000010 0.0000000 0.0000010 0.0000010 0.0000010 0.0187589 0.0124195 0.8563901 0.8503452 0.9629713 1.4780917 2.0023045 1.8901578 1.9703260 1.9703260 0.8460214 0.8556128 0.7961726 0.7683047 0.7088848 0.7727241 0.7088848 0.8291864 0.8452691 0.8213158 0.8452691 0.8273426 0.7970489 0.7435279 0.7491728 0.7491728 0.8451314 0.7389231 0.8232273 0.8549121 0.8444578 0.8567727 1.6649409 1.6739207 1.7344851 0.8382839 0.9411288 0.8421333 0.9411288 2.0120152 0.8450822 1.8077890 1.8512389 0.8307812 0.8307812 0.8182081 0.8182081 0.8118320 0.7739424 2.8895189 0.6768427 0.6846580 0.6499121 0.6911932 0.6842703 0.6842703 0.6862637 0.6659816 0.7062290 0.7062290 0.6871472 0.7046107 0.6882741 0.6890604 0.6646274 1.2982879 1.6257881 2.2211007 2.3780742 
Hylocereus_undatus_SRR11603189__NC_024458_-_TGB2_CDS                           0.0219511 0.0030773 0.0030773 0.0031356 0.0031459 0.0031559 0.0156517 0.0093420 0.0156517 0.0032062 0.0032062 0.0000010 0.0000010 0.0000000 0.0000010 0.0000010 0.0187589 0.0124195 0.8563901 0.8503452 0.9629713 1.4780917 2.0023045 1.8901578 1.9703260 1.9703260 0.8460214 0.8556128 0.7961726 0.7683047 0.7088848 0.7727241 0.7088848 0.8291864 0.8452691 0.8213158 0.8452691 0.8273426 0.7970489 0.7435279 0.7491728 0.7491728 0.8451314 0.7389231 0.8232273 0.8549121 0.8444578 0.8567727 1.6649409 1.6739207 1.7344851 0.8382839 0.9411288 0.8421333 0.9411288 2.0120152 0.8450822 1.8077890 1.8512389 0.8307812 0.8307812 0.8182081 0.8182081 0.8118320 0.7739424 2.8895189 0.6768427 0.6846580 0.6499121 0.6911932 0.6842703 0.6842703 0.6862637 0.6659816 0.7062290 0.7062290 0.6871472 0.7046107 0.6882741 0.6890604 0.6646274 1.2982879 1.6257881 2.2211007 2.3780742 
Hylocereus_undatus_SRR11603190__NC_024458_-_TGB2_CDS                           0.0188252 0.0030880 0.0030880 0.0031365 0.0031468 0.0031568 0.0124806 0.0093748 0.0124806 0.0032071 0.0032071 0.0000010 0.0000010 0.0000010 0.0000000 0.0000010 0.0156407 0.0093187 0.8602424 0.8414627 0.9503995 1.4736632 1.9915784 1.8799703 1.9403126 1.9403126 0.8497649 0.8594518 0.8054719 0.7821763 0.6908606 0.7867318 0.6908606 0.8228252 0.8489814 0.8247926 0.8489814 0.8369671 0.7907060 0.7370967 0.7488118 0.7488118 0.8360481 0.7328686 0.8142417 0.8457851 0.8593792 0.8503458 1.6669560 1.6759849 1.7602868 0.8319638 0.9415640 0.8330662 0.9415640 2.0298864 0.8487894 1.8614837 1.8691560 0.8453169 0.8453169 0.8216360 0.8216360 0.8151796 0.7769274 2.7270351 0.6834700 0.6913769 0.6562598 0.6980308 0.6909342 0.6909342 0.6930010 0.6820993 0.7232293 0.7232293 0.7037328 0.7115284 0.6949921 0.6957972 0.6729371 1.2711146 1.6635588 2.3035871 2.4285196 
Hylocereus_undatus_SRR11603191__NC_024458_-_TGB2_CDS                           0.0219573 0.0030781 0.0030781 0.0031365 0.0031468 0.0031568 0.0156561 0.0093447 0.0156561 0.0032071 0.0032071 0.0000010 0.0000010 0.0000010 0.0000010 0.0000000 0.0187642 0.0124230 0.8477737 0.8636716 0.9776735 1.4487509 2.0259900 1.9120021 1.9935068 1.9935068 0.8374610 0.8470123 0.7878640 0.7602495 0.7084202 0.7646194 0.7084202 0.8421087 0.8367658 0.8129026 0.8367658 0.8189127 0.8094866 0.7553647 0.7612425 0.7612425 0.8486886 0.7442572 0.8266601 0.8585251 0.8469256 0.8702135 1.6917424 1.7010503 1.7462340 0.8512490 0.9554909 0.8456724 0.9554909 2.0572844 0.8365871 1.8263078 1.8726034 0.8331914 0.8331914 0.8098498 0.8098498 0.8035399 0.7657455 2.7930869 0.6816587 0.6895384 0.6545305 0.6961580 0.6891110 0.6891110 0.6911571 0.6706716 0.7112607 0.7112607 0.6920186 0.7096297 0.6931530 0.6939527 0.6692941 1.2599425 1.6417405 2.3454653 2.4374444 
JF930327_-_TGB2_CDS                                                            0.0091887 0.0154020 0.0154020 0.0000010 0.0000010 0.0000010 0.0186764 0.0218191 0.0186764 0.0031691 0.0031691 0.0156407 0.0187589 0.0187589 0.0156407 0.0187642 0.0000000 0.0122874 0.9013387 0.8946350 1.0264324 1.4853779 2.0701676 1.9533698 2.0369270 2.0369270 0.8906000 0.9004729 0.8390369 0.8096031 0.7370896 0.8143208 0.7370896 0.8724893 0.8895446 0.8649309 0.8895446 0.8710991 0.8393063 0.7847928 0.8027919 0.8027919 0.9083963 0.7884039 0.8852158 0.9187569 0.9000672 0.9013318 1.7686860 1.7787821 1.7230113 0.8585734 1.0033315 0.9052074 1.0033315 2.0354502 0.8660792 1.8720704 1.9141731 0.8853006 0.8853006 0.8615050 0.8615050 0.8547333 0.8156484 2.8756375 0.7524479 0.7608896 0.7239168 0.7684108 0.7598929 0.7598929 0.7625899 0.7402147 0.7837114 0.7837114 0.7631092 0.7819835 0.7642732 0.7652346 0.7385314 1.2829452 1.7211536 2.3662525 2.4156237 
MG210801_-_CDS                                                                 0.0154045 0.0091785 0.0091785 0.0030987 0.0031087 0.0031185 0.0123651 0.0154778 0.0123651 0.0031676 0.0031676 0.0093187 0.0124195 0.0124195 0.0093187 0.0124230 0.0122874 0.0000000 0.8761340 0.8854151 1.0155384 1.4830424 1.9662644 1.8577085 1.9352907 1.9352907 0.8656037 0.8753180 0.8149944 0.7864281 0.7287701 0.7909803 0.7287701 0.8634789 0.8647184 0.8404743 0.8647184 0.8465628 0.8305118 0.7761899 0.7939469 0.7939469 0.8986542 0.7621143 0.8756621 0.9089276 0.8752645 0.8920550 1.7645830 1.7746170 1.7230712 0.8497573 0.9926641 0.8954933 0.9926641 1.9974004 0.8417885 1.8683709 1.8197879 0.8609926 0.8609926 0.8372281 0.8372281 0.8306771 0.7924128 2.8542710 0.7381126 0.7262574 0.6902508 0.7333336 0.7255394 0.7255394 0.7279227 0.7261468 0.7689802 0.7689802 0.7486897 0.7468475 0.7297557 0.7306363 0.7049443 1.3072658 1.6680665 2.3714293 2.3342737 
AF308158_-_12_kDa_protein_CDS                                                  0.8885781 0.8888860 0.8888860 0.8553481 0.8491405 0.8460358 0.9230913 0.8698145 0.9230913 0.8451123 0.8451123 0.8602424 0.8563901 0.8563901 0.8602424 0.8477737 0.9013387 0.8761340 0.0000000 0.7403709 1.1065444 1.9020012 2.5038616 2.5645815 2.6742457 2.6742457 0.0122207 0.0152847 0.0124212 0.0284185 0.6062542 0.0285110 0.6062542 0.7351225 0.0278762 0.0281415 0.0278762 0.0185305 0.6904500 0.6580436 0.6951882 0.6951882 0.3073467 0.6169969 0.3138230 0.3075716 0.0343695 0.7637368 1.9820251 2.0150005 1.9889017 0.7400516 1.0738910 0.3129647 1.0738910 2.7176434 0.0311720 2.3187969 2.5439470 0.0343727 0.0343727 0.0313310 0.0313310 0.0279585 0.0285693 3.4556886 0.5970018 0.5557038 0.5423828 0.5605760 0.5322093 0.5322093 0.5457101 0.5373100 0.5733181 0.5733181 0.5551336 0.5486092 0.5482678 0.5487656 0.5223055 1.3913106 1.9594712 2.9339146 2.1489133 
AY366207_-_triple_gene_block_protein_2_CDS                                     0.9075842 0.8829804 0.8829804 0.8559785 0.8623361 0.8263374 0.9170626 0.9014899 0.9170626 0.7789671 0.7789671 0.8414627 0.8503452 0.8503452 0.8414627 0.8636716 0.8946350 0.8854151 0.7403709 0.0000000 0.9264558 1.7027641 2.3604097 2.2460268 2.3940112 2.3940112 0.7114338 0.7196230 0.6806818 0.6783045 0.0130313 0.6726282 0.0130313 0.0502356 0.7037107 0.6913605 0.7037107 0.7018891 0.0280884 0.0194027 0.0228056 0.0228056 0.7853362 0.6439116 0.7862193 0.8019600 0.7060625 0.0341791 1.3624458 1.3682633 1.5217269 0.0934957 0.9057784 0.8037253 0.9057784 2.0234610 0.7250494 1.4527994 2.3400162 0.6955101 0.6955101 0.6791027 0.6791027 0.6840608 0.6514258 2.2530072 0.6615277 0.6407376 0.6061495 0.6326663 0.6274335 0.6274335 0.6415572 0.6277925 0.6470291 0.6470291 0.6339219 0.6417507 0.6417852 0.6424513 0.6265089 1.1915338 2.1014599 2.6366805 2.4931542 
AY366209_-_triple_gene_block_protein_2_CDS                                     1.0300779 0.9961989 0.9961989 0.9821699 0.9899100 0.9832914 0.9913066 0.9745691 0.9913066 0.9196167 0.9196167 0.9503995 0.9629713 0.9629713 0.9503995 0.9776735 1.0264324 1.0155384 1.1065444 0.9264558 0.0000000 1.7115086 2.5398182 2.6135684 2.6173551 2.6173551 1.0755984 1.0703293 1.0367196 1.0343152 0.8020791 1.0408615 0.8020791 0.9943568 1.0749906 1.1200802 1.0749906 1.0271199 0.9504195 0.8164697 0.8354322 0.8354322 0.9199629 1.3001570 0.9053649 0.9181717 1.0883366 0.9384392 1.7267601 1.6974612 2.0345142 0.9198215 0.0152161 0.9566534 0.0152161 2.7271864 1.1047727 1.7809566 2.3990260 1.1183324 1.1183324 1.0642717 1.0642717 1.0907472 1.0960156 4.1223982 1.2053466 1.2146065 1.1766698 1.2205258 1.2124350 1.2124350 1.2205423 1.2290544 1.2510100 1.2510100 1.2263837 1.2685899 1.2531954 1.2677753 1.2010215 1.8589970 2.1291489 3.3535628 2.8057187 
AY800279_-_triple_gene_block_protein_2_CDS                                     1.4628300 1.4655449 1.4655449 1.4171619 1.4312944 1.3874455 1.5299853 1.4990717 1.5299853 1.3791541 1.3791541 1.4736632 1.4780917 1.4780917 1.4736632 1.4487509 1.4853779 1.4830424 1.9020012 1.7027641 1.7115086 0.0000000 1.8991728 1.8857281 1.9118097 1.9118097 1.7764854 1.8358420 1.8003385 1.8616804 1.6212470 1.8778774 1.6212470 1.6618583 1.8761020 1.8820751 1.8761020 1.8132198 1.6741672 1.6557025 1.6331008 1.6331008 1.7107815 1.6590105 1.6482732 1.6602276 1.8533223 1.7527310 0.2540271 0.2543345 0.2758714 1.8636079 1.7346673 1.6706268 1.7346673 1.8729422 1.8236231 0.2948508 1.8045858 1.7957918 1.7957918 1.7478307 1.7478307 1.7650390 1.7087261 2.5245074 1.7787164 1.8238961 1.8172782 1.8271314 1.8411047 1.8411047 1.8425464 1.8386977 1.9082050 1.9082050 1.8573430 1.8593723 1.8915566 1.9186013 1.8447075 1.0928464 1.3440268 3.4233773 1.9791432 
AY863024_-_TGB2_CDS                                                            1.9964969 2.0208843 2.0208843 1.9700061 1.9930274 1.9254637 1.9441468 2.0101189 1.9441468 1.8294306 1.8294306 1.9915784 2.0023045 2.0023045 1.9915784 2.0259900 2.0701676 1.9662644 2.5038616 2.3604097 2.5398182 1.8991728 0.0000000 0.0345357 0.0215590 0.0215590 2.4010641 2.4813265 2.3746412 2.3448737 2.0494522 2.3169656 2.0494522 2.3178332 2.4630611 2.3788321 2.4630611 2.3950328 2.2942672 2.0931759 2.2197885 2.2197885 2.6154964 2.1328723 2.6506189 2.6717112 2.5174366 2.2235102 1.9943724 2.0681558 1.8820525 2.2429554 2.6319450 2.7801529 2.6319450 0.3234637 2.4081580 1.8447853 0.0374814 2.4428361 2.4428361 2.4021251 2.4021251 2.3739604 2.3906356 1.3482114 2.1696552 2.3950127 2.2046426 2.3241778 2.4210406 2.4210406 2.3245147 2.2947657 2.3710378 2.3710378 2.3687289 2.3836873 2.3844093 2.4716313 2.3783375 1.4466034 1.9325732 1.2462713 0.9684837 
FJ822136_-_TGB2_CDS                                                            1.8856066 1.9080569 1.9080569 1.8591360 1.8799494 1.8174016 1.8969863 1.8979906 1.8969863 1.7276565 1.7276565 1.8799703 1.8901578 1.8901578 1.8799703 1.9120021 1.9533698 1.8577085 2.5645815 2.2460268 2.6135684 1.8857281 0.0345357 0.0000000 0.0444319 0.0444319 2.4086196 2.5413997 2.4324896 2.4018194 1.9782922 2.3732643 1.9782922 2.2735573 2.5225308 2.4364292 2.5225308 2.4530160 2.2137430 2.0204379 2.1943714 2.1943714 2.7124794 2.1557803 2.7494496 2.7712802 2.5785044 2.1185505 2.2325303 2.3193090 1.8867253 2.3785535 2.7092124 2.8854291 2.7092124 0.2993657 2.4660517 1.9611924 0.0411155 2.4502664 2.4502664 2.4096687 2.4096687 2.3815321 2.3970650 1.4413132 2.3741581 2.6304664 2.3899911 2.5504722 2.6571847 2.6571847 2.5495255 2.5161731 2.5996201 2.5996201 2.5989971 2.6143882 2.6152013 2.7146470 2.6091260 1.5557792 1.9873803 1.2714363 0.9849125 
GQ179646_-_TGB2_CDS                                                            1.9648802 1.9887349 1.9887349 1.9321617 1.9544564 1.8945781 1.9768361 1.9781577 1.9768361 1.8002734 1.8002734 1.9403126 1.9703260 1.9703260 1.9403126 1.9935068 2.0369270 1.9352907 2.6742457 2.3940112 2.6173551 1.9118097 0.0215590 0.0444319 0.0000000 0.0000010 2.5620245 2.6494770 2.5347275 2.5019302 2.0721270 2.4717629 2.0721270 2.3506797 2.6291779 2.5382715 2.6291779 2.5558245 2.3273374 2.1244366 2.2439095 2.2439095 2.7860144 2.0735073 2.8243362 2.8466778 2.6890361 2.2539631 1.8677669 1.9928896 1.9121095 2.2746669 2.6846090 2.9649788 2.6846090 0.3249123 2.5688906 1.8570861 0.0408016 2.6064227 2.6064227 2.5629608 2.5629608 2.5318349 2.5430459 1.3075719 2.1558962 2.3786910 2.1902641 2.3086306 2.4046038 2.4046038 2.3090513 2.2561520 2.3311065 2.3311065 2.3285316 2.3676992 2.3684135 2.4546172 2.3623576 1.4891541 2.0209048 1.1994018 0.9718495 
GQ179647_-_TGB2_CDS                                                            1.9648802 1.9887349 1.9887349 1.9321617 1.9544564 1.8945781 1.9768361 1.9781577 1.9768361 1.8002734 1.8002734 1.9403126 1.9703260 1.9703260 1.9403126 1.9935068 2.0369270 1.9352907 2.6742457 2.3940112 2.6173551 1.9118097 0.0215590 0.0444319 0.0000010 0.0000000 2.5620245 2.6494770 2.5347275 2.5019302 2.0721270 2.4717629 2.0721270 2.3506797 2.6291779 2.5382715 2.6291779 2.5558245 2.3273374 2.1244366 2.2439095 2.2439095 2.7860144 2.0735073 2.8243362 2.8466778 2.6890361 2.2539631 1.8677669 1.9928896 1.9121095 2.2746669 2.6846090 2.9649788 2.6846090 0.3249123 2.5688906 1.8570861 0.0408016 2.6064227 2.6064227 2.5629608 2.5629608 2.5318349 2.5430459 1.3075719 2.1558962 2.3786910 2.1902641 2.3086306 2.4046038 2.4046038 2.3090513 2.2561520 2.3311065 2.3311065 2.3285316 2.3676992 2.3684135 2.4546172 2.3623576 1.4891541 2.0209048 1.1994018 0.9718495 
Hylocereus_polyrhizus_SRR11190795__NC_002815_-_12_kDa_protein_CDS              0.8779452 0.8782374 0.8782374 0.8448402 0.8386409 0.8355584 0.9121239 0.8593677 0.9121239 0.8225864 0.8225864 0.8497649 0.8460214 0.8460214 0.8497649 0.8374610 0.8906000 0.8656037 0.0122207 0.7114338 1.0755984 1.7764854 2.4010641 2.4086196 2.5620245 2.5620245 0.0000000 0.0091298 0.0061824 0.0220011 0.5884162 0.0220724 0.5884162 0.7062574 0.0215827 0.0217871 0.0215827 0.0122968 0.6625363 0.6203783 0.6657908 0.6657908 0.2917171 0.5884081 0.2980348 0.2919345 0.0248082 0.7340353 1.9246579 1.9562014 1.8532705 0.7308651 1.0437899 0.2972247 1.0437899 2.5942645 0.0248236 2.2041924 2.4393884 0.0216479 0.0216479 0.0186034 0.0186034 0.0153725 0.0157050 3.3589587 0.5791224 0.5227537 0.5250913 0.5273215 0.5157152 0.5157152 0.5288550 0.5207572 0.5560345 0.5560345 0.5382180 0.5317847 0.5314818 0.5319508 0.5060338 1.3780490 1.8806995 2.9377367 2.1233369 
Hylocereus_polyrhizus_SRR11190796__NC_002815_-_12_kDa_protein_CDS              0.8877376 0.8880439 0.8880439 0.8545618 0.8483634 0.8452646 0.9221784 0.8690134 0.9221784 0.8323654 0.8323654 0.8594518 0.8556128 0.8556128 0.8594518 0.8470123 0.9004729 0.8753180 0.0152847 0.7196230 1.0703293 1.8358420 2.4813265 2.5413997 2.6494770 2.6494770 0.0091298 0.0000000 0.0000010 0.0187589 0.6052609 0.0188195 0.6052609 0.7342290 0.0184039 0.0154512 0.0184039 0.0091749 0.6896331 0.6474328 0.6840071 0.6840071 0.2951640 0.5891438 0.3014900 0.2953822 0.0247525 0.7424006 1.9323550 1.9641174 1.9174001 0.7391520 1.0387405 0.3006728 1.0387405 2.6898865 0.0184857 2.2574408 2.5209929 0.0216193 0.0216193 0.0185788 0.0185788 0.0153523 0.0156839 3.4696092 0.5694237 0.5135985 0.5157958 0.5180830 0.5229931 0.5229931 0.5196761 0.5117379 0.5466421 0.5466421 0.5290139 0.5226236 0.5223410 0.5227959 0.4971559 1.3428628 1.9080171 2.8639887 2.2274270 
Hylocereus_polyrhizus_SRR11190797__NC_002815_-_12_kDa_protein_CDS              0.8268669 0.8270846 0.8270846 0.7943276 0.7881591 0.7851879 0.8594943 0.8062456 0.8594943 0.7719186 0.7719186 0.8054719 0.7961726 0.7961726 0.8054719 0.7878640 0.8390369 0.8149944 0.0124212 0.6806818 1.0367196 1.8003385 2.3746412 2.4324896 2.5347275 2.5347275 0.0061824 0.0000010 0.0000000 0.0000010 0.5776779 0.0000010 0.5776779 0.6971902 0.0030737 0.0093391 0.0030737 0.0000010 0.6616592 0.6191276 0.6547547 0.6547547 0.2746626 0.5684749 0.2799242 0.2739482 0.0156260 0.7050360 1.8624848 1.9003248 1.9138519 0.7154908 1.0056404 0.2791628 1.0056404 2.5749004 0.0124145 2.2339077 2.3782635 0.0155564 0.0155564 0.0124780 0.0124780 0.0092791 0.0094811 3.3202038 0.5468365 0.4915529 0.4934410 0.4958922 0.4930525 0.4930525 0.4976491 0.4899957 0.5244686 0.5244686 0.5070560 0.5006842 0.5004453 0.5008696 0.4771312 1.3566646 1.8632694 2.9270504 2.2190377 
Hylocereus_polyrhizus_SRR11190798__NC_002815_-_12_kDa_protein_CDS              0.7978742 0.7980481 0.7980481 0.7661254 0.7600637 0.7572035 0.8291676 0.7805208 0.8291676 0.7439719 0.7439719 0.7821763 0.7683047 0.7683047 0.7821763 0.7602495 0.8096031 0.7864281 0.0284185 0.6783045 1.0343152 1.8616804 2.3448737 2.4018194 2.5019302 2.5019302 0.0220011 0.0187589 0.0000010 0.0000000 0.5601267 0.0000010 0.5601267 0.6805730 0.0061682 0.0254424 0.0061682 0.0030931 0.6468111 0.6065705 0.6355693 0.6355693 0.2697235 0.5688118 0.2801509 0.2741734 0.0252736 0.6953663 1.9004655 1.9329556 1.8083423 0.7030760 0.9906435 0.2793889 0.9906435 2.6181209 0.0285332 2.3408656 2.3095827 0.0317821 0.0317821 0.0286811 0.0286811 0.0252743 0.0258361 3.2452805 0.5573709 0.5014415 0.5004742 0.5058776 0.4946842 0.4946842 0.5075727 0.4997353 0.5346510 0.5346510 0.5170149 0.5105898 0.5103294 0.5107702 0.4854568 1.4177739 1.9374654 2.8092864 2.2227202 
Hylocereus_polyrhizus_SRR11190798__NC_011659_-_CDS                             0.7486598 0.7264508 0.7264508 0.7058560 0.7109994 0.6821010 0.7566616 0.7322676 0.7566616 0.6347701 0.6347701 0.6908606 0.7088848 0.7088848 0.6908606 0.7084202 0.7370896 0.7287701 0.6062542 0.0130313 0.8020791 1.6212470 2.0494522 1.9782922 2.0721270 2.0721270 0.5884162 0.6052609 0.5776779 0.5601267 0.0000000 0.5544514 0.0000010 0.0064715 0.5879512 0.5784663 0.5879512 0.5984539 0.0000010 0.0000010 0.0000010 0.0000010 0.6938478 0.5749183 0.6946459 0.7100991 0.5764657 0.0130990 1.2768563 1.3003101 1.4678411 0.0659860 0.7827790 0.7038582 0.7827790 1.8990471 0.6107205 1.4218404 2.0628929 0.5812412 0.5812412 0.5724652 0.5724652 0.5724652 0.5656902 2.1582902 0.5946072 0.5910686 0.5494265 0.5796762 0.5611964 0.5611964 0.5748613 0.5695119 0.5892708 0.5892708 0.5758552 0.5751565 0.5752818 0.5758607 0.5423634 1.1930506 2.0584064 2.3012165 2.3035093 
Hylocereus_polyrhizus_SRR11190801__NC_002815_-_12_kDa_protein_CDS              0.8025077 0.8026888 0.8026888 0.7705943 0.7645082 0.7616267 0.8340516 0.7850167 0.8340516 0.7439719 0.7439719 0.7867318 0.7727241 0.7727241 0.7867318 0.7646194 0.8143208 0.7909803 0.0285110 0.6726282 1.0408615 1.8778774 2.3169656 2.3732643 2.4717629 2.4717629 0.0220724 0.0188195 0.0000010 0.0000010 0.5544514 0.0000000 0.5544514 0.6748939 0.0030848 0.0255259 0.0030848 0.0031030 0.6411513 0.6008195 0.6296650 0.6296650 0.2656637 0.5636181 0.2760705 0.2701133 0.0253560 0.6896461 1.8782210 1.9101958 1.8241951 0.6973835 0.9968266 0.2753185 0.9968266 2.5866234 0.0286264 2.3642871 2.2822460 0.0318861 0.0318861 0.0287753 0.0287753 0.0253567 0.0259222 3.2031315 0.5602455 0.5039948 0.5030443 0.5084680 0.4971722 0.4971722 0.5101525 0.5022455 0.5373699 0.5373699 0.5196282 0.5131719 0.5129052 0.5133514 0.4878865 1.4281934 1.9552648 2.8391416 2.1880604 
Hylocereus_polyrhizus_SRR11190801__NC_011659_-_CDS                             0.7486598 0.7264508 0.7264508 0.7058560 0.7109994 0.6821010 0.7566616 0.7322676 0.7566616 0.6347701 0.6347701 0.6908606 0.7088848 0.7088848 0.6908606 0.7084202 0.7370896 0.7287701 0.6062542 0.0130313 0.8020791 1.6212470 2.0494522 1.9782922 2.0721270 2.0721270 0.5884162 0.6052609 0.5776779 0.5601267 0.0000010 0.5544514 0.0000000 0.0064715 0.5879512 0.5784663 0.5879512 0.5984539 0.0000010 0.0000010 0.0000010 0.0000010 0.6938478 0.5749183 0.6946459 0.7100991 0.5764657 0.0130990 1.2768563 1.3003101 1.4678411 0.0659860 0.7827790 0.7038582 0.7827790 1.8990471 0.6107205 1.4218404 2.0628929 0.5812412 0.5812412 0.5724652 0.5724652 0.5724652 0.5656902 2.1582902 0.5946072 0.5910686 0.5494265 0.5796762 0.5611964 0.5611964 0.5748613 0.5695119 0.5892708 0.5892708 0.5758552 0.5751565 0.5752818 0.5758607 0.5423634 1.1930506 2.0584064 2.3012165 2.3035093 
Hylocereus_polyrhizus_SRR11190802__NC_011659_-_ORF3_CDS                        0.8851284 0.8610771 0.8610771 0.8343353 0.8404646 0.8024230 0.8943252 0.8791347 0.8943252 0.7587624 0.7587624 0.8228252 0.8291864 0.8291864 0.8228252 0.8421087 0.8724893 0.8634789 0.7351225 0.0502356 0.9943568 1.6618583 2.3178332 2.2735573 2.3506797 2.3506797 0.7062574 0.7342290 0.6971902 0.6805730 0.0064715 0.6748939 0.0064715 0.0000000 0.7181095 0.7055786 0.7181095 0.7186701 0.0313480 0.0063859 0.0129055 0.0129055 0.8017831 0.6502478 0.8026929 0.8186782 0.7205121 0.0605302 1.3705987 1.3764962 1.4724738 0.0966633 0.9723871 0.7989711 0.9723871 2.0293307 0.7396950 1.5303197 2.3698705 0.7096904 0.7096904 0.6929755 0.6929755 0.6980596 0.6723681 2.1546152 0.6459888 0.6430168 0.5997650 0.6262668 0.6124310 0.6124310 0.6262973 0.6126513 0.6317664 0.6317664 0.6187550 0.6265119 0.6265667 0.6272055 0.5936371 1.2738115 2.0248188 2.4023959 2.4806523 
Hylocereus_undatus_SRR11190791__NC_002815_-_12_kDa_protein_CDS                 0.8769760 0.8772650 0.8772650 0.8440853 0.8379257 0.8348642 0.9109165 0.8581523 0.9109165 0.8108876 0.8108876 0.8489814 0.8452691 0.8452691 0.8489814 0.8367658 0.8895446 0.8647184 0.0278762 0.7037107 1.0749906 1.8761020 2.4630611 2.5225308 2.6291779 2.6291779 0.0215827 0.0184039 0.0030737 0.0061682 0.5879512 0.0030848 0.5879512 0.7181095 0.0000000 0.0249532 0.0000010 0.0060877 0.6716704 0.6294672 0.6652572 0.6652572 0.2737746 0.5811261 0.2840761 0.2781628 0.0247908 0.7261211 1.9351082 1.9679424 1.8994379 0.7312422 1.0433427 0.2833153 1.0433427 2.6693888 0.0279865 2.2854361 2.5023351 0.0311720 0.0311720 0.0281288 0.0281288 0.0247915 0.0253319 3.3463862 0.5778773 0.5216568 0.5239741 0.5262081 0.5146475 0.5146475 0.5277467 0.5196792 0.5548616 0.5548616 0.5370934 0.5306746 0.5303746 0.5308411 0.5049927 1.3974540 1.9508539 2.9532012 2.2121068 
Hylocereus_undatus_SRR11190793__NC_002815_-_12_kDa_protein_CDS                 0.8775056 0.8528047 0.8528047 0.8198081 0.8136400 0.8106184 0.8858683 0.8344494 0.8858683 0.7975322 0.7975322 0.8247926 0.8213158 0.8213158 0.8247926 0.8129026 0.8649309 0.8404743 0.0281415 0.6913605 1.1200802 1.8820751 2.3788321 2.4364292 2.5382715 2.5382715 0.0217871 0.0154512 0.0093391 0.0254424 0.5784663 0.0255259 0.5784663 0.7055786 0.0249532 0.0000000 0.0249532 0.0155499 0.6618188 0.6196129 0.6549754 0.6549754 0.2885308 0.5826260 0.2948582 0.2887481 0.0314676 0.7134554 1.9637942 1.9967116 1.9059007 0.7315963 1.0866912 0.2940524 1.0866912 2.6081484 0.0153664 2.2914533 2.4168898 0.0184857 0.0184857 0.0154443 0.0154443 0.0122514 0.0125155 3.4014831 0.5630493 0.5068802 0.5086645 0.5113605 0.5069044 0.5069044 0.5130179 0.4969330 0.5316907 0.5316907 0.5141343 0.5160189 0.5157471 0.5161961 0.4904282 1.4363947 1.9485163 3.0710731 2.1230820 
Hylocereus_undatus_SRR11190799__NC_002815_-_12_kDa_protein_CDS                 0.8769760 0.8772650 0.8772650 0.8440853 0.8379257 0.8348642 0.9109165 0.8581523 0.9109165 0.8108876 0.8108876 0.8489814 0.8452691 0.8452691 0.8489814 0.8367658 0.8895446 0.8647184 0.0278762 0.7037107 1.0749906 1.8761020 2.4630611 2.5225308 2.6291779 2.6291779 0.0215827 0.0184039 0.0030737 0.0061682 0.5879512 0.0030848 0.5879512 0.7181095 0.0000010 0.0249532 0.0000000 0.0060877 0.6716704 0.6294672 0.6652572 0.6652572 0.2737746 0.5811261 0.2840761 0.2781628 0.0247908 0.7261211 1.9351082 1.9679424 1.8994379 0.7312422 1.0433427 0.2833153 1.0433427 2.6693888 0.0279865 2.2854361 2.5023351 0.0311720 0.0311720 0.0281288 0.0281288 0.0247915 0.0253319 3.3463862 0.5778773 0.5216568 0.5239741 0.5262081 0.5146475 0.5146475 0.5277467 0.5196792 0.5548616 0.5548616 0.5370934 0.5306746 0.5303746 0.5308411 0.5049927 1.3974540 1.9508539 2.9532012 2.2121068 
Hylocereus_undatus_SRR11603182__NC_002815_-_12_kDa_protein_CDS                 0.8586778 0.8589405 0.8589405 0.8259174 0.8197557 0.8167260 0.8921368 0.8375280 0.8921368 0.8036986 0.8036986 0.8369671 0.8273426 0.8273426 0.8369671 0.8189127 0.8710991 0.8465628 0.0185305 0.7018891 1.0271199 1.8132198 2.3950328 2.4530160 2.5558245 2.5558245 0.0122968 0.0091749 0.0000010 0.0030931 0.5984539 0.0031030 0.5984539 0.7186701 0.0060877 0.0155499 0.0060877 0.0000000 0.6828035 0.6404843 0.6768602 0.6768602 0.2752596 0.5651790 0.2856243 0.2796716 0.0217555 0.7267011 1.8378669 1.8746083 1.8872871 0.7371994 0.9966239 0.2848557 0.9966239 2.5957958 0.0186036 2.1983084 2.3986199 0.0217577 0.0217577 0.0186979 0.0186979 0.0154498 0.0157857 3.1553560 0.5438510 0.4894281 0.4912593 0.4936907 0.4829750 0.4829750 0.4954385 0.4879222 0.5218575 0.5218575 0.5047180 0.4984389 0.4982077 0.4986231 0.4752485 1.3524842 1.8765578 2.8445291 2.1847872 
Hylocereus_undatus_SRR11603183__NC_011659_-_ORF3_CDS                           0.8516211 0.8281366 0.8281366 0.8015186 0.8073680 0.7732350 0.8604948 0.8346098 0.8604948 0.7274334 0.7274334 0.7907060 0.7970489 0.7970489 0.7907060 0.8094866 0.8393063 0.8305118 0.6904500 0.0280884 0.9504195 1.6741672 2.2942672 2.2137430 2.3273374 2.3273374 0.6625363 0.6896331 0.6616592 0.6468111 0.0000010 0.6411513 0.0000010 0.0313480 0.6716704 0.6618188 0.6716704 0.6828035 0.0000000 0.0000010 0.0032186 0.0032186 0.7685768 0.6226587 0.7694435 0.7851208 0.6762218 0.0250220 1.3530278 1.3770307 1.4228368 0.0948191 0.9290475 0.7760427 0.9290475 2.0933690 0.6950483 1.4216907 2.3081023 0.6660952 0.6660952 0.6501214 0.6501214 0.6548785 0.6382785 2.2172086 0.6520913 0.6398899 0.6015391 0.6283577 0.6178109 0.6178109 0.6319868 0.6357857 0.6554467 0.6554467 0.6420431 0.6321968 0.6322448 0.6329038 0.5986374 1.2100526 1.9767391 2.5212720 2.3591266 
Hylocereus_undatus_SRR11603184__NC_011659_-_CDS                                0.7968012 0.7738226 0.7738226 0.7469296 0.7524208 0.7286132 0.8052877 0.7799981 0.8052877 0.6739917 0.6739917 0.7370967 0.7435279 0.7435279 0.7370967 0.7553647 0.7847928 0.7761899 0.6580436 0.0194027 0.8164697 1.6557025 2.0931759 2.0204379 2.1244366 2.1244366 0.6203783 0.6474328 0.6191276 0.6065705 0.0000010 0.6008195 0.0000010 0.0063859 0.6294672 0.6196129 0.6294672 0.6404843 0.0000010 0.0000000 0.0000010 0.0000010 0.7300500 0.5848736 0.7332583 0.7491127 0.6193669 0.0228267 1.3105353 1.3345236 1.3978484 0.0686907 0.8200318 0.7375731 0.8200318 1.9826177 0.6529679 1.4248127 2.1066815 0.6241677 0.6241677 0.6084611 0.6084611 0.6130295 0.5959997 2.2520596 0.6227217 0.6103181 0.5770318 0.5987816 0.5884934 0.5884934 0.6025683 0.5972072 0.6170904 0.6170904 0.6035687 0.6028256 0.6029148 0.6035396 0.5692804 1.1649409 1.8523755 2.2283900 2.2901138 
Hylocereus_undatus_SRR11603187__NC_011659_-_CDS                                0.8151536 0.7799805 0.7799805 0.7652562 0.7709458 0.7308574 0.8028204 0.7862774 0.8028204 0.6847867 0.6847867 0.7488118 0.7491728 0.7491728 0.7488118 0.7612425 0.8027919 0.7939469 0.6951882 0.0228056 0.8354322 1.6331008 2.2197885 2.1943714 2.2439095 2.2439095 0.6657908 0.6840071 0.6547547 0.6355693 0.0000010 0.6296650 0.0000010 0.0129055 0.6652572 0.6549754 0.6652572 0.6768602 0.0032186 0.0000010 0.0000000 0.0000010 0.7289441 0.6027223 0.7401248 0.7456618 0.6699911 0.0162766 1.2932860 1.3168907 1.4989795 0.0690989 0.8156937 0.7262043 0.8156937 1.9751828 0.6794466 1.4173920 2.2338082 0.6594834 0.6594834 0.6523363 0.6523363 0.6573436 0.6399257 2.0713630 0.6159339 0.5947979 0.5580118 0.5834699 0.5751058 0.5751058 0.5872713 0.5749811 0.5946364 0.5946364 0.5812885 0.5892038 0.5893106 0.5899104 0.5561436 1.1356802 2.0174624 2.3270561 2.3360981 
Hylocereus_undatus_SRR11603189__NC_011659_-_CDS                                0.8151536 0.7799805 0.7799805 0.7652562 0.7709458 0.7308574 0.8028204 0.7862774 0.8028204 0.6847867 0.6847867 0.7488118 0.7491728 0.7491728 0.7488118 0.7612425 0.8027919 0.7939469 0.6951882 0.0228056 0.8354322 1.6331008 2.2197885 2.1943714 2.2439095 2.2439095 0.6657908 0.6840071 0.6547547 0.6355693 0.0000010 0.6296650 0.0000010 0.0129055 0.6652572 0.6549754 0.6652572 0.6768602 0.0032186 0.0000010 0.0000010 0.0000000 0.7289441 0.6027223 0.7401248 0.7456618 0.6699911 0.0162766 1.2932860 1.3168907 1.4989795 0.0690989 0.8156937 0.7262043 0.8156937 1.9751828 0.6794466 1.4173920 2.2338082 0.6594834 0.6594834 0.6523363 0.6523363 0.6573436 0.6399257 2.0713630 0.6159339 0.5947979 0.5580118 0.5834699 0.5751058 0.5751058 0.5872713 0.5749811 0.5946364 0.5946364 0.5812885 0.5892038 0.5893106 0.5899104 0.5561436 1.1356802 2.0174624 2.3270561 2.3360981 
JF937699_-_TGB2_CDS                                                            0.8954933 0.8899637 0.8899637 0.8344989 0.8406093 0.8272193 0.8854428 0.8708117 0.8854428 0.7988725 0.7988725 0.8360481 0.8451314 0.8451314 0.8360481 0.8486886 0.9083963 0.8986542 0.3073467 0.7853362 0.9199629 1.7107815 2.6154964 2.7124794 2.7860144 2.7860144 0.2917171 0.2951640 0.2746626 0.2697235 0.6938478 0.2656637 0.6938478 0.8017831 0.2737746 0.2885308 0.2737746 0.2752596 0.7685768 0.7300500 0.7289441 0.7289441 0.0000000 0.5603734 0.0121419 0.0183287 0.2819197 0.8168633 1.9047494 1.9358219 1.9159056 0.8114905 0.9404276 0.0152213 0.9404276 2.7574102 0.2871506 1.7994862 2.7113045 0.2880797 0.2880797 0.2908434 0.2908434 0.2923842 0.2740318 2.8974264 0.5679546 0.5285463 0.5116224 0.5330792 0.5098943 0.5098943 0.5382431 0.5246569 0.5493466 0.5493466 0.5319208 0.5422334 0.5253265 0.5257785 0.5155483 1.3976953 2.0891736 2.5060600 2.5442472 
