94
Hylocereus_polyrhizus_SRR11190795__NC_024458_-_TGB2_CDS                        0.0000000 0.0184956 0.0184956 0.0062070 0.8149033 0.0062272 0.0062486 0.0217867 0.0249215 0.0217867 0.0063479 0.0063479 0.0187738 0.0218727 0.0218727 0.0187738 0.0218971 0.0091633 0.0153578 0.8840770 0.9136057 1.0381485 1.4731417 2.0232096 1.9005423 1.9867396 1.9867396 0.8722467 0.8821570 0.8222297 0.8222297 0.7932993 0.7464662 0.7464662 0.7978575 0.8835523 0.8835523 0.8761933 0.8761933 0.8739406 0.8739406 0.8567417 0.8567417 0.8544020 0.7967933 0.7967933 0.8182576 0.8182576 0.8922950 0.8007627 0.8692706 0.9023585 0.8860537 0.9136057 1.7330253 1.7420762 1.7643743 0.8609274 1.0108109 0.8922950 1.0108109 2.0790641 0.8524609 1.8529449 1.8825454 0.8720735 0.8720735 0.8435451 0.8435451 0.8386842 0.8386842 0.7990641 2.8150561 0.7507737 0.7510366 0.7510366 0.7196538 0.7595123 0.7595123 0.7507375 0.7507375 0.7749617 0.7294132 0.7744456 0.7744456 0.7517040 0.7755302 0.7524890 0.7534866 0.7289852 1.2868005 1.7708556 2.3680508 2.4063757 
Hylocereus_polyrhizus_SRR11190796__NC_024458_-_TGB2_CDS                        0.0184956 0.0000000 0.0000010 0.0000010 0.8156722 0.0000010 0.0000010 0.0123306 0.0061184 0.0123306 0.0000010 0.0000010 0.0030808 0.0030683 0.0030683 0.0030808 0.0030717 0.0153681 0.0091566 0.8849209 0.8883030 1.0068604 1.4750295 2.0548744 1.9296021 2.0176627 2.0176627 0.8730765 0.8829969 0.8230031 0.8230031 0.7940308 0.7238953 0.7238953 0.7985967 0.8590259 0.8590259 0.8770234 0.8770234 0.8496607 0.8496607 0.8575510 0.8575510 0.8303407 0.7733624 0.7733624 0.7821945 0.7821945 0.8922950 0.7888475 0.8692706 0.9023585 0.8868999 0.8883030 1.6850535 1.6936350 1.8208134 0.8852728 0.9802963 0.8922950 0.9802963 2.0675636 0.8765492 1.8557146 1.9113769 0.8728970 0.8728970 0.8443361 0.8443361 0.8394670 0.8394670 0.7998118 2.8121123 0.7275599 0.7363087 0.7363087 0.7052581 0.7445664 0.7445664 0.7361053 0.7361053 0.7378211 0.7150891 0.7594296 0.7594296 0.7370372 0.7604897 0.7378259 0.7387903 0.7147078 1.3201660 1.7461056 2.3870419 2.4105196 
Hylocereus_polyrhizus_SRR11190797__NC_024458_-_TGB2_CDS                        0.0184956 0.0000010 0.0000000 0.0000010 0.8156722 0.0000010 0.0000010 0.0123306 0.0061184 0.0123306 0.0000010 0.0000010 0.0030808 0.0030683 0.0030683 0.0030808 0.0030717 0.0153681 0.0091566 0.8849209 0.8883030 1.0068604 1.4750295 2.0548744 1.9296021 2.0176627 2.0176627 0.8730765 0.8829969 0.8230031 0.8230031 0.7940308 0.7238953 0.7238953 0.7985967 0.8590259 0.8590259 0.8770234 0.8770234 0.8496607 0.8496607 0.8575510 0.8575510 0.8303407 0.7733624 0.7733624 0.7821945 0.7821945 0.8922950 0.7888475 0.8692706 0.9023585 0.8868999 0.8883030 1.6850535 1.6936350 1.8208134 0.8852728 0.9802963 0.8922950 0.9802963 2.0675636 0.8765492 1.8557146 1.9113769 0.8728970 0.8728970 0.8443361 0.8443361 0.8394670 0.8394670 0.7998118 2.8121123 0.7275599 0.7363087 0.7363087 0.7052581 0.7445664 0.7445664 0.7361053 0.7361053 0.7378211 0.7150891 0.7594296 0.7594296 0.7370372 0.7604897 0.7378259 0.7387903 0.7147078 1.3201660 1.7461056 2.3870419 2.4105196 
Hylocereus_polyrhizus_SRR11190798__NC_024458_-_TGB2_CDS                        0.0062070 0.0000010 0.0000010 0.0000000 0.7846295 0.0000010 0.0000010 0.0062178 0.0062326 0.0062178 0.0000010 0.0000010 0.0031293 0.0031257 0.0031257 0.0031293 0.0031293 0.0000010 0.0030928 0.8532072 0.8614727 0.9933954 1.4305239 2.0085008 1.8849233 1.9648047 1.9648047 0.8415184 0.8513738 0.7920195 0.7920195 0.7637932 0.7036327 0.7036327 0.7681936 0.8325434 0.8325434 0.8455808 0.8455808 0.8184584 0.8184584 0.8262831 0.8262831 0.8039014 0.7466989 0.7466989 0.7678611 0.7678611 0.8334315 0.7514297 0.8114006 0.8430533 0.8551607 0.8738774 1.6534282 1.6618317 1.7138757 0.8473756 0.9666978 0.8334315 0.9666978 1.9880256 0.8340117 1.7962397 1.8667267 0.8415747 0.8415747 0.8133476 0.8133476 0.8086456 0.8086456 0.7690978 2.6534869 0.7263080 0.7351984 0.7351984 0.7036327 0.7435854 0.7435854 0.7349988 0.7349988 0.7367369 0.7136444 0.7587044 0.7587044 0.7359443 0.7597817 0.7367469 0.7377257 0.7132610 1.2624339 1.6899211 2.3477002 2.3681866 
Hylocereus_polyrhizus_SRR11190801__NC_002815_-_CDS                             0.8149033 0.8156722 0.8156722 0.7846295 0.0000000 0.7783890 0.7768726 0.8477667 0.7963353 0.8477667 0.7606854 0.7606854 0.8009769 0.7875756 0.7875756 0.8009769 0.7795401 0.8271076 0.8032524 0.0287514 0.6850069 1.0658525 2.0285747 2.3476046 2.3991011 2.5041978 2.5041978 0.0222390 0.0189700 0.0000010 0.0000010 0.0000010 0.5601304 0.5601304 0.0000010 0.6824713 0.6824713 0.0031065 0.0031065 0.0256083 0.0256083 0.0031259 0.0031259 0.6496951 0.6071272 0.6071272 0.6365319 0.6365319 0.2674351 0.5783101 0.2781150 0.2725850 0.0255162 0.6953029 1.9833714 1.9906011 1.9772872 0.7081892 1.0227673 0.2779406 1.0227673 2.5962918 0.0288082 2.5136654 2.3190217 0.0320738 0.0320738 0.0289197 0.0289197 0.0255173 0.0255173 0.0260867 3.3317117 0.5531950 0.4998643 0.4998643 0.4988016 0.5023483 0.5023483 0.4904037 0.4904037 0.5046125 0.4881711 0.5221082 0.5221082 0.5049671 0.5085461 0.5058624 0.5063792 0.4808907 1.4582692 1.9937785 2.8275532 2.2359259 
Hylocereus_polyrhizus_SRR11190801__NC_024458_-_TGB2_CDS                        0.0062272 0.0000010 0.0000010 0.0000010 0.7783890 0.0000000 0.0000010 0.0062380 0.0062530 0.0062380 0.0000010 0.0000010 0.0031395 0.0031360 0.0031360 0.0031395 0.0031395 0.0000010 0.0031024 0.8469287 0.8679504 1.0013259 1.4448615 2.0325016 1.9064379 1.9879582 1.9879582 0.8352551 0.8451109 0.7858011 0.7858011 0.7576838 0.7088031 0.7088031 0.7620574 0.8387110 0.8387110 0.8393463 0.8393463 0.8122338 0.8122338 0.8200571 0.8200571 0.8098366 0.7522406 0.7522406 0.7736407 0.7736407 0.8395764 0.7566974 0.8173332 0.8492921 0.8488795 0.8804840 1.6716311 1.6802498 1.7333029 0.8536578 0.9743317 0.8395764 0.9743317 2.0115971 0.8278016 1.7868492 1.8879943 0.8353587 0.8353587 0.8071582 0.8071582 0.8024833 0.8024833 0.7628996 2.6925615 0.7313714 0.7403435 0.7403435 0.7085471 0.7488384 0.7488384 0.7401092 0.7401092 0.7418894 0.7185697 0.7640366 0.7640366 0.7410702 0.7651266 0.7418746 0.7428686 0.7181692 1.2738952 1.7087291 2.3371779 2.3576255 
Hylocereus_polyrhizus_SRR11190802__NC_024458_-_TGB2_CDS                        0.0062486 0.0000010 0.0000010 0.0000010 0.7768726 0.0000010 0.0000000 0.0062595 0.0062746 0.0062595 0.0000010 0.0000010 0.0031504 0.0031468 0.0031468 0.0031504 0.0031504 0.0000010 0.0031120 0.8453746 0.8337584 0.9945378 1.4033732 1.9659303 1.8452364 1.9299660 1.9299660 0.8337076 0.8435610 0.7842856 0.7842856 0.7562129 0.6829179 0.6829179 0.7605769 0.8056491 0.8056491 0.8378048 0.8378048 0.8107039 0.8107039 0.8185239 0.8185239 0.7775168 0.7315877 0.7315877 0.7352187 0.7352187 0.8279906 0.7418995 0.8059678 0.8256677 0.8473242 0.8337584 1.6279085 1.6361032 1.6684090 0.8202487 0.9676201 0.8161533 0.9676201 1.9367642 0.8262695 1.7620688 1.8272643 0.8338229 0.8338229 0.8056392 0.8056392 0.8009730 0.8009730 0.7614035 2.5890972 0.7064246 0.7151584 0.7151584 0.6839282 0.7232787 0.7232787 0.7150898 0.7150898 0.7062167 0.6940802 0.7383617 0.7383617 0.7159939 0.7394098 0.7168014 0.7177390 0.6937538 1.2396922 1.6397441 2.2836784 2.4081270 
Hylocereus_undatus_SRR11190791__NC_024458_-_TGB2_CDS                           0.0217867 0.0123306 0.0123306 0.0062178 0.8477667 0.0062380 0.0062595 0.0000000 0.0186913 0.0000010 0.0063592 0.0063592 0.0124576 0.0156233 0.0156233 0.0124576 0.0156409 0.0186191 0.0123241 0.9189459 0.9226457 0.9985859 1.5448477 1.9761197 1.9194344 2.0067650 2.0067650 0.9067230 0.9168894 0.8551569 0.8551569 0.8249094 0.7540075 0.7540075 0.8297254 0.8922366 0.8922366 0.9106168 0.9106168 0.8825091 0.8825091 0.8906145 0.8906145 0.8628402 0.8048246 0.8048246 0.8066044 0.8066044 0.8851406 0.8083876 0.8623210 0.8951129 0.9209849 0.9226457 1.7846367 1.7942390 1.8467542 0.8604949 0.9722771 0.8851406 0.9722771 2.0708245 0.8860020 1.8848724 1.9013032 0.9062878 0.9062878 0.8768605 0.8768605 0.8717315 0.8717315 0.8340403 2.8178270 0.7592768 0.7683614 0.7683614 0.7365076 0.7771180 0.7771180 0.7679480 0.7679480 0.7801846 0.7462074 0.7921730 0.7921730 0.7689597 0.7932896 0.7697398 0.7707800 0.7457188 1.3553767 1.7279924 2.4350365 2.4865375 
Hylocereus_undatus_SRR11190793__NC_024458_-_TGB2_CDS                           0.0249215 0.0061184 0.0061184 0.0062326 0.7963353 0.0062530 0.0062746 0.0186913 0.0000000 0.0186913 0.0063747 0.0063747 0.0093402 0.0093020 0.0093020 0.0093402 0.0093125 0.0217420 0.0154196 0.8642897 0.9082678 0.9831121 1.5110037 2.0461865 1.9214742 2.0091289 2.0091289 0.8526946 0.8624481 0.8036114 0.8036114 0.7754549 0.7307625 0.7307625 0.7798639 0.8783341 0.8783341 0.8566652 0.8566652 0.8297990 0.8297990 0.8375484 0.8375484 0.8379954 0.7806568 0.7806568 0.7896676 0.7896676 0.8714048 0.7808802 0.8488927 0.8812394 0.8662275 0.9082678 1.6775992 1.7368347 1.8416405 0.8933658 0.9572001 0.8714048 0.9572001 2.0588377 0.8562186 1.8474505 1.9032903 0.8526673 0.8526673 0.8246755 0.8246755 0.8199712 0.8199712 0.7808753 2.8506211 0.7203304 0.7289726 0.7289726 0.6982205 0.7370873 0.7370873 0.7288172 0.7288172 0.7304756 0.7080433 0.7518532 0.7518532 0.7297287 0.7528966 0.7305151 0.7314592 0.7076851 1.3283359 1.7384080 2.4169795 2.4826125 
Hylocereus_undatus_SRR11190799__NC_024458_-_TGB2_CDS                           0.0217867 0.0123306 0.0123306 0.0062178 0.8477667 0.0062380 0.0062595 0.0000010 0.0186913 0.0000000 0.0063592 0.0063592 0.0124576 0.0156233 0.0156233 0.0124576 0.0156409 0.0186191 0.0123241 0.9189459 0.9226457 0.9985859 1.5448477 1.9761197 1.9194344 2.0067650 2.0067650 0.9067230 0.9168894 0.8551569 0.8551569 0.8249094 0.7540075 0.7540075 0.8297254 0.8922366 0.8922366 0.9106168 0.9106168 0.8825091 0.8825091 0.8906145 0.8906145 0.8628402 0.8048246 0.8048246 0.8066044 0.8066044 0.8851406 0.8083876 0.8623210 0.8951129 0.9209849 0.9226457 1.7846367 1.7942390 1.8467542 0.8604949 0.9722771 0.8851406 0.9722771 2.0708245 0.8860020 1.8848724 1.9013032 0.9062878 0.9062878 0.8768605 0.8768605 0.8717315 0.8717315 0.8340403 2.8178270 0.7592768 0.7683614 0.7683614 0.7365076 0.7771180 0.7771180 0.7679480 0.7679480 0.7801846 0.7462074 0.7921730 0.7921730 0.7689597 0.7932896 0.7697398 0.7707800 0.7457188 1.3553767 1.7279924 2.4350365 2.4865375 
Hylocereus_undatus_SRR11603182__NC_024458_-_TGB2_CDS                           0.0063479 0.0000010 0.0000010 0.0000010 0.7606854 0.0000010 0.0000010 0.0063592 0.0063747 0.0063592 0.0000000 0.0000010 0.0032009 0.0031972 0.0031972 0.0032009 0.0032009 0.0031644 0.0031612 0.8464938 0.7890247 0.9309112 1.3908645 1.8646669 1.7511255 1.8307410 1.8307410 0.8225037 0.8324452 0.7727293 0.7727293 0.7446217 0.6370957 0.6370957 0.7446217 0.7619160 0.7619160 0.8155096 0.8155096 0.7993674 0.7993674 0.8072542 0.8072542 0.7343019 0.6783424 0.6783424 0.6916836 0.6916836 0.8006043 0.7374508 0.7787750 0.8128795 0.8362087 0.7890247 1.5383320 1.5457641 1.6627380 0.7877543 0.9053180 0.8006043 0.9053180 1.9351248 0.8150966 1.7370035 1.7337611 0.8227063 0.8227063 0.7943231 0.7943231 0.7896669 0.7896669 0.7496860 2.5915152 0.6924865 0.6907514 0.6907514 0.6654448 0.6986515 0.6986515 0.7012571 0.7012571 0.7027853 0.6802023 0.7245502 0.7245502 0.7021461 0.7255926 0.7029663 0.7038884 0.6799084 1.2369812 1.6119316 2.3069299 2.1649542 
Hylocereus_undatus_SRR11603183__NC_024458_-_TGB2_CDS                           0.0063479 0.0000010 0.0000010 0.0000010 0.7606854 0.0000010 0.0000010 0.0063592 0.0063747 0.0063592 0.0000010 0.0000000 0.0032009 0.0031972 0.0031972 0.0032009 0.0032009 0.0031644 0.0031612 0.8464938 0.7890247 0.9309112 1.3908645 1.8646669 1.7511255 1.8307410 1.8307410 0.8225037 0.8324452 0.7727293 0.7727293 0.7446217 0.6370957 0.6370957 0.7446217 0.7619160 0.7619160 0.8155096 0.8155096 0.7993674 0.7993674 0.8072542 0.8072542 0.7343019 0.6783424 0.6783424 0.6916836 0.6916836 0.8006043 0.7374508 0.7787750 0.8128795 0.8362087 0.7890247 1.5383320 1.5457641 1.6627380 0.7877543 0.9053180 0.8006043 0.9053180 1.9351248 0.8150966 1.7370035 1.7337611 0.8227063 0.8227063 0.7943231 0.7943231 0.7896669 0.7896669 0.7496860 2.5915152 0.6924865 0.6907514 0.6907514 0.6654448 0.6986515 0.6986515 0.7012571 0.7012571 0.7027853 0.6802023 0.7245502 0.7245502 0.7021461 0.7255926 0.7029663 0.7038884 0.6799084 1.2369812 1.6119316 2.3069299 2.1649542 
Hylocereus_undatus_SRR11603186__NC_024458_-_TGB2_CDS                           0.0187738 0.0030808 0.0030808 0.0031293 0.8009769 0.0031395 0.0031504 0.0124576 0.0093402 0.0124576 0.0032009 0.0032009 0.0000000 0.0000010 0.0000010 0.0000010 0.0000010 0.0155984 0.0092923 0.8577213 0.8512753 0.9626828 1.4847933 2.0236993 1.8999047 1.9715027 1.9715027 0.8460734 0.8558849 0.8028901 0.8028901 0.7797186 0.6928542 0.6928542 0.7842058 0.8257245 0.8257245 0.8500974 0.8500974 0.8230840 0.8230840 0.8370466 0.8370466 0.7975756 0.7412911 0.7412911 0.7557566 0.7557566 0.8399623 0.7446646 0.8179600 0.8495702 0.8596680 0.8540722 1.6675945 1.6760702 1.8112501 0.8514069 0.9502738 0.8399623 0.9502738 2.0434625 0.8496544 1.8733742 1.9108327 0.8460953 0.8460953 0.8179683 0.8179683 0.8132655 0.8132655 0.7739007 2.6985209 0.6968405 0.7053470 0.7053470 0.6748285 0.7131944 0.7131944 0.7053426 0.7053426 0.7068511 0.6949074 0.7384670 0.7384670 0.7164670 0.7290083 0.7070063 0.7079078 0.6867866 1.2794514 1.7441055 2.3302426 2.4618300 
Hylocereus_undatus_SRR11603187__NC_024458_-_TGB2_CDS                           0.0218727 0.0030683 0.0030683 0.0031257 0.7875756 0.0031360 0.0031468 0.0156233 0.0093020 0.0156233 0.0031972 0.0031972 0.0000010 0.0000000 0.0000010 0.0000010 0.0000010 0.0186925 0.0123729 0.8553269 0.8547093 0.9723955 1.4872210 2.0350364 1.9106109 1.9980469 1.9980469 0.8437772 0.8535109 0.7948656 0.7948656 0.7669260 0.7068421 0.7068421 0.7712875 0.8264613 0.8264613 0.8477796 0.8477796 0.8209853 0.8209853 0.8287151 0.8287151 0.7984228 0.7423854 0.7423854 0.7505593 0.7505593 0.8461531 0.7456841 0.8241025 0.8557828 0.8461003 0.8547093 1.6536932 1.6620106 1.7804075 0.8520481 0.9466365 0.8461531 0.9466365 2.0236590 0.8473423 1.8144796 1.8924159 0.8328622 0.8328622 0.8159223 0.8159223 0.8112660 0.8112660 0.7722116 2.8474933 0.6870274 0.6953975 0.6953975 0.6652717 0.7030577 0.7030577 0.6954566 0.6954566 0.6968862 0.6752995 0.7177309 0.7177309 0.6963008 0.7187241 0.6970897 0.6979651 0.6750287 1.3029111 1.7077481 2.2338876 2.3970723 
Hylocereus_undatus_SRR11603189__NC_024458_-_TGB2_CDS                           0.0218727 0.0030683 0.0030683 0.0031257 0.7875756 0.0031360 0.0031468 0.0156233 0.0093020 0.0156233 0.0031972 0.0031972 0.0000010 0.0000010 0.0000000 0.0000010 0.0000010 0.0186925 0.0123729 0.8553269 0.8547093 0.9723955 1.4872210 2.0350364 1.9106109 1.9980469 1.9980469 0.8437772 0.8535109 0.7948656 0.7948656 0.7669260 0.7068421 0.7068421 0.7712875 0.8264613 0.8264613 0.8477796 0.8477796 0.8209853 0.8209853 0.8287151 0.8287151 0.7984228 0.7423854 0.7423854 0.7505593 0.7505593 0.8461531 0.7456841 0.8241025 0.8557828 0.8461003 0.8547093 1.6536932 1.6620106 1.7804075 0.8520481 0.9466365 0.8461531 0.9466365 2.0236590 0.8473423 1.8144796 1.8924159 0.8328622 0.8328622 0.8159223 0.8159223 0.8112660 0.8112660 0.7722116 2.8474933 0.6870274 0.6953975 0.6953975 0.6652717 0.7030577 0.7030577 0.6954566 0.6954566 0.6968862 0.6752995 0.7177309 0.7177309 0.6963008 0.7187241 0.6970897 0.6979651 0.6750287 1.3029111 1.7077481 2.2338876 2.3970723 
Hylocereus_undatus_SRR11603190__NC_024458_-_TGB2_CDS                           0.0187738 0.0030808 0.0030808 0.0031293 0.8009769 0.0031395 0.0031504 0.0124576 0.0093402 0.0124576 0.0032009 0.0032009 0.0000010 0.0000010 0.0000010 0.0000000 0.0000010 0.0155984 0.0092923 0.8577213 0.8512753 0.9626828 1.4847933 2.0236993 1.8999047 1.9715027 1.9715027 0.8460734 0.8558849 0.8028901 0.8028901 0.7797186 0.6928542 0.6928542 0.7842058 0.8257245 0.8257245 0.8500974 0.8500974 0.8230840 0.8230840 0.8370466 0.8370466 0.7975756 0.7412911 0.7412911 0.7557566 0.7557566 0.8399623 0.7446646 0.8179600 0.8495702 0.8596680 0.8540722 1.6675945 1.6760702 1.8112501 0.8514069 0.9502738 0.8399623 0.9502738 2.0434625 0.8496544 1.8733742 1.9108327 0.8460953 0.8460953 0.8179683 0.8179683 0.8132655 0.8132655 0.7739007 2.6985209 0.6968405 0.7053470 0.7053470 0.6748285 0.7131944 0.7131944 0.7053426 0.7053426 0.7068511 0.6949074 0.7384670 0.7384670 0.7164670 0.7290083 0.7070063 0.7079078 0.6867866 1.2794514 1.7441055 2.3302426 2.4618300 
Hylocereus_undatus_SRR11603191__NC_024458_-_TGB2_CDS                           0.0218971 0.0030717 0.0030717 0.0031293 0.7795401 0.0031395 0.0031504 0.0156409 0.0093125 0.0156409 0.0032009 0.0032009 0.0000010 0.0000010 0.0000010 0.0000010 0.0000000 0.0187134 0.0123865 0.8469420 0.8704895 0.9919797 1.4628236 2.0661640 1.9392154 2.0284582 2.0284582 0.8354643 0.8451547 0.7868265 0.7868265 0.7591434 0.7073245 0.7073245 0.7634530 0.8416282 0.8416282 0.8394862 0.8394862 0.8128241 0.8128241 0.8205179 0.8205179 0.8131514 0.7563843 0.7563843 0.7649032 0.7649032 0.8538953 0.7547012 0.8316322 0.8636184 0.8488599 0.8704895 1.6845899 1.6932311 1.8007241 0.8676426 0.9657102 0.8538953 0.9657102 2.0790046 0.8390587 1.8419549 1.9208035 0.8355646 0.8355646 0.8078288 0.8078288 0.8032275 0.8032275 0.7642954 2.7700705 0.6953128 0.7037878 0.7037878 0.6733656 0.7115962 0.7115962 0.7037934 0.7037934 0.7052878 0.6833899 0.7263569 0.7263569 0.7046576 0.7273671 0.7054503 0.7063466 0.6830978 1.2703529 1.7267670 2.3662064 2.4689594 
JF930327_-_TGB2_CDS                                                            0.0091633 0.0153681 0.0153681 0.0000010 0.8271076 0.0000010 0.0000010 0.0186191 0.0217420 0.0186191 0.0031644 0.0031644 0.0155984 0.0186925 0.0186925 0.0155984 0.0187134 0.0000000 0.0122505 0.8969211 0.9004073 1.0345783 1.4961314 2.1005403 1.9711516 2.0621503 2.0621503 0.8849627 0.8949537 0.8344475 0.8344475 0.8050756 0.7348023 0.7348023 0.8097218 0.8707806 0.8707806 0.8888847 0.8888847 0.8613051 0.8613051 0.8692573 0.8692573 0.8418923 0.7846493 0.7846493 0.8056989 0.8056989 0.9052997 0.7943144 0.8820074 0.9154842 0.8989183 0.9004073 1.7613842 1.7707283 1.7706376 0.8734589 1.0073552 0.9052997 1.0073552 2.0427846 0.8648619 1.8841141 1.9525567 0.8846939 0.8846939 0.8558759 0.8558759 0.8509233 0.8509233 0.8110552 2.8262953 0.7619236 0.7709868 0.7709868 0.7392439 0.7797368 0.7797368 0.7705584 0.7705584 0.7725021 0.7488769 0.7947279 0.7947279 0.7715715 0.7958432 0.7723463 0.7733871 0.7483811 1.2820149 1.7999252 2.3768737 2.4494733 
MG210801_-_CDS                                                                 0.0153578 0.0091566 0.0091566 0.0030928 0.8032524 0.0031024 0.0031120 0.0123241 0.0154196 0.0123241 0.0031612 0.0031612 0.0092923 0.0123729 0.0123729 0.0092923 0.0123865 0.0122505 0.0000000 0.8718187 0.8874501 1.0198646 1.4932806 1.9921478 1.8720153 1.9564016 1.9564016 0.8601097 0.8699434 0.8105649 0.8105649 0.7820535 0.7232106 0.7232106 0.7865284 0.8582125 0.8582125 0.8640797 0.8640797 0.8369786 0.8369786 0.8447949 0.8447949 0.8295563 0.7726262 0.7726262 0.7932853 0.7932853 0.8922950 0.7669285 0.8692706 0.9023585 0.8737755 0.8874501 1.7575989 1.7668948 1.7643743 0.8609274 0.9930005 0.8922950 0.9930005 2.0044381 0.8406216 1.8798321 1.8542447 0.8600272 0.8600272 0.8317720 0.8317720 0.8269983 0.8269983 0.7876145 2.8067537 0.7473573 0.7356544 0.7356544 0.7046314 0.7438990 0.7438990 0.7354553 0.7354553 0.7371660 0.7345720 0.7797129 0.7797129 0.7569156 0.7598114 0.7371738 0.7381364 0.7140823 1.3015742 1.7436217 2.3829680 2.3664205 
AF308158_-_12_kDa_protein_CDS                                                  0.8840770 0.8849209 0.8849209 0.8532072 0.0287514 0.8469287 0.8453746 0.9189459 0.8642897 0.9189459 0.8464938 0.8464938 0.8577213 0.8553269 0.8553269 0.8577213 0.8469420 0.8969211 0.8718187 0.0000000 0.7429576 1.1267028 1.9813196 2.4897810 2.5435881 2.6559727 2.6559727 0.0121944 0.0152596 0.0123985 0.0123985 0.0283756 0.6041344 0.6041344 0.0284610 0.7338824 0.7338824 0.0278528 0.0278528 0.0280533 0.0280533 0.0185200 0.0185200 0.6896681 0.6555617 0.6555617 0.6925763 0.6925763 0.3064582 0.6256724 0.3121251 0.3064582 0.0342559 0.7577005 2.0326578 2.0748213 2.0968981 0.7415193 1.0961876 0.3119305 1.0961876 2.6605680 0.0310677 2.4029060 2.5397378 0.0342415 0.0342415 0.0311845 0.0311845 0.0278655 0.0278655 0.0284687 3.4598570 0.5963584 0.5581836 0.5581836 0.5449688 0.5609633 0.5609633 0.5317177 0.5317177 0.5465551 0.5377279 0.5729458 0.5729458 0.5551629 0.5503981 0.5475394 0.5481129 0.5218770 1.4063477 2.0559850 2.9344525 2.1553175 
AY366207_-_triple_gene_block_protein_2_CDS                                     0.9136057 0.8883030 0.8883030 0.8614727 0.6850069 0.8679504 0.8337584 0.9226457 0.9082678 0.9226457 0.7890247 0.7890247 0.8512753 0.8547093 0.8547093 0.8512753 0.8704895 0.9004073 0.8874501 0.7429576 0.0000000 0.9567569 1.7621347 2.3817510 2.2676216 2.4131250 2.4131250 0.7126855 0.7214255 0.6813647 0.6813647 0.6772356 0.0129735 0.0129735 0.6714983 0.0501383 0.0501383 0.7058100 0.7058100 0.6941799 0.6941799 0.7023839 0.7023839 0.0279905 0.0193434 0.0193434 0.0227116 0.0227116 0.7838595 0.6659412 0.7845652 0.8031538 0.7038681 0.0340286 1.3773391 1.3830582 1.5803052 0.0928632 0.9318232 0.8053302 0.9318232 2.0436802 0.7281136 1.4869430 2.3600469 0.6959541 0.6959541 0.6806906 0.6806906 0.6865917 0.6865917 0.6530853 2.2768636 0.6742386 0.6518592 0.6518592 0.6177195 0.6436216 0.6436216 0.6374054 0.6374054 0.6558063 0.6364183 0.6576180 0.6576180 0.6433452 0.6526127 0.6480318 0.6487829 0.6385425 1.1948507 2.2084071 2.7233763 2.5462011 
AY366209_-_triple_gene_block_protein_2_CDS                                     1.0381485 1.0068604 1.0068604 0.9933954 1.0658525 1.0013259 0.9945378 0.9985859 0.9831121 0.9985859 0.9309112 0.9309112 0.9626828 0.9723955 0.9723955 0.9626828 0.9919797 1.0345783 1.0198646 1.1267028 0.9567569 0.0000000 1.7783118 2.5770782 2.6442179 2.6636273 2.6636273 1.0970754 1.0915948 1.0564911 1.0564911 1.0493459 0.8217081 0.8217081 1.0560645 1.0194696 1.0194696 1.0987507 1.0987507 1.1449253 1.1449253 1.0479748 1.0479748 0.9753741 0.8378713 0.8378713 0.8543253 0.8543253 0.9454512 1.3384539 0.9335588 0.9470951 1.1117865 0.9585374 1.8038418 1.7789421 2.1515496 0.9448145 0.0152348 0.9838134 0.0152348 2.6717598 1.1320853 1.8455700 2.4405509 1.1428499 1.1428499 1.0887838 1.0887838 1.1142273 1.1142273 1.1238789 3.9844420 1.2409840 1.2534912 1.2534912 1.2144756 1.2597928 1.2597928 1.2545064 1.2545064 1.2569114 1.2710920 1.2912070 1.2912070 1.2681425 1.3135548 1.2890596 1.3084238 1.2386156 1.8834253 2.2878106 3.3735764 2.7192058 
AY800279_-_triple_gene_block_protein_2_CDS                                     1.4731417 1.4750295 1.4750295 1.4305239 2.0285747 1.4448615 1.4033732 1.5448477 1.5110037 1.5448477 1.3908645 1.3908645 1.4847933 1.4872210 1.4872210 1.4847933 1.4628236 1.4961314 1.4932806 1.9813196 1.7621347 1.7783118 0.0000000 1.9574862 1.9367986 1.9747246 1.9747246 1.8431564 1.9075809 1.8726126 1.8726126 1.9409840 1.6763466 1.6763466 1.9587150 1.7216853 1.7216853 1.9602199 1.9602199 1.9594946 1.9594946 1.8905587 1.8905587 1.7339933 1.7110725 1.7110725 1.6915013 1.6915013 1.7711482 1.7346042 1.6988779 1.7115363 1.9210156 1.8107449 0.2617470 0.2621861 0.2886853 1.9532428 1.8031236 1.7225854 1.8031236 1.9395856 1.8965919 0.3026398 1.8501558 1.8607692 1.8607692 1.8145448 1.8145448 1.8348008 1.8348008 1.7690616 2.5799172 1.8284013 1.8855119 1.8855119 1.8769749 1.8867081 1.8867081 1.9115833 1.9115833 1.8995741 1.8979238 1.9759584 1.9759584 1.9176194 1.9295187 1.9434253 1.9783126 1.9091472 1.1205899 1.4217279 3.5654297 2.0427773 
AY863024_-_TGB2_CDS                                                            2.0232096 2.0548744 2.0548744 2.0085008 2.3476046 2.0325016 1.9659303 1.9761197 2.0461865 1.9761197 1.8646669 1.8646669 2.0236993 2.0350364 2.0350364 2.0236993 2.0661640 2.1005403 1.9921478 2.4897810 2.3817510 2.5770782 1.9574862 0.0000000 0.0345338 0.0215541 0.0215541 2.3782144 2.4705514 2.3684328 2.3684328 2.3314886 2.0643008 2.0643008 2.2997430 2.3474370 2.3474370 2.4488490 2.4488490 2.3780852 2.3780852 2.3945838 2.3945838 2.3068333 2.1136547 2.1136547 2.2449092 2.2449092 2.5825852 2.1305555 2.6275599 2.6637685 2.5213243 2.2373724 2.0997885 2.1789057 1.9583348 2.2670462 2.6620585 2.7584528 2.6620585 0.3220989 2.4017591 1.8865165 0.0374853 2.4290158 2.4290158 2.3791259 2.3791259 2.3572646 2.3572646 2.3829181 1.3551289 2.1668686 2.4100004 2.4100004 2.2223060 2.3340789 2.3340789 2.4182807 2.4182807 2.3280382 2.3074451 2.3769899 2.3769899 2.3800371 2.3898779 2.3830622 2.4707816 2.3755990 1.4793005 2.0367146 1.2463344 0.9675556 
FJ822136_-_TGB2_CDS                                                            1.9005423 1.9296021 1.9296021 1.8849233 2.3991011 1.9064379 1.8452364 1.9194344 1.9214742 1.9194344 1.7511255 1.7511255 1.8999047 1.9106109 1.9106109 1.8999047 1.9392154 1.9711516 1.8720153 2.5435881 2.2676216 2.6442179 1.9367986 0.0345338 0.0000000 0.0444587 0.0444587 2.3890422 2.5238034 2.4198997 2.4198997 2.3819459 1.9949950 1.9949950 2.3495436 2.3057574 2.3057574 2.5015016 2.5015016 2.4293809 2.4293809 2.4462248 2.4462248 2.2288602 2.0425943 2.0425943 2.2266196 2.2266196 2.6582871 2.1467671 2.7050127 2.7425578 2.5758290 2.1328521 2.3352598 2.4273029 1.9536454 2.4107319 2.7321269 2.8409988 2.7321269 0.2983590 2.4531816 2.0224001 0.0411500 2.4398290 2.4398290 2.3899225 2.3899225 2.3680099 2.3680099 2.3848617 1.4456812 2.3606113 2.6351053 2.6351053 2.4053304 2.5499146 2.5499146 2.6420693 2.6420693 2.5415910 2.5194851 2.5949699 2.5949699 2.6002578 2.6095437 2.6024228 2.7016266 2.5943710 1.5801603 2.0837543 1.2638483 0.9852208 
GQ179646_-_TGB2_CDS                                                            1.9867396 2.0176627 2.0176627 1.9648047 2.5041978 1.9879582 1.9299660 2.0067650 2.0091289 2.0067650 1.8307410 1.8307410 1.9715027 1.9980469 1.9980469 1.9715027 2.0284582 2.0621503 1.9564016 2.6559727 2.4131250 2.6636273 1.9747246 0.0215541 0.0444587 0.0000000 0.0000010 2.5343277 2.6346587 2.5252630 2.5252630 2.4845659 2.0850200 2.0850200 2.4502760 2.3782420 2.3782420 2.6107013 2.6107013 2.5345312 2.5345312 2.5523772 2.5523772 2.3375578 2.1427153 2.1427153 2.2671718 2.2671718 2.7603449 2.0664772 2.8095211 2.8489372 2.6902510 2.2667155 1.9599144 2.0942882 1.9921584 2.2966514 2.7100870 2.9526445 2.7100870 0.3237834 2.5589703 1.9030804 0.0408304 2.5885447 2.5885447 2.5348335 2.5348335 2.5106610 2.5106610 2.5322135 1.3119836 2.1570263 2.3982112 2.3982112 2.2118485 2.3228750 2.3228750 2.4065402 2.4065402 2.3169568 2.2625323 2.3307679 2.3307679 2.3333710 2.3783883 2.3716001 2.4586041 2.3641778 1.5222733 2.1254683 1.1925736 0.9696345 
GQ179647_-_TGB2_CDS                                                            1.9867396 2.0176627 2.0176627 1.9648047 2.5041978 1.9879582 1.9299660 2.0067650 2.0091289 2.0067650 1.8307410 1.8307410 1.9715027 1.9980469 1.9980469 1.9715027 2.0284582 2.0621503 1.9564016 2.6559727 2.4131250 2.6636273 1.9747246 0.0215541 0.0444587 0.0000010 0.0000000 2.5343277 2.6346587 2.5252630 2.5252630 2.4845659 2.0850200 2.0850200 2.4502760 2.3782420 2.3782420 2.6107013 2.6107013 2.5345312 2.5345312 2.5523772 2.5523772 2.3375578 2.1427153 2.1427153 2.2671718 2.2671718 2.7603449 2.0664772 2.8095211 2.8489372 2.6902510 2.2667155 1.9599144 2.0942882 1.9921584 2.2966514 2.7100870 2.9526445 2.7100870 0.3237834 2.5589703 1.9030804 0.0408304 2.5885447 2.5885447 2.5348335 2.5348335 2.5106610 2.5106610 2.5322135 1.3119836 2.1570263 2.3982112 2.3982112 2.2118485 2.3228750 2.3228750 2.4065402 2.4065402 2.3169568 2.2625323 2.3307679 2.3307679 2.3333710 2.3783883 2.3716001 2.4586041 2.3641778 1.5222733 2.1254683 1.1925736 0.9696345 
Hylocereus_polyrhizus_SRR11190795__NC_002815_-_12_kDa_protein_CDS              0.8722467 0.8730765 0.8730765 0.8415184 0.0222390 0.8352551 0.8337076 0.9067230 0.8526946 0.9067230 0.8225037 0.8225037 0.8460734 0.8437772 0.8437772 0.8460734 0.8354643 0.8849627 0.8601097 0.0121944 0.7126855 1.0970754 1.8431564 2.3782144 2.3890422 2.5343277 2.5343277 0.0000000 0.0091076 0.0061661 0.0061661 0.0219499 0.5852932 0.5852932 0.0220156 0.7038294 0.7038294 0.0215473 0.0215473 0.0217013 0.0217013 0.0122802 0.0122802 0.6606293 0.6166976 0.6166976 0.6620691 0.6620691 0.2905285 0.5949867 0.2960702 0.2905285 0.0247069 0.7269149 1.9748670 2.0153203 1.9457775 0.7313043 1.0673112 0.2958870 1.0673112 2.5398147 0.0247207 2.2864249 2.4255417 0.0215473 0.0215473 0.0185010 0.0185010 0.0153081 0.0153081 0.0156359 3.3460919 0.5749863 0.5217985 0.5217985 0.5240942 0.5243514 0.5243514 0.5121016 0.5121016 0.5264465 0.5180018 0.5522978 0.5522978 0.5349790 0.5302783 0.5275401 0.5280789 0.5025457 1.3860061 1.9669568 2.9332499 2.1365418 
Hylocereus_polyrhizus_SRR11190796__NC_002815_-_12_kDa_protein_CDS              0.8821570 0.8829969 0.8829969 0.8513738 0.0189700 0.8451109 0.8435610 0.9168894 0.8624481 0.9168894 0.8324452 0.8324452 0.8558849 0.8535109 0.8535109 0.8558849 0.8451547 0.8949537 0.8699434 0.0152596 0.7214255 1.0915948 1.9075809 2.4705514 2.5238034 2.6346587 2.6346587 0.0091076 0.0000000 0.0000010 0.0000010 0.0187245 0.6026091 0.6026091 0.0187804 0.7325179 0.7325179 0.0183826 0.0183826 0.0154082 0.0154082 0.0091670 0.0091670 0.6884380 0.6443981 0.6443981 0.6807794 0.6807794 0.2950056 0.5967136 0.3005689 0.2950056 0.0246629 0.7357671 1.9842706 2.0249866 2.0161004 0.7401338 1.0620532 0.3003830 1.0620532 2.6394086 0.0184303 2.3418494 2.5199581 0.0215442 0.0215442 0.0184984 0.0184984 0.0153066 0.0153066 0.0156343 3.4826553 0.5681724 0.5152794 0.5152794 0.5174677 0.5177968 0.5177968 0.5219960 0.5219960 0.5199289 0.5115882 0.5456672 0.5456672 0.5284587 0.5237678 0.5210609 0.5215899 0.4962196 1.3547691 2.0057845 2.8828472 2.2472751 
Hylocereus_polyrhizus_SRR11190797__NC_002815_-_12_kDa_protein_CDS              0.8222297 0.8230031 0.8230031 0.7920195 0.0000010 0.7858011 0.7842856 0.8551569 0.8036114 0.8551569 0.7727293 0.7727293 0.8028901 0.7948656 0.7948656 0.8028901 0.7868265 0.8344475 0.8105649 0.0123985 0.6813647 1.0564911 1.8726126 2.3684328 2.4198997 2.5252630 2.5252630 0.0061661 0.0000010 0.0000000 0.0000010 0.0000010 0.5750543 0.5750543 0.0000010 0.6943790 0.6943790 0.0030664 0.0030664 0.0093213 0.0093213 0.0000010 0.0000010 0.6604456 0.6161318 0.6161318 0.6515656 0.6515656 0.2737688 0.5731810 0.2792416 0.2737688 0.0155646 0.6974532 1.9135893 1.9529184 2.0134936 0.7164422 1.0274420 0.2790684 1.0274420 2.5405650 0.0123882 2.3238997 2.3795508 0.0155160 0.0155160 0.0124336 0.0124336 0.0092595 0.0092595 0.0094595 3.3276447 0.5431249 0.4909185 0.4909185 0.4927248 0.4933202 0.4933202 0.4898078 0.4898078 0.4956043 0.4876044 0.5211143 0.5211143 0.5041909 0.4994949 0.4968925 0.4973890 0.4739405 1.3650918 1.9691212 2.9420562 2.2406996 
Hylocereus_polyrhizus_SRR11190797__NC_002815_-_CVXgp3_CDS                      0.8222297 0.8230031 0.8230031 0.7920195 0.0000010 0.7858011 0.7842856 0.8551569 0.8036114 0.8551569 0.7727293 0.7727293 0.8028901 0.7948656 0.7948656 0.8028901 0.7868265 0.8344475 0.8105649 0.0123985 0.6813647 1.0564911 1.8726126 2.3684328 2.4198997 2.5252630 2.5252630 0.0061661 0.0000010 0.0000010 0.0000000 0.0000010 0.5750543 0.5750543 0.0000010 0.6943790 0.6943790 0.0030664 0.0030664 0.0093213 0.0093213 0.0000010 0.0000010 0.6604456 0.6161318 0.6161318 0.6515656 0.6515656 0.2737688 0.5731810 0.2792416 0.2737688 0.0155646 0.6974532 1.9135893 1.9529184 2.0134936 0.7164422 1.0274420 0.2790684 1.0274420 2.5405650 0.0123882 2.3238997 2.3795508 0.0155160 0.0155160 0.0124336 0.0124336 0.0092595 0.0092595 0.0094595 3.3276447 0.5431249 0.4909185 0.4909185 0.4927248 0.4933202 0.4933202 0.4898078 0.4898078 0.4956043 0.4876044 0.5211143 0.5211143 0.5041909 0.4994949 0.4968925 0.4973890 0.4739405 1.3650918 1.9691212 2.9420562 2.2406996 
Hylocereus_polyrhizus_SRR11190798__NC_002815_-_12_kDa_protein_CDS              0.7932993 0.7940308 0.7940308 0.7637932 0.0000010 0.7576838 0.7562129 0.8249094 0.7754549 0.8249094 0.7446217 0.7446217 0.7797186 0.7669260 0.7669260 0.7797186 0.7591434 0.8050756 0.7820535 0.0283756 0.6772356 1.0493459 1.9409840 2.3314886 2.3819459 2.4845659 2.4845659 0.0219499 0.0187245 0.0000010 0.0000010 0.0000000 0.5549349 0.5549349 0.0000010 0.6747703 0.6747703 0.0061506 0.0061506 0.0253567 0.0253567 0.0030859 0.0030859 0.6426807 0.6008921 0.6008921 0.6295078 0.6295078 0.2679044 0.5731810 0.2784380 0.2729838 0.0251832 0.6872935 1.9413567 1.9815296 1.8916851 0.6999279 1.0074569 0.2782658 1.0074569 2.5746616 0.0284310 2.4322884 2.3035480 0.0316530 0.0316530 0.0285395 0.0285395 0.0251843 0.0251843 0.0257388 3.2235719 0.5535302 0.5007253 0.5007253 0.4996816 0.5031885 0.5031885 0.4913436 0.4913436 0.5054247 0.4972379 0.5311806 0.5311806 0.5140390 0.5093173 0.5066570 0.5071696 0.4819159 1.4277478 2.0412618 2.8075159 2.2507028 
Hylocereus_polyrhizus_SRR11190798__NC_011659_-_CDS                             0.7464662 0.7238953 0.7238953 0.7036327 0.5601304 0.7088031 0.6829179 0.7540075 0.7307625 0.7540075 0.6370957 0.6370957 0.6928542 0.7068421 0.7068421 0.6928542 0.7073245 0.7348023 0.7232106 0.6041344 0.0129735 0.8217081 1.6763466 2.0643008 1.9949950 2.0850200 2.0850200 0.5852932 0.6026091 0.5750543 0.5750543 0.5549349 0.0000000 0.0000010 0.5492358 0.0064482 0.0064482 0.5856905 0.5856905 0.5768859 0.5768859 0.5955843 0.5955843 0.0000010 0.0000010 0.0000010 0.0000010 0.0000010 0.6894911 0.5961345 0.6901238 0.7081602 0.5734880 0.0130304 1.2874498 1.3113271 1.5209460 0.0655914 0.7986768 0.6994670 0.7986768 1.9174046 0.6091347 1.4602552 2.0771494 0.5794083 0.5794083 0.5706779 0.5706779 0.5706779 0.5706779 0.5628436 2.1632072 0.6081343 0.6032425 0.6032425 0.5618613 0.5916303 0.5916303 0.5718739 0.5718739 0.5898142 0.5790122 0.6007387 0.6007387 0.5861408 0.5867942 0.5824090 0.5830849 0.5545294 1.1981015 2.1840860 2.3469117 2.3465107 
Hylocereus_polyrhizus_SRR11190798__NC_011659_-_ORF3_CDS                        0.7464662 0.7238953 0.7238953 0.7036327 0.5601304 0.7088031 0.6829179 0.7540075 0.7307625 0.7540075 0.6370957 0.6370957 0.6928542 0.7068421 0.7068421 0.6928542 0.7073245 0.7348023 0.7232106 0.6041344 0.0129735 0.8217081 1.6763466 2.0643008 1.9949950 2.0850200 2.0850200 0.5852932 0.6026091 0.5750543 0.5750543 0.5549349 0.0000010 0.0000000 0.5492358 0.0064482 0.0064482 0.5856905 0.5856905 0.5768859 0.5768859 0.5955843 0.5955843 0.0000010 0.0000010 0.0000010 0.0000010 0.0000010 0.6894911 0.5961345 0.6901238 0.7081602 0.5734880 0.0130304 1.2874498 1.3113271 1.5209460 0.0655914 0.7986768 0.6994670 0.7986768 1.9174046 0.6091347 1.4602552 2.0771494 0.5794083 0.5794083 0.5706779 0.5706779 0.5706779 0.5706779 0.5628436 2.1632072 0.6081343 0.6032425 0.6032425 0.5618613 0.5916303 0.5916303 0.5718739 0.5718739 0.5898142 0.5790122 0.6007387 0.6007387 0.5861408 0.5867942 0.5824090 0.5830849 0.5545294 1.1981015 2.1840860 2.3469117 2.3465107 
Hylocereus_polyrhizus_SRR11190801__NC_002815_-_12_kDa_protein_CDS              0.7978575 0.7985967 0.7985967 0.7681936 0.0000010 0.7620574 0.7605769 0.8297254 0.7798639 0.8297254 0.7446217 0.7446217 0.7842058 0.7712875 0.7712875 0.7842058 0.7634530 0.8097218 0.7865284 0.0284610 0.6714983 1.0560645 1.9587150 2.2997430 2.3495436 2.4502760 2.4502760 0.0220156 0.0187804 0.0000010 0.0000010 0.0000010 0.5492358 0.5492358 0.0000000 0.6690473 0.6690473 0.0030761 0.0030761 0.0254335 0.0254335 0.0030950 0.0030950 0.6369766 0.5951117 0.5951117 0.6235696 0.6235696 0.2638592 0.5679283 0.2743704 0.2689297 0.0252589 0.6815350 1.9154790 1.9549590 1.9090223 0.6941764 1.0138092 0.2742005 1.0138092 2.5391193 0.0285167 2.4581281 2.2723073 0.0317485 0.0317485 0.0286259 0.0286259 0.0252600 0.0252600 0.0258178 3.1754116 0.5562948 0.5031885 0.5031885 0.5021638 0.5056740 0.5056740 0.4937253 0.4937253 0.5079043 0.4996478 0.5337943 0.5337943 0.5165494 0.5118081 0.5091257 0.5096439 0.4842385 1.4384975 2.0609649 2.8392362 2.2120013 
Hylocereus_polyrhizus_SRR11190802__NC_011659_-_ORF3_CDS                        0.8835523 0.8590259 0.8590259 0.8325434 0.6824713 0.8387110 0.8056491 0.8922366 0.8783341 0.8922366 0.7619160 0.7619160 0.8257245 0.8264613 0.8264613 0.8257245 0.8416282 0.8707806 0.8582125 0.7338824 0.0501383 1.0194696 1.7216853 2.3474370 2.3057574 2.3782420 2.3782420 0.7038294 0.7325179 0.6943790 0.6943790 0.6747703 0.0064482 0.0064482 0.6690473 0.0000000 0.0000010 0.7167610 0.7167610 0.7050047 0.7050047 0.7156014 0.7156014 0.0312626 0.0063680 0.0063680 0.0128592 0.0128592 0.7986715 0.6706522 0.7993963 0.8182761 0.7147872 0.0603022 1.3913179 1.3971582 1.5376744 0.0960843 0.9930961 0.7986715 0.9930961 2.0483350 0.7392557 1.5815127 2.4000425 0.7067173 0.7067173 0.6912451 0.6912451 0.6972524 0.6972524 0.6728510 2.1617713 0.6611385 0.6570476 0.6570476 0.6139868 0.6399541 0.6399541 0.6247148 0.6247148 0.6428838 0.6236330 0.6447379 0.6447379 0.6305365 0.6397480 0.6352393 0.6359699 0.6074336 1.2847722 2.1377388 2.4785268 2.5257209 
Hylocereus_polyrhizus_SRR11190802__NC_011659_-_triple_gene_block_protein_2_CDS 0.8835523 0.8590259 0.8590259 0.8325434 0.6824713 0.8387110 0.8056491 0.8922366 0.8783341 0.8922366 0.7619160 0.7619160 0.8257245 0.8264613 0.8264613 0.8257245 0.8416282 0.8707806 0.8582125 0.7338824 0.0501383 1.0194696 1.7216853 2.3474370 2.3057574 2.3782420 2.3782420 0.7038294 0.7325179 0.6943790 0.6943790 0.6747703 0.0064482 0.0064482 0.6690473 0.0000010 0.0000000 0.7167610 0.7167610 0.7050047 0.7050047 0.7156014 0.7156014 0.0312626 0.0063680 0.0063680 0.0128592 0.0128592 0.7986715 0.6706522 0.7993963 0.8182761 0.7147872 0.0603022 1.3913179 1.3971582 1.5376744 0.0960843 0.9930961 0.7986715 0.9930961 2.0483350 0.7392557 1.5815127 2.4000425 0.7067173 0.7067173 0.6912451 0.6912451 0.6972524 0.6972524 0.6728510 2.1617713 0.6611385 0.6570476 0.6570476 0.6139868 0.6399541 0.6399541 0.6247148 0.6247148 0.6428838 0.6236330 0.6447379 0.6447379 0.6305365 0.6397480 0.6352393 0.6359699 0.6074336 1.2847722 2.1377388 2.4785268 2.5257209 
Hylocereus_undatus_SRR11190791__NC_002815_-_12_kDa_protein_CDS                 0.8761933 0.8770234 0.8770234 0.8455808 0.0031065 0.8393463 0.8378048 0.9106168 0.8566652 0.9106168 0.8155096 0.8155096 0.8500974 0.8477796 0.8477796 0.8500974 0.8394862 0.8888847 0.8640797 0.0278528 0.7058100 1.0987507 1.9602199 2.4488490 2.5015016 2.6107013 2.6107013 0.0215473 0.0183826 0.0030664 0.0030664 0.0061506 0.5856905 0.5856905 0.0030761 0.7167610 0.7167610 0.0000000 0.0000010 0.0248869 0.0248869 0.0060762 0.0060762 0.6708883 0.6268689 0.6268689 0.6625027 0.6625027 0.2732062 0.5875727 0.2836617 0.2782457 0.0247197 0.7199330 1.9820138 2.0227176 1.9992848 0.7327374 1.0690766 0.2834883 1.0690766 2.6156227 0.0279061 2.3755255 2.4976604 0.0310677 0.0310677 0.0280107 0.0280107 0.0247208 0.0247208 0.0252548 3.3330899 0.5757163 0.5225190 0.5225190 0.5248269 0.5250751 0.5250751 0.5128102 0.5128102 0.5271656 0.5187115 0.5530197 0.5530197 0.5356956 0.5309965 0.5282545 0.5287952 0.5032484 1.4088445 2.0635598 2.9718408 2.2284913 
Hylocereus_undatus_SRR11190791__NC_002815_-_CDS                                0.8761933 0.8770234 0.8770234 0.8455808 0.0031065 0.8393463 0.8378048 0.9106168 0.8566652 0.9106168 0.8155096 0.8155096 0.8500974 0.8477796 0.8477796 0.8500974 0.8394862 0.8888847 0.8640797 0.0278528 0.7058100 1.0987507 1.9602199 2.4488490 2.5015016 2.6107013 2.6107013 0.0215473 0.0183826 0.0030664 0.0030664 0.0061506 0.5856905 0.5856905 0.0030761 0.7167610 0.7167610 0.0000010 0.0000000 0.0248869 0.0248869 0.0060762 0.0060762 0.6708883 0.6268689 0.6268689 0.6625027 0.6625027 0.2732062 0.5875727 0.2836617 0.2782457 0.0247197 0.7199330 1.9820138 2.0227176 1.9992848 0.7327374 1.0690766 0.2834883 1.0690766 2.6156227 0.0279061 2.3755255 2.4976604 0.0310677 0.0310677 0.0280107 0.0280107 0.0247208 0.0247208 0.0252548 3.3330899 0.5757163 0.5225190 0.5225190 0.5248269 0.5250751 0.5250751 0.5128102 0.5128102 0.5271656 0.5187115 0.5530197 0.5530197 0.5356956 0.5309965 0.5282545 0.5287952 0.5032484 1.4088445 2.0635598 2.9718408 2.2284913 
