93
CYMRNA_-__8_KDa__triple_gene_block_protein_CDS                              0.0000000 1.7246024 1.7027949 1.7027949 1.8031390 1.6433671 1.6564327 1.7327271 1.7327271 1.7374740 1.9413747 2.2589791 1.8987820 1.5902777 2.3310569 2.2171066 2.1120675 2.0550033 2.1006823 2.1779594 2.1006823 1.5784300 2.2468814 1.5784300 2.2308393 2.2597780 2.2059657 2.2718790 2.2239709 2.1415339 2.2583077 2.1561147 2.4346312 2.1799558 2.4346312 2.1799558 2.2408329 2.2049614 2.3387357 2.2588742 2.3083621 2.3083621 2.3562067 2.3294671 2.2258413 2.3208616 2.1785323 2.0924214 2.3367185 2.0924214 2.3208616 2.3208616 2.1639598 2.1625096 2.2879653 2.0652598 2.4776597 2.3052146 2.2569558 2.2569558 2.2569558 2.1960297 2.1960297 2.1499367 2.3758144 2.1091079 2.1838766 2.1686768 2.1251810 2.1251810 2.0663786 2.1103027 2.1675096 2.1103027 2.0813804 2.0813804 2.0813804 2.1258706 2.0560478 2.0560478 2.1258706 2.1109552 2.1091079 1.9985651 2.8953702 3.0651673 2.8288503 1.6339023 1.8230812 1.6874108 1.7311274 1.6754839 1.6752291 
AY366207_-_triple_gene_block_protein_3_CDS                                  1.7246024 0.0000000 0.0175859 0.0175859 0.0521152 0.0225422 0.0118171 0.0175517 0.0175517 0.0228881 0.0975807 0.8091475 0.6945646 0.9551256 2.1288967 2.0092059 1.9252784 1.8744648 0.7296107 0.7193924 0.6978169 0.9594318 0.7397866 0.9594318 1.9319600 2.0275716 0.6862997 0.6985508 0.6910257 0.7560797 0.6649336 0.7905041 0.6570850 0.8086494 0.6570850 0.8086494 0.6465733 0.7158078 0.6929737 0.6508095 0.6832660 0.6832660 0.6908124 0.6272430 0.6674015 0.6791152 0.6261707 0.8152742 0.6733158 0.8152742 0.6850232 0.6558904 0.8125042 0.8031179 0.8388682 0.7979875 0.6842559 0.6684552 0.6592903 0.6592903 0.6592903 0.6795304 0.6795304 0.6709148 0.6417327 0.5579327 0.5402025 0.5458698 0.5478842 0.5478842 0.5148169 0.5566428 0.5722085 0.5566428 0.5302307 0.5302307 0.5302307 0.5712295 0.5801877 0.5801877 0.5712295 0.5712295 0.5579327 0.5359825 2.3625718 2.3246758 3.1104771 2.6924522 1.2856651 0.9744635 1.0041153 0.9539105 1.1035026 
Hylocereus_polyrhizus_SRR11190798__NC_011659_-_ORF4_CDS                     1.7027949 0.0175859 0.0000000 0.0000010 0.0115082 0.0057051 0.0000010 0.0000010 0.0000010 0.0175562 0.0861954 0.7525702 0.6481903 0.8375076 1.9128213 1.8275004 1.6781514 1.6781514 0.6862987 0.6760411 0.6778167 0.8415268 0.6964458 0.8415268 1.8144756 1.8185845 0.6521652 0.6644273 0.6569481 0.7145987 0.6300158 0.7339429 0.6375546 0.7518021 0.6375546 0.7518021 0.6108140 0.6606010 0.6590487 0.5920175 0.6490112 0.6490112 0.6567327 0.5905496 0.6328841 0.6443312 0.5895395 0.7583156 0.6386368 0.7583156 0.6501354 0.6207770 0.7611882 0.7518021 0.7871690 0.7413262 0.6263465 0.6337229 0.6244759 0.6244759 0.6244759 0.6227255 0.6227255 0.6137558 0.6063234 0.5493197 0.5472204 0.5532337 0.5553808 0.5553808 0.5205696 0.5479902 0.5619480 0.5479902 0.5367784 0.5367784 0.5367784 0.5475583 0.5703796 0.5703796 0.5475583 0.5475583 0.5493197 0.5395864 2.1999233 2.3867742 2.8325197 2.6808551 1.2513299 0.8937200 0.9227337 0.9366605 1.1243387 
Hylocereus_polyrhizus_SRR11190801__NC_011659_-_ORF4_CDS                     1.7027949 0.0175859 0.0000010 0.0000000 0.0115082 0.0057051 0.0000010 0.0000010 0.0000010 0.0175562 0.0861954 0.7525702 0.6481903 0.8375076 1.9128213 1.8275004 1.6781514 1.6781514 0.6862987 0.6760411 0.6778167 0.8415268 0.6964458 0.8415268 1.8144756 1.8185845 0.6521652 0.6644273 0.6569481 0.7145987 0.6300158 0.7339429 0.6375546 0.7518021 0.6375546 0.7518021 0.6108140 0.6606010 0.6590487 0.5920175 0.6490112 0.6490112 0.6567327 0.5905496 0.6328841 0.6443312 0.5895395 0.7583156 0.6386368 0.7583156 0.6501354 0.6207770 0.7611882 0.7518021 0.7871690 0.7413262 0.6263465 0.6337229 0.6244759 0.6244759 0.6244759 0.6227255 0.6227255 0.6137558 0.6063234 0.5493197 0.5472204 0.5532337 0.5553808 0.5553808 0.5205696 0.5479902 0.5619480 0.5479902 0.5367784 0.5367784 0.5367784 0.5475583 0.5703796 0.5703796 0.5475583 0.5475583 0.5493197 0.5395864 2.1999233 2.3867742 2.8325197 2.6808551 1.2513299 0.8937200 0.9227337 0.9366605 1.1243387 
Hylocereus_polyrhizus_SRR11190802__NC_011659_-_ORF4_CDS                     1.8031390 0.0521152 0.0115082 0.0115082 0.0000000 0.0394895 0.0116703 0.0057079 0.0057079 0.0520508 0.1027959 0.8599850 0.7293891 0.9617307 1.9141457 1.8329307 1.7344826 1.6892406 0.7209099 0.7107835 0.7125817 0.9660594 0.7309848 0.9660594 1.7638348 1.8244163 0.6802932 0.6925244 0.6850208 0.8061638 0.6588318 0.8407148 0.6669267 0.8596652 0.6669267 0.8596652 0.6403605 0.7627921 0.6869897 0.6218573 0.6772437 0.6772437 0.6848075 0.6209047 0.6613628 0.6730129 0.6198449 0.8666301 0.6672418 0.8666301 0.6788925 0.6497722 0.8636006 0.8538595 0.8912724 0.8485409 0.6782097 0.6623800 0.6532160 0.6532160 0.6532160 0.6515058 0.6515058 0.6428940 0.6355883 0.5744435 0.5631162 0.5691065 0.5712608 0.5712608 0.5371310 0.5731137 0.5909804 0.5731137 0.5530050 0.5530050 0.5530050 0.5900599 0.5993505 0.5993505 0.5900599 0.5900599 0.5744435 0.5789394 2.2091020 2.2611267 3.1016270 2.6394123 1.3453219 0.9752409 1.0050934 0.9867958 1.1796223 
Hylocereus_undatus_SRR11603183__NC_011659_-_ORF4_CDS                        1.6433671 0.0225422 0.0057051 0.0057051 0.0394895 0.0000000 0.0000010 0.0000010 0.0000010 0.0225071 0.1090568 0.7931870 0.7111371 0.8630593 2.1118698 2.0209045 1.9089722 1.8583489 0.7229723 0.7128095 0.7146167 0.8670214 0.7330861 0.8670214 1.9467950 2.0108304 0.6924331 0.7048695 0.6972203 0.7402213 0.6708790 0.7746828 0.6793430 0.7926235 0.6793430 0.7926235 0.6523839 0.7008459 0.6991734 0.6336871 0.6893754 0.6893754 0.6970042 0.6329167 0.6733178 0.6852489 0.6318190 0.7991667 0.6793438 0.7991667 0.6765828 0.6617325 0.7964711 0.7871652 0.8224990 0.7820834 0.6904019 0.6744204 0.6651348 0.6651348 0.6651348 0.6634128 0.6634128 0.6547981 0.6474160 0.5702045 0.5521883 0.5580148 0.5600990 0.5600990 0.5265351 0.5688856 0.5846889 0.5688856 0.5421599 0.5421599 0.5421599 0.5908575 0.5929336 0.5929336 0.5908575 0.5837476 0.5702045 0.5478333 2.1221692 2.2459075 2.9830534 2.6761965 1.3033951 0.9438369 0.9728689 0.9547175 1.1051679 
Hylocereus_undatus_SRR11603184__NC_011659_-_triple_gene_block_protein_3_CDS 1.6564327 0.0118171 0.0000010 0.0000010 0.0116703 0.0000010 0.0000000 0.0000010 0.0000010 0.0178082 0.0742245 0.7576575 0.6367639 0.8208147 1.9751805 1.8864231 1.7787283 1.7295886 0.6629884 0.6527848 0.6545193 0.8428308 0.6730254 0.8428308 1.7757365 1.8769783 0.6666131 0.6793995 0.6715751 0.7023836 0.6438783 0.7385823 0.6443748 0.7568983 0.6443748 0.7568983 0.6242366 0.6634359 0.6736930 0.6048135 0.6633780 0.6633780 0.6713514 0.6035205 0.6466940 0.6587392 0.6024477 0.7640751 0.6527588 0.7640751 0.6587392 0.6343447 0.7609282 0.7513545 0.7874375 0.7297179 0.6399772 0.6476621 0.6380688 0.6380688 0.6380688 0.6362655 0.6362655 0.6271024 0.6194300 0.5333591 0.5313091 0.5372336 0.5393315 0.5393315 0.5044543 0.5320417 0.5460852 0.5320417 0.5207161 0.5207161 0.5207161 0.5618127 0.5540361 0.5540361 0.5618127 0.5449615 0.5333591 0.5237491 2.1587914 2.3596272 2.7889200 2.4751649 1.2381654 0.9238859 0.9539078 0.9474210 1.1153706 
Hylocereus_undatus_SRR11603187__NC_011659_-_ORF4_CDS                        1.7327271 0.0175517 0.0000010 0.0000010 0.0057079 0.0000010 0.0000010 0.0000000 0.0000010 0.0175222 0.0860052 0.7472033 0.6585687 0.8486136 2.0012098 1.9134905 1.8066335 1.8066335 0.6800976 0.6699634 0.6717095 0.8526454 0.6901075 0.8526454 1.8534735 1.9040741 0.6626041 0.6749835 0.6674161 0.7095392 0.6404876 0.7287774 0.6483143 0.7464148 0.6483143 0.7464148 0.6213614 0.6563057 0.6694862 0.6024824 0.6594566 0.6594566 0.6671992 0.6011863 0.6432579 0.6549020 0.6001486 0.7528477 0.6491196 0.7528477 0.6549020 0.6312231 0.7556947 0.7464148 0.7813260 0.7360732 0.6603611 0.6441743 0.6348635 0.6348635 0.6348635 0.6331099 0.6331099 0.6241826 0.6167241 0.5071996 0.5053634 0.5107552 0.5126332 0.5126332 0.4799419 0.5059912 0.5192402 0.5059912 0.4952305 0.4952305 0.4952305 0.5339112 0.5396753 0.5396753 0.5339112 0.5180825 0.5071996 0.4984147 2.0964896 2.2582326 2.8997708 2.6273250 1.2582985 0.9093620 0.9383966 0.9591744 1.0936106 
Hylocereus_undatus_SRR11603189__NC_011659_-_ORF4_CDS                        1.7327271 0.0175517 0.0000010 0.0000010 0.0057079 0.0000010 0.0000010 0.0000010 0.0000000 0.0175222 0.0860052 0.7472033 0.6585687 0.8486136 2.0012098 1.9134905 1.8066335 1.8066335 0.6800976 0.6699634 0.6717095 0.8526454 0.6901075 0.8526454 1.8534735 1.9040741 0.6626041 0.6749835 0.6674161 0.7095392 0.6404876 0.7287774 0.6483143 0.7464148 0.6483143 0.7464148 0.6213614 0.6563057 0.6694862 0.6024824 0.6594566 0.6594566 0.6671992 0.6011863 0.6432579 0.6549020 0.6001486 0.7528477 0.6491196 0.7528477 0.6549020 0.6312231 0.7556947 0.7464148 0.7813260 0.7360732 0.6603611 0.6441743 0.6348635 0.6348635 0.6348635 0.6331099 0.6331099 0.6241826 0.6167241 0.5071996 0.5053634 0.5107552 0.5126332 0.5126332 0.4799419 0.5059912 0.5192402 0.5059912 0.4952305 0.4952305 0.4952305 0.5339112 0.5396753 0.5396753 0.5339112 0.5180825 0.5071996 0.4984147 2.0964896 2.2582326 2.8997708 2.6273250 1.2582985 0.9093620 0.9383966 0.9591744 1.0936106 
KP090203_-_ORF4_CDS                                                         1.7374740 0.0228881 0.0175562 0.0175562 0.0520508 0.0225071 0.0178082 0.0175222 0.0175222 0.0000000 0.0975030 0.8241117 0.7584111 0.9482822 2.3156682 2.1825936 2.0881766 2.0319350 0.7516612 0.7412040 0.7431000 0.9525749 0.7292011 0.9525749 2.1005196 2.2027567 0.7196515 0.7326524 0.7246101 0.7763005 0.6977050 0.8407494 0.6974425 0.8236680 0.6974425 0.8236680 0.6789935 0.7623822 0.7265520 0.6596890 0.7165546 0.7165546 0.7243859 0.6593198 0.6999583 0.7126160 0.6581236 0.8304210 0.7063557 0.8304210 0.7189969 0.6882744 0.8275610 0.8180282 0.8544343 0.8128161 0.7177159 0.7012540 0.6916173 0.6916173 0.6916173 0.6898560 0.6898560 0.6811580 0.6735291 0.6066102 0.5878119 0.5940978 0.5963829 0.5963829 0.5614396 0.6052151 0.6216527 0.6052151 0.5776532 0.5776532 0.5776532 0.6208384 0.6306583 0.6306583 0.6208384 0.6208384 0.6066102 0.5830597 2.2320861 2.5174882 3.0503706 2.7858720 1.3757294 0.9948159 1.0252033 1.0068226 1.1345024 
KU854929_-_TGB_3_CDS                                                        1.9413747 0.0975807 0.0861954 0.0861954 0.1027959 0.1090568 0.0742245 0.0860052 0.0860052 0.0975030 0.0000000 0.8772056 0.7265375 0.9686036 2.0850889 2.1087781 2.1028773 2.0463146 0.8152705 0.8041987 0.8416739 0.9729357 0.7914815 0.9729357 1.9238628 2.1281271 0.7797092 0.7418375 0.7520129 0.8405394 0.7246349 0.8948100 0.6828950 0.8769373 0.6828950 0.8769373 0.7225851 0.8222071 0.7539490 0.7175345 0.7437811 0.7437811 0.7517816 0.7027295 0.7266911 0.7400303 0.6846980 0.8472507 0.7334272 0.8472507 0.7467631 0.7149411 0.8809117 0.8710347 0.9090411 0.8294554 0.7779769 0.7281671 0.7502147 0.7502147 0.7502147 0.7164229 0.7164229 0.7076767 0.7314269 0.5938797 0.5681391 0.5741461 0.5914808 0.5914808 0.5618141 0.5342341 0.5909409 0.5342341 0.5779895 0.5779895 0.5779895 0.5919839 0.6011841 0.6011841 0.5919839 0.5919839 0.5938797 0.6166913 2.4441819 2.3042302 2.5688375 3.1288824 1.4353193 1.1165163 1.1501235 1.0205792 1.2952648 
AY366208_-_triple_gene_block_protein_3_CDS                                  2.2589791 0.8091475 0.7525702 0.7525702 0.8599850 0.7931870 0.7576575 0.7472033 0.7472033 0.8241117 0.8772056 0.0000000 0.2411721 1.0954788 2.4371922 2.3810679 2.3265712 2.3019665 0.5114395 0.5033463 0.4957891 1.0198645 0.4770914 1.0198645 2.2668629 2.5012463 0.5417597 0.5147255 0.5270484 0.0283556 0.5229840 0.0333223 0.4906494 0.0276755 0.4906494 0.0276755 0.5191426 0.0329942 0.5220739 0.5261947 0.5134404 0.5134404 0.5266600 0.5064892 0.5257472 0.5574171 0.5422948 0.0505926 0.5531170 0.0505926 0.5492781 0.5450344 0.0385744 0.0333458 0.0449045 0.0506232 0.5391006 0.5395383 0.5553822 0.5553822 0.5553822 0.5513815 0.5513815 0.5559807 0.5367744 0.7726302 0.7798404 0.7710620 0.7724374 0.7724374 0.7687292 0.7936474 0.7568683 0.7936474 0.7635591 0.7635591 0.7635591 0.7464953 0.7551120 0.7551120 0.7464953 0.7634645 0.7726302 0.7829560 3.9821249 2.2649258 2.7802803 2.2528215 2.1870110 1.5294612 1.5234796 1.2644655 1.5171758 
KM288845_extraction                                                         1.8987820 0.6945646 0.6481903 0.6481903 0.7293891 0.7111371 0.6367639 0.6585687 0.6585687 0.7584111 0.7265375 0.2411721 0.0000000 1.3108512 2.0549512 1.8367334 2.0057479 1.9803958 0.5213251 0.5132282 0.4969894 1.2584187 0.5356539 1.2584187 1.9169729 2.0331869 0.6425855 0.6184365 0.6278290 0.2335581 0.6109465 0.2612440 0.5510396 0.2700536 0.5510396 0.2700536 0.6034172 0.2261704 0.5939040 0.6126771 0.5846858 0.5846858 0.5991197 0.5910723 0.5981094 0.6046607 0.5913469 0.2921133 0.5997337 0.2921133 0.6096739 0.5913494 0.2496988 0.2613180 0.2785526 0.2924826 0.6403510 0.6209120 0.6365623 0.6365623 0.6365623 0.6340351 0.6340351 0.6255425 0.6164619 0.8299182 0.8567164 0.8667027 0.8488930 0.8488930 0.8652690 0.8261625 0.8848028 0.8261625 0.8575661 0.8575661 0.8575661 0.8279326 0.8301713 0.8301713 0.8279326 0.8562996 0.8299182 0.8623931 3.7674788 2.6871111 2.7886098 1.9889229 1.8808765 1.4892243 1.5501502 1.0509948 1.1741073 
AY366209_-_triple_gene_block_protein_3_CDS                                  1.5902777 0.9551256 0.8375076 0.8375076 0.9617307 0.8630593 0.8208147 0.8486136 0.8486136 0.9482822 0.9686036 1.0954788 1.3108512 0.0000000 2.2597921 2.1302886 2.1843429 2.1619183 1.0145838 0.9751486 1.0041267 0.0212515 0.9862926 0.0212515 1.9999128 2.1175935 1.0786992 1.0032604 1.0152411 1.1059211 1.0027219 1.1353256 1.0016756 1.1476282 1.0016756 1.1476282 1.0490321 1.0850562 1.0728275 1.0027294 1.0633576 1.0633576 1.0420128 1.0235115 1.0241343 0.9798700 0.9837563 1.2079610 0.9891155 1.2079610 0.9705910 0.9666751 1.1815292 1.1709137 1.2052900 1.1180554 1.0603406 0.9783854 1.0239739 1.0239739 1.0239739 0.9933890 0.9933890 0.9751503 1.0383098 1.0180795 0.9919227 1.0039174 0.9968610 0.9968610 0.9659288 1.0059005 1.0023771 1.0059005 0.9785225 0.9785225 0.9785225 0.9760579 0.9891192 0.9891192 0.9760579 0.9979688 1.0180795 1.0088712 1.5928767 2.0061945 2.4168762 2.2723643 1.9654764 1.6018014 1.5844232 1.5608954 1.7563825 
AY863024_-_TGB3_CDS                                                         2.3310569 2.1288967 1.9128213 1.9128213 1.9141457 2.1118698 1.9751805 2.0012098 2.0012098 2.3156682 2.0850889 2.4371922 2.0549512 2.2597921 0.0000000 0.0490391 0.0377913 0.0433360 2.1698301 2.2577020 2.1698301 2.2846904 2.2817954 2.2846904 0.3854782 0.0322611 2.5979818 2.7186159 2.7344959 2.5181610 2.7026654 2.6998622 2.6404553 2.7293001 2.6404553 2.7293001 2.5468086 2.5267844 2.3764484 2.5468086 2.4279791 2.4279791 2.5443941 2.4994446 2.5851953 2.7759756 2.5120186 2.4641210 2.7080547 2.4641210 2.7759756 2.6394720 2.6051097 2.7137501 2.6736375 2.6977569 2.5162432 2.6785514 2.6146912 2.6146912 2.6146912 2.7058924 2.7058924 2.6506916 2.6050071 2.1424467 2.1170719 2.1587873 2.1706587 2.1706587 2.1342991 2.1000486 2.1300898 2.1000486 2.1058210 2.1058210 2.1058210 2.1197015 2.0970863 2.0970863 2.1197015 2.1055546 2.1424467 2.0709379 0.9683011 1.6586501 1.7455617 1.5311880 1.9547757 1.9959796 2.0575947 2.0198287 1.7873232 
FJ822136_-_TGB3_CDS                                                         2.2171066 2.0092059 1.8275004 1.8275004 1.8329307 2.0209045 1.8864231 1.9134905 1.9134905 2.1825936 2.1087781 2.3810679 1.8367334 2.1302886 0.0490391 0.0000000 0.0780102 0.0838758 2.2132161 2.3040935 2.0957245 2.1532488 2.3289386 2.1532488 0.3973857 0.0604704 2.4180601 2.5991040 2.5427302 2.4583680 2.5113962 2.6373366 2.5214503 2.6661297 2.5214503 2.6661297 2.3664677 2.4679599 2.2142515 2.3664677 2.2606401 2.2606401 2.3688017 2.3199069 2.4053922 2.5786916 2.3331021 2.4072078 2.5186170 2.4072078 2.5786916 2.4549262 2.5447342 2.6509275 2.6118458 2.6349524 2.3432922 2.4857189 2.4283500 2.4283500 2.4283500 2.5095884 2.5095884 2.4584446 2.4184727 2.0298545 2.0052391 2.0439376 2.0551877 2.0551877 2.0185789 1.9896973 2.0185398 1.9896973 1.9935691 1.9935691 1.9935691 2.0086696 1.9862252 1.9862252 2.0086696 1.9947327 2.0298545 1.9628640 0.9904633 1.7511348 1.6664008 1.4418783 1.9809590 1.9229881 1.9817853 1.9637415 1.6973174 
GQ179646_-_TGB3_CDS                                                         2.1120675 1.9252784 1.6781514 1.6781514 1.7344826 1.9089722 1.7787283 1.8066335 1.8066335 2.0881766 2.1028773 2.3265712 2.0057479 2.1843429 0.0377913 0.0780102 0.0000000 0.0052337 2.4246073 2.4762676 2.4246073 2.2080951 2.5533601 2.2080951 0.4236895 0.0604642 2.6062597 2.7278727 2.7438181 2.3995801 2.7118560 2.5740929 2.6091584 2.6019762 2.6091584 2.6019762 2.5549339 2.4100033 2.4305153 2.5549339 2.4004522 2.4004522 2.5522898 2.5073680 2.5934286 2.7857248 2.5199569 2.4869549 2.7171728 2.4869549 2.7857248 2.6481165 2.4845073 2.5872612 2.5868753 2.7244253 2.5239181 2.6812965 2.6171190 2.6171190 2.6171190 2.7087881 2.7087881 2.6533302 2.6074034 2.0498798 2.0252082 2.0643116 2.0756339 2.0756339 2.0391816 1.9869999 2.0384210 1.9869999 2.0136484 2.0136484 2.0136484 2.0284910 2.0060867 2.0060867 2.0284910 2.0145600 2.0498798 1.9823082 1.0226548 1.5874137 1.7169292 1.4405679 1.8791770 1.8538542 1.9096809 1.9081850 1.7172291 
GQ179647_-_TGB3_CDS                                                         2.0550033 1.8744648 1.6781514 1.6781514 1.6892406 1.8583489 1.7295886 1.8066335 1.8066335 2.0319350 2.0463146 2.3019665 1.9803958 2.1619183 0.0433360 0.0838758 0.0052337 0.0000000 2.3930294 2.4440011 2.3930294 2.1853562 2.5200082 2.1853562 0.4335527 0.0661885 2.5721661 2.6916012 2.7075134 2.3995801 2.6756188 2.5465123 2.5737142 2.5740929 2.5737142 2.5740929 2.5206989 2.3841743 2.3989426 2.5206989 2.3692191 2.3692191 2.5189820 2.4732350 2.5593313 2.7483528 2.4859632 2.4603151 2.6812965 2.4603151 2.7483528 2.6131424 2.4524412 2.5537925 2.5534464 2.6947400 2.4911113 2.6459255 2.5829290 2.5829290 2.5829290 2.6727695 2.6727695 2.6180364 2.5731677 2.0288584 2.0043075 2.0428881 2.0541055 2.0541055 2.0175834 1.9666113 2.0175791 1.9666113 1.9926616 1.9926616 1.9926616 2.0077363 2.0060867 2.0060867 2.0077363 1.9938336 2.0288584 1.9620595 1.0427431 1.5544770 1.6810113 1.4767513 1.8363385 1.8117623 1.8659894 1.8639722 1.6792534 
JF937699_-_TGB3_CDS                                                         2.1006823 0.7296107 0.6862987 0.6862987 0.7209099 0.7229723 0.6629884 0.6800976 0.6800976 0.7516612 0.8152705 0.5114395 0.5213251 1.0145838 2.1698301 2.2132161 2.4246073 2.3930294 0.0000000 0.0105406 0.0105185 1.0148736 0.0159040 1.0148736 2.0706397 2.2623180 0.2385424 0.2655648 0.2634167 0.5105623 0.2502924 0.5127658 0.2305185 0.5256912 0.2305185 0.5256912 0.2304027 0.4846861 0.2379360 0.2225087 0.2397317 0.2397317 0.2305604 0.2182461 0.2462809 0.2484601 0.2251330 0.5148929 0.2470942 0.5148929 0.2498417 0.2484601 0.5185246 0.5129220 0.5310993 0.5321083 0.2578346 0.2453955 0.2537519 0.2537519 0.2537519 0.2368433 0.2368433 0.2382625 0.2393503 1.0439628 1.0730303 1.0635034 1.0473331 1.0473331 1.0106601 1.0946989 1.0405433 1.0946989 1.0189436 1.0189436 1.0189436 1.0000645 1.0043936 1.0043936 1.0000645 1.0340935 1.0439628 1.0179833 3.0829346 2.2856872 2.6568036 1.8407786 1.5582043 1.5332409 1.5950221 1.2340064 1.4137309 
KM288846_-_TGB3_CDS                                                         2.1779594 0.7193924 0.6760411 0.6760411 0.7107835 0.7128095 0.6527848 0.6699634 0.6699634 0.7412040 0.8041987 0.5033463 0.5132282 0.9751486 2.2577020 2.3040935 2.4762676 2.4440011 0.0105406 0.0000000 0.0212708 0.9754307 0.0159387 0.9754307 2.1840718 2.3553836 0.2389698 0.2493538 0.2473486 0.5022721 0.2342934 0.5047167 0.2226176 0.5175695 0.2226176 0.5175695 0.2223346 0.4767904 0.2384758 0.2145126 0.2319435 0.2319435 0.2151171 0.2101677 0.2305604 0.2325902 0.2170277 0.5315124 0.2313261 0.5315124 0.2338687 0.2325902 0.5104727 0.5048711 0.5210984 0.5239609 0.2417609 0.2297428 0.2379349 0.2379349 0.2379349 0.2213705 0.2213705 0.2226833 0.2237064 1.0282199 1.0568293 1.0473331 1.0313710 1.0313710 0.9948113 1.0803839 1.0248769 1.0803839 1.0032936 1.0032936 1.0032936 0.9848066 0.9889552 0.9889552 0.9848066 1.0183730 1.0282199 1.0026495 3.2122174 2.2548650 2.7041345 1.8720689 1.5829278 1.5574722 1.6202070 1.2561951 1.3936733 
KM288847_-_TGB3_CDS                                                         2.1006823 0.6978169 0.6778167 0.6778167 0.7125817 0.7146167 0.6545193 0.6717095 0.6717095 0.7431000 0.8416739 0.4957891 0.4969894 1.0041267 2.1698301 2.0957245 2.4246073 2.3930294 0.0105185 0.0212708 0.0000000 1.0044146 0.0267481 1.0044146 2.0706397 2.1417596 0.2225507 0.2489063 0.2469073 0.4945419 0.2338687 0.4971859 0.2142160 0.5098515 0.2142160 0.5098515 0.2141144 0.4696717 0.2219824 0.2141144 0.2236441 0.2236441 0.2147293 0.2019464 0.2301473 0.2321708 0.2087741 0.4992393 0.2309108 0.4992393 0.2334451 0.2321708 0.5028863 0.4973371 0.5150975 0.5161618 0.2413256 0.2293324 0.2375108 0.2375108 0.2375108 0.2368433 0.2368433 0.2382625 0.2233032 1.0020601 1.0299165 1.0204704 1.0048492 1.0048492 0.9685050 1.0509184 0.9988452 1.0509184 0.9773053 0.9773053 0.9773053 0.9594770 0.9633216 0.9633216 0.9594770 0.9922548 1.0020601 0.9771834 3.0381774 2.2810426 2.7668301 1.7548315 1.6280352 1.5332409 1.5950221 1.1952712 1.3547349 
KU854931_-_TGB_3_CDS                                                        1.5784300 0.9594318 0.8415268 0.8415268 0.9660594 0.8670214 0.8428308 0.8526454 0.8526454 0.9525749 0.9729357 1.0198645 1.2584187 0.0212515 2.2846904 2.1532488 2.2080951 2.1853562 1.0148736 0.9754307 1.0044146 0.0000000 0.9865766 0.0000010 2.0797346 2.1402736 1.0070984 0.9361063 0.9475747 1.0275353 0.9351329 1.0571625 0.9329224 1.0687513 0.9329224 1.0687513 0.9773539 1.0095817 1.0014942 0.9341204 0.9921985 0.9921985 0.9726808 0.9524709 0.9558409 0.9139749 0.9156049 1.1249948 0.9230519 1.1249948 0.9048634 0.9017198 1.1002429 1.0904972 1.1225754 1.0409867 0.9897265 0.9129397 0.9557019 0.9557019 0.9557019 0.9269865 0.9269865 0.9096288 0.9689132 0.9778395 0.9523142 0.9636975 0.9569805 0.9569805 0.9265642 0.9660106 0.9626932 0.9660106 0.9391316 0.9391316 0.9391316 0.9371133 0.9493823 0.9493823 0.9371133 0.9581525 0.9778395 0.9690416 1.7049307 1.9591650 2.4849415 2.3970944 1.8773427 1.5167246 1.5004783 1.4941606 1.6591011 
KX883791_-_TGB3_CDS                                                         2.2468814 0.7397866 0.6964458 0.6964458 0.7309848 0.7330861 0.6730254 0.6901075 0.6901075 0.7292011 0.7914815 0.4770914 0.5356539 0.9862926 2.2817954 2.3289386 2.5533601 2.5200082 0.0159040 0.0159387 0.0267481 0.9865766 0.0000000 0.9865766 2.2122274 2.3807297 0.2476054 0.2581786 0.2560921 0.4869793 0.2509364 0.5024770 0.2397428 0.4910643 0.2397428 0.4910643 0.2389898 0.4746752 0.2469763 0.2230966 0.2488531 0.2488531 0.2395132 0.2268311 0.2554429 0.2411989 0.2337544 0.5045624 0.2398774 0.5045624 0.2425356 0.2411989 0.4842716 0.4787248 0.4961694 0.4973173 0.2504975 0.2382286 0.2465250 0.2465250 0.2465250 0.2297428 0.2297428 0.2311156 0.2321759 1.0569827 1.0863543 1.0768284 1.0605266 1.0605266 1.0238466 1.1081695 1.0535083 1.1081695 1.0319458 1.0319458 1.0319458 1.0127768 1.0172476 1.0172476 1.0127768 1.0471187 1.0569827 1.0307243 3.1134143 2.3997162 2.6480658 1.9512098 1.6077968 1.5817945 1.5754937 1.2618227 1.4150819 
KY348771_-_TGB_3_CDS                                                        1.5784300 0.9594318 0.8415268 0.8415268 0.9660594 0.8670214 0.8428308 0.8526454 0.8526454 0.9525749 0.9729357 1.0198645 1.2584187 0.0212515 2.2846904 2.1532488 2.2080951 2.1853562 1.0148736 0.9754307 1.0044146 0.0000010 0.9865766 0.0000000 2.0797346 2.1402736 1.0070984 0.9361063 0.9475747 1.0275353 0.9351329 1.0571625 0.9329224 1.0687513 0.9329224 1.0687513 0.9773539 1.0095817 1.0014942 0.9341204 0.9921985 0.9921985 0.9726808 0.9524709 0.9558409 0.9139749 0.9156049 1.1249948 0.9230519 1.1249948 0.9048634 0.9017198 1.1002429 1.0904972 1.1225754 1.0409867 0.9897265 0.9129397 0.9557019 0.9557019 0.9557019 0.9269865 0.9269865 0.9096288 0.9689132 0.9778395 0.9523142 0.9636975 0.9569805 0.9569805 0.9265642 0.9660106 0.9626932 0.9660106 0.9391316 0.9391316 0.9391316 0.9371133 0.9493823 0.9493823 0.9371133 0.9581525 0.9778395 0.9690416 1.7049307 1.9591650 2.4849415 2.3970944 1.8773427 1.5167246 1.5004783 1.4941606 1.6591011 
LC107515_-_TGBp3_CDS                                                        2.2308393 1.9319600 1.8144756 1.8144756 1.7638348 1.9467950 1.7757365 1.8534735 1.8534735 2.1005196 1.9238628 2.2668629 1.9169729 1.9999128 0.3854782 0.3973857 0.4236895 0.4335527 2.0706397 2.1840718 2.0706397 2.0797346 2.2122274 2.0797346 0.0000000 0.3918769 2.0561200 2.1375511 2.1807722 2.3523901 2.1515187 2.4332671 2.0654872 2.4648247 2.0654872 2.4648247 2.0453095 2.3755986 1.9122116 2.0453095 1.9487344 1.9487344 2.0397731 2.0015469 2.0682867 2.2115764 1.9934269 2.2904471 2.1662469 2.2904471 2.2115764 2.1127598 2.3548949 2.4510406 2.4160727 2.4410359 2.0191868 2.1051458 1.9559452 1.9559452 1.9559452 2.1224928 2.1224928 2.0583438 2.0510946 2.1580267 2.2363565 2.2217817 2.1741782 2.1741782 2.1378282 2.2304838 2.2198781 2.2304838 2.1092319 2.1092319 2.1092319 2.2934285 2.2107265 2.2107265 2.2934285 2.2788109 2.1580267 2.0535157 1.5027887 1.5947525 1.5991341 1.3836425 1.8849231 1.9574721 2.0792464 1.8684849 1.7178969 
MH423501_-_triple_gene_block_3_protein_CDS                                  2.2597780 2.0275716 1.8185845 1.8185845 1.8244163 2.0108304 1.8769783 1.9040741 1.9040741 2.2027567 2.1281271 2.5012463 2.0331869 2.1175935 0.0322611 0.0604704 0.0604642 0.0661885 2.2623180 2.3553836 2.1417596 2.1402736 2.3807297 2.1402736 0.3918769 0.0000000 2.4239018 2.5327207 2.5482790 2.5754597 2.5170991 2.7618495 2.4559093 2.7922622 2.4559093 2.7922622 2.3725709 2.5891231 2.2204017 2.3725709 2.2667810 2.2667810 2.3747386 2.3262034 2.4112893 2.5841896 2.3393163 2.5237187 2.5242286 2.5237187 2.5841896 2.4607249 2.6639241 2.7761894 2.7346070 2.7600169 2.3492621 2.4914244 2.4341560 2.4341560 2.4341560 2.5152645 2.5152645 2.4642716 2.4243328 2.0817653 2.0568093 2.0968734 2.1084032 2.1084032 2.0719116 2.0405967 2.0699828 2.0405967 2.0453339 2.0453339 2.0453339 2.0598791 2.0373632 2.0373632 2.0598791 2.0458491 2.0817653 2.0127377 0.9483542 1.5780471 1.8795663 1.3930725 1.9456179 1.8927154 1.9501206 1.9051333 1.6722325 
AF308158_-_7_kDa_protein_CDS                                                2.2059657 0.6862997 0.6521652 0.6521652 0.6802932 0.6924331 0.6666131 0.6626041 0.6626041 0.7196515 0.7797092 0.5417597 0.6425855 1.0786992 2.5979818 2.4180601 2.6062597 2.5721661 0.2385424 0.2389698 0.2225507 1.0070984 0.2476054 1.0070984 2.0561200 2.4239018 0.0000000 0.0159750 0.0158717 0.5071241 0.0160032 0.5094142 0.0276263 0.5222284 0.0276263 0.5222284 0.0000010 0.4900303 0.0431764 0.0000010 0.0378046 0.0378046 0.0376921 0.0000010 0.0266263 0.0378861 0.0109136 0.5201428 0.0377270 0.5201428 0.0380465 0.0323661 0.5151368 0.5095687 0.5257652 0.5040191 0.0214776 0.0432598 0.0496970 0.0492490 0.0494837 0.0487962 0.0487962 0.0490267 0.0379504 0.8195296 0.8398236 0.8311054 0.8182001 0.8182001 0.7744694 0.8631833 0.8393914 0.8631833 0.7954105 0.7954105 0.7954105 0.8055240 0.8074529 0.8074529 0.8055240 0.8325622 0.8195296 0.7897806 3.4277569 2.0366574 2.7497146 1.9182768 1.7107434 1.4826200 1.4771570 1.3086441 1.5011918 
Hylocereus_polyrhizus_SRR11190795__NC_002815_-_7_kDa_protein_CDS            2.2718790 0.6985508 0.6644273 0.6644273 0.6925244 0.7048695 0.6793995 0.6749835 0.6749835 0.7326524 0.7418375 0.5147255 0.6184365 1.0032604 2.7186159 2.5991040 2.7278727 2.6916012 0.2655648 0.2493538 0.2489063 0.9361063 0.2581786 0.9361063 2.1375511 2.5327207 0.0159750 0.0000000 0.0000010 0.4809152 0.0000010 0.4839412 0.0109051 0.4964455 0.0109051 0.4964455 0.0000010 0.4651443 0.0268124 0.0054131 0.0214639 0.0214639 0.0214010 0.0000010 0.0105830 0.0215103 0.0054615 0.5185881 0.0214208 0.5185881 0.0216007 0.0160796 0.4896219 0.4840889 0.4997867 0.4787179 0.0161510 0.0268643 0.0442919 0.0438919 0.0441015 0.0323218 0.0323218 0.0324732 0.0326137 0.7896428 0.8074328 0.7987222 0.7880819 0.7880819 0.7515049 0.8323534 0.8071191 0.8323534 0.7725022 0.7725022 0.7725022 0.7758592 0.7774558 0.7774558 0.7758592 0.8021752 0.7896428 0.7828117 3.4024596 1.9754329 2.7701834 2.0705992 1.8311618 1.4946563 1.4890939 1.3077212 1.5326781 
Hylocereus_polyrhizus_SRR11190796__NC_002815_-_7_kDa_protein_CDS            2.2239709 0.6910257 0.6569481 0.6569481 0.6850208 0.6972203 0.6715751 0.6674161 0.6674161 0.7246101 0.7520129 0.5270484 0.6278290 1.0152411 2.7344959 2.5427302 2.7438181 2.7075134 0.2634167 0.2473486 0.2469073 0.9475747 0.2560921 0.9475747 2.1807722 2.5482790 0.0158717 0.0000010 0.0000000 0.4929082 0.0000010 0.4955958 0.0109051 0.5082257 0.0109051 0.5082257 0.0000010 0.4765529 0.0266380 0.0053775 0.0213241 0.0213241 0.0212620 0.0000010 0.0105149 0.0213700 0.0054253 0.5305587 0.0212816 0.5305587 0.0214591 0.0159750 0.5012875 0.4957465 0.5116518 0.4902994 0.0160455 0.0266893 0.0439952 0.0436005 0.0438073 0.0321108 0.0321108 0.0322602 0.0323989 0.7999155 0.8178320 0.8091359 0.7984376 0.7984376 0.7618533 0.8428432 0.8174817 0.8428432 0.7828032 0.7828032 0.7828032 0.7860892 0.7877964 0.7877964 0.7860892 0.8125884 0.7999155 0.7930141 3.3245372 1.9882920 2.8232995 2.0335606 1.8027025 1.4736098 1.4682131 1.3225643 1.5108166 
Hylocereus_polyrhizus_SRR11190796__NC_006059_-_TGB3_CDS                     2.1415339 0.7560797 0.7145987 0.7145987 0.8061638 0.7402213 0.7023836 0.7095392 0.7095392 0.7763005 0.8405394 0.0283556 0.2335581 1.1059211 2.5181610 2.4583680 2.3995801 2.3995801 0.5105623 0.5022721 0.4945419 1.0275353 0.4869793 1.0275353 2.3523901 2.5754597 0.5071241 0.4809152 0.4929082 0.0000000 0.4885522 0.0000010 0.4524920 0.0000010 0.4524920 0.0000010 0.4844221 0.0107731 0.4881825 0.4910411 0.4796816 0.4796816 0.4925338 0.4715063 0.4916572 0.5221092 0.5063059 0.0327612 0.5181585 0.0327612 0.5140140 0.5101181 0.0107282 0.0000010 0.0107614 0.0216534 0.5042707 0.5050116 0.5338335 0.5253497 0.5297112 0.5164843 0.5164843 0.5207203 0.5020763 0.7436605 0.7352723 0.7352723 0.7431305 0.7431305 0.7233704 0.7484946 0.7285038 0.7484946 0.7344144 0.7344144 0.7344144 0.7184313 0.7197649 0.7197649 0.7184313 0.7346663 0.7436605 0.7534723 3.8301021 2.4977179 2.6898158 2.3581429 2.1623846 1.5005717 1.4948823 1.2934510 1.4896791 
Hylocereus_polyrhizus_SRR11190797__NC_002815_-_7_kDa_protein_CDS            2.2583077 0.6649336 0.6300158 0.6300158 0.6588318 0.6708790 0.6438783 0.6404876 0.6404876 0.6977050 0.7246349 0.5229840 0.6109465 1.0027219 2.7026654 2.5113962 2.7118560 2.6756188 0.2502924 0.2342934 0.2338687 0.9351329 0.2509364 0.9351329 2.1515187 2.5170991 0.0160032 0.0000010 0.0000010 0.4885522 0.0000000 0.4913956 0.0000010 0.5041267 0.0000010 0.5041267 0.0000010 0.4722246 0.0160102 0.0054000 0.0106803 0.0106803 0.0106493 0.0000010 0.0000010 0.0161083 0.0054253 0.5266529 0.0160413 0.5266529 0.0161757 0.0107034 0.4971488 0.4915469 0.5075628 0.4860645 0.0107518 0.0214591 0.0386969 0.0383481 0.0385309 0.0268944 0.0268944 0.0270201 0.0271372 0.7620340 0.7793604 0.7706729 0.7602610 0.7602610 0.7239961 0.8038718 0.7791435 0.8038718 0.7449472 0.7449472 0.7449472 0.7484675 0.7497537 0.7497537 0.7484675 0.7740983 0.7620340 0.7554427 3.4002644 1.9306416 2.8757275 2.0070262 1.7528684 1.4522493 1.4771508 1.2832256 1.4892014 
Hylocereus_polyrhizus_SRR11190797__NC_006059_-_TGB3_CDS                     2.1561147 0.7905041 0.7339429 0.7339429 0.8407148 0.7746828 0.7385823 0.7287774 0.7287774 0.8407494 0.8948100 0.0333223 0.2612440 1.1353256 2.6998622 2.6373366 2.5740929 2.5465123 0.5127658 0.5047167 0.4971859 1.0571625 0.5024770 1.0571625 2.4332671 2.7618495 0.5094142 0.4839412 0.4955958 0.0000010 0.4913956 0.0000000 0.4606201 0.0052254 0.4606201 0.0052254 0.4874168 0.0158059 0.4909938 0.4938638 0.4827406 0.4827406 0.4952317 0.4749307 0.4943788 0.5239818 0.5087070 0.0374610 0.5201328 0.0374610 0.5161316 0.5123344 0.0211208 0.0104918 0.0211848 0.0265335 0.5066609 0.5073587 0.5353882 0.5271313 0.5313769 0.5185058 0.5185058 0.5226326 0.5045248 0.7435080 0.7501195 0.7416636 0.7429859 0.7429859 0.7235862 0.7632349 0.7286204 0.7632349 0.7344276 0.7344276 0.7344276 0.7187253 0.7266204 0.7266204 0.7187253 0.7346737 0.7435080 0.7531398 3.9349178 2.4061787 2.8368520 2.4375337 2.2386693 1.5277587 1.5220112 1.3674842 1.5159476 
Hylocereus_polyrhizus_SRR11190798__NC_002815_-_7_kDa_protein_CDS            2.4346312 0.6570850 0.6375546 0.6375546 0.6669267 0.6793430 0.6443748 0.6483143 0.6483143 0.6974425 0.6828950 0.4906494 0.5510396 1.0016756 2.6404553 2.5214503 2.6091584 2.5737142 0.2305185 0.2226176 0.2142160 0.9329224 0.2397428 0.9329224 2.0654872 2.4559093 0.0276263 0.0109051 0.0109051 0.4524920 0.0000010 0.4606201 0.0000000 0.4731001 0.0000010 0.4731001 0.0055819 0.4419885 0.0054118 0.0112021 0.0054118 0.0054118 0.0054212 0.0000010 0.0000010 0.0221211 0.0056334 0.4952727 0.0220264 0.4952727 0.0222167 0.0165348 0.4663887 0.4607643 0.4724005 0.4676965 0.0166101 0.0276263 0.0455868 0.0451630 0.0453850 0.0332410 0.0332410 0.0334011 0.0335496 0.7580957 0.7582459 0.7494583 0.7478517 0.7478517 0.7114463 0.7896702 0.7580957 0.7896702 0.7325380 0.7325380 0.7325380 0.7274524 0.7285140 0.7285140 0.7274524 0.7529051 0.7580957 0.7514466 3.3600424 1.8887756 2.5880176 1.9588169 1.7734455 1.4573468 1.5158172 1.2845248 1.4892067 
Hylocereus_polyrhizus_SRR11190798__NC_006059_-_TGB3_CDS                     2.1799558 0.8086494 0.7518021 0.7518021 0.8596652 0.7926235 0.7568983 0.7464148 0.7464148 0.8236680 0.8769373 0.0276755 0.2700536 1.1476282 2.7293001 2.6661297 2.6019762 2.5740929 0.5256912 0.5175695 0.5098515 1.0687513 0.4910643 1.0687513 2.4648247 2.7922622 0.5222284 0.4964455 0.5082257 0.0000010 0.5041267 0.0052254 0.4731001 0.0000000 0.4731001 0.0000010 0.5002482 0.0211936 0.5035308 0.5068546 0.4952253 0.4952253 0.5078562 0.4878461 0.5069896 0.5370416 0.5220018 0.0320035 0.5330669 0.0320035 0.5291727 0.5252501 0.0157890 0.0052289 0.0158368 0.0211571 0.5195446 0.5201328 0.5487696 0.5402470 0.5446267 0.5314166 0.5314166 0.5356743 0.5173601 0.7599147 0.7667313 0.7582529 0.7595805 0.7595805 0.7403221 0.7799837 0.7448153 0.7799837 0.7510029 0.7510029 0.7510029 0.7348325 0.7429859 0.7429859 0.7348325 0.7510583 0.7599147 0.7697500 4.0509211 2.4671740 2.8722845 2.5010672 2.2386693 1.5277587 1.5220112 1.3674842 1.5159476 
Hylocereus_polyrhizus_SRR11190801__NC_002815_-_7_kDa_protein_CDS            2.4346312 0.6570850 0.6375546 0.6375546 0.6669267 0.6793430 0.6443748 0.6483143 0.6483143 0.6974425 0.6828950 0.4906494 0.5510396 1.0016756 2.6404553 2.5214503 2.6091584 2.5737142 0.2305185 0.2226176 0.2142160 0.9329224 0.2397428 0.9329224 2.0654872 2.4559093 0.0276263 0.0109051 0.0109051 0.4524920 0.0000010 0.4606201 0.0000010 0.4731001 0.0000000 0.4731001 0.0055819 0.4419885 0.0054118 0.0112021 0.0054118 0.0054118 0.0054212 0.0000010 0.0000010 0.0221211 0.0056334 0.4952727 0.0220264 0.4952727 0.0222167 0.0165348 0.4663887 0.4607643 0.4724005 0.4676965 0.0166101 0.0276263 0.0455868 0.0451630 0.0453850 0.0332410 0.0332410 0.0334011 0.0335496 0.7580957 0.7582459 0.7494583 0.7478517 0.7478517 0.7114463 0.7896702 0.7580957 0.7896702 0.7325380 0.7325380 0.7325380 0.7274524 0.7285140 0.7285140 0.7274524 0.7529051 0.7580957 0.7514466 3.3600424 1.8887756 2.5880176 1.9588169 1.7734455 1.4573468 1.5158172 1.2845248 1.4892067 
Hylocereus_polyrhizus_SRR11190801__NC_006059_-_TGB3_CDS                     2.1799558 0.8086494 0.7518021 0.7518021 0.8596652 0.7926235 0.7568983 0.7464148 0.7464148 0.8236680 0.8769373 0.0276755 0.2700536 1.1476282 2.7293001 2.6661297 2.6019762 2.5740929 0.5256912 0.5175695 0.5098515 1.0687513 0.4910643 1.0687513 2.4648247 2.7922622 0.5222284 0.4964455 0.5082257 0.0000010 0.5041267 0.0052254 0.4731001 0.0000010 0.4731001 0.0000000 0.5002482 0.0211936 0.5035308 0.5068546 0.4952253 0.4952253 0.5078562 0.4878461 0.5069896 0.5370416 0.5220018 0.0320035 0.5330669 0.0320035 0.5291727 0.5252501 0.0157890 0.0052289 0.0158368 0.0211571 0.5195446 0.5201328 0.5487696 0.5402470 0.5446267 0.5314166 0.5314166 0.5356743 0.5173601 0.7599147 0.7667313 0.7582529 0.7595805 0.7595805 0.7403221 0.7799837 0.7448153 0.7799837 0.7510029 0.7510029 0.7510029 0.7348325 0.7429859 0.7429859 0.7348325 0.7510583 0.7599147 0.7697500 4.0509211 2.4671740 2.8722845 2.5010672 2.2386693 1.5277587 1.5220112 1.3674842 1.5159476 
Hylocereus_polyrhizus_SRR11190802__NC_002815_-_7_kDa_protein_CDS            2.2408329 0.6465733 0.6108140 0.6108140 0.6403605 0.6523839 0.6242366 0.6213614 0.6213614 0.6789935 0.7225851 0.5191426 0.6034172 1.0490321 2.5468086 2.3664677 2.5549339 2.5206989 0.2304027 0.2223346 0.2141144 0.9773539 0.2389898 0.9773539 2.0453095 2.3725709 0.0000010 0.0000010 0.0000010 0.4844221 0.0000010 0.4874168 0.0055819 0.5002482 0.0055819 0.5002482 0.0000000 0.4681184 0.0218036 0.0000010 0.0163635 0.0163635 0.0108142 0.0000010 0.0053775 0.0163598 0.0054615 0.5111497 0.0162907 0.5111497 0.0164294 0.0162907 0.4932309 0.4875688 0.5036945 0.4820514 0.0109198 0.0217939 0.0393195 0.0389594 0.0391481 0.0273151 0.0273151 0.0274448 0.0219246 0.7352617 0.7574291 0.7486825 0.7332681 0.7332681 0.7122114 0.7765923 0.7572822 0.7765923 0.7332681 0.7332681 0.7332681 0.7218016 0.7227921 0.7227921 0.7218016 0.7469657 0.7352617 0.7352617 3.3651395 1.8887364 2.8352456 1.9725052 1.6915575 1.4402399 1.4652468 1.2895926 1.4668429 
Hylocereus_polyrhizus_SRR11190802__NC_006059_-_TGB3_CDS                     2.2049614 0.7158078 0.6606010 0.6606010 0.7627921 0.7008459 0.6634359 0.6563057 0.6563057 0.7623822 0.8222071 0.0329942 0.2261704 1.0850562 2.5267844 2.4679599 2.4100033 2.3841743 0.4846861 0.4767904 0.4696717 1.0095817 0.4746752 1.0095817 2.3755986 2.5891231 0.4900303 0.4651443 0.4765529 0.0107731 0.4722246 0.0158059 0.4419885 0.0211936 0.4419885 0.0211936 0.4681184 0.0000000 0.4721152 0.4742935 0.4639805 0.4639805 0.4761991 0.4555768 0.4753718 0.5041659 0.4886158 0.0430339 0.5005210 0.0430339 0.4963795 0.4927859 0.0320228 0.0265974 0.0375984 0.0430582 0.4871824 0.4880449 0.5150406 0.5072159 0.5112427 0.4989381 0.4989381 0.5028515 0.4851293 0.7053877 0.6815523 0.6888161 0.7044352 0.7044352 0.6847305 0.7019401 0.6909959 0.7019401 0.6959270 0.6959270 0.6959270 0.6813058 0.6886062 0.6886062 0.6813058 0.6966143 0.7053877 0.7145423 3.7548357 2.3412921 2.6769236 2.3225469 2.0349271 1.3959335 1.3910246 1.2483559 1.3853159 
Hylocereus_undatus_SRR11190791__NC_002815_-_7_kDa_protein_CDS               2.3387357 0.6929737 0.6590487 0.6590487 0.6869897 0.6991734 0.6736930 0.6694862 0.6694862 0.7265520 0.7539490 0.5220739 0.5939040 1.0728275 2.3764484 2.2142515 2.4305153 2.3989426 0.2379360 0.2384758 0.2219824 1.0014942 0.2469763 1.0014942 1.9122116 2.2204017 0.0431764 0.0268124 0.0266380 0.4881825 0.0160102 0.4909938 0.0054118 0.5035308 0.0054118 0.5035308 0.0218036 0.4721152 0.0000000 0.0273464 0.0000010 0.0000010 0.0158305 0.0109650 0.0158040 0.0378128 0.0220005 0.5257155 0.0376543 0.5257155 0.0379726 0.0323035 0.4966612 0.4911427 0.5086994 0.5097845 0.0324402 0.0431764 0.0611834 0.0606270 0.0609185 0.0487023 0.0487023 0.0489319 0.0491422 0.7791493 0.7966262 0.7879907 0.7775206 0.7775206 0.7413616 0.8192157 0.7963525 0.8192157 0.7621656 0.7621656 0.7621656 0.7655564 0.7670244 0.7670244 0.7655564 0.7914074 0.7791493 0.7724619 3.2511755 1.9656956 2.7613086 1.9847690 1.8108907 1.4629708 1.5200875 1.3266799 1.4381970 
