93
CYMRNA_-__8_KDa__triple_gene_block_protein_CDS                              0.0000000 1.6764175 1.6536559 1.6536559 1.7513740 1.5974452 1.6095665 1.6830253 1.6830253 1.6866360 1.8848800 2.1886368 1.8453389 1.5513064 2.2611480 2.1507493 2.0497839 1.9947660 2.0385467 2.1133542 2.0385467 1.5395786 2.1783637 1.5395786 2.1667711 2.1938510 2.1369453 2.2005399 2.1546983 2.0765634 2.1871220 2.0913679 2.3556695 2.1134732 2.3556695 2.1134732 2.1699344 2.1379967 2.2644663 2.1874302 2.2357562 2.2357562 2.2817652 2.2541535 2.1563927 2.2470645 2.1096571 2.0295035 2.2625659 2.0295035 2.2470645 2.2470645 2.0975617 2.0962626 2.2169761 2.0036718 2.3972305 2.2326299 2.1867816 2.1867816 2.1867816 2.1280565 2.1280565 2.0837207 2.3007133 2.0481421 2.1201787 2.1053144 2.0638651 2.0638651 2.0069886 2.0492158 2.1044424 2.0492158 2.0216666 2.0216666 2.0216666 2.0646956 1.9978090 1.9978090 2.0646956 2.0501035 2.0481421 1.9421791 2.7981909 2.9532230 2.7380625 1.5917028 1.7677910 1.6388464 1.6815917 1.6289432 1.6297523 
AY366207_-_triple_gene_block_protein_3_CDS                                  1.6764175 0.0000000 0.0175616 0.0175616 0.0520173 0.0225097 0.0118023 0.0175265 0.0175265 0.0228346 0.0972702 0.7943619 0.6826744 0.9369084 2.0708190 1.9535595 1.8745115 1.8253715 0.7159644 0.7059756 0.6848075 0.9407591 0.7256515 0.9407591 1.8815968 1.9728478 0.6757859 0.6877999 0.6804557 0.7414851 0.6551099 0.7754373 0.6472096 0.7932155 0.6472096 0.7932155 0.6371568 0.7027965 0.6826014 0.6409199 0.6731449 0.6731449 0.6802597 0.6184115 0.6575045 0.6679817 0.6169395 0.8000243 0.6623275 0.8000243 0.6737410 0.6455464 0.7974726 0.7877484 0.8227488 0.7830361 0.6734192 0.6575447 0.6490600 0.6490600 0.6490600 0.6687154 0.6687154 0.6602079 0.6316393 0.5499538 0.5329450 0.5384876 0.5403215 0.5403215 0.5084788 0.5487461 0.5639994 0.5487461 0.5233784 0.5233784 0.5233784 0.5631981 0.5717099 0.5717099 0.5631981 0.5631981 0.5499538 0.5288104 2.2891273 2.2492450 3.0011957 2.6006902 1.2552136 0.9552374 0.9841528 0.9361108 1.0796404 
Hylocereus_polyrhizus_SRR11190798__NC_011659_-_ORF4_CDS                     1.6536559 0.0175616 0.0000000 0.0000010 0.0115012 0.0057026 0.0000010 0.0000010 0.0000010 0.0175299 0.0860457 0.7400543 0.6380897 0.8227539 1.8629552 1.7791740 1.6363445 1.6363445 0.6741660 0.6641255 0.6655739 0.8263439 0.6838190 0.8263439 1.7685882 1.7716627 0.6416450 0.6536535 0.6463631 0.7019144 0.6202055 0.7211330 0.6274049 0.7386462 0.6274049 0.7386462 0.6014235 0.6497391 0.6486749 0.5829265 0.6388926 0.6388926 0.6461651 0.5817664 0.6230036 0.6331727 0.5803510 0.7453647 0.6276285 0.7453647 0.6388230 0.6104362 0.7483825 0.7386462 0.7733096 0.7286501 0.6163016 0.6228021 0.6142589 0.6142589 0.6142589 0.6125680 0.6125680 0.6037154 0.5962454 0.5414079 0.5394985 0.5453748 0.5473285 0.5473285 0.5138243 0.5401647 0.5539910 0.5401647 0.5294848 0.5294848 0.5294848 0.5399801 0.5620839 0.5620839 0.5399801 0.5399801 0.5414079 0.5323252 2.1325680 2.3095020 2.7391121 2.5879551 1.2226503 0.8772467 0.9055343 0.9186350 1.0996791 
Hylocereus_polyrhizus_SRR11190801__NC_011659_-_ORF4_CDS                     1.6536559 0.0175616 0.0000010 0.0000000 0.0115012 0.0057026 0.0000010 0.0000010 0.0000010 0.0175299 0.0860457 0.7400543 0.6380897 0.8227539 1.8629552 1.7791740 1.6363445 1.6363445 0.6741660 0.6641255 0.6655739 0.8263439 0.6838190 0.8263439 1.7685882 1.7716627 0.6416450 0.6536535 0.6463631 0.7019144 0.6202055 0.7211330 0.6274049 0.7386462 0.6274049 0.7386462 0.6014235 0.6497391 0.6486749 0.5829265 0.6388926 0.6388926 0.6461651 0.5817664 0.6230036 0.6331727 0.5803510 0.7453647 0.6276285 0.7453647 0.6388230 0.6104362 0.7483825 0.7386462 0.7733096 0.7286501 0.6163016 0.6228021 0.6142589 0.6142589 0.6142589 0.6125680 0.6125680 0.6037154 0.5962454 0.5414079 0.5394985 0.5453748 0.5473285 0.5473285 0.5138243 0.5401647 0.5539910 0.5401647 0.5294848 0.5294848 0.5294848 0.5399801 0.5620839 0.5620839 0.5399801 0.5399801 0.5414079 0.5323252 2.1325680 2.3095020 2.7391121 2.5879551 1.2226503 0.8772467 0.9055343 0.9186350 1.0996791 
Hylocereus_polyrhizus_SRR11190802__NC_011659_-_ORF4_CDS                     1.7513740 0.0520173 0.0115012 0.0115012 0.0000000 0.0394490 0.0116634 0.0057047 0.0057047 0.0519457 0.1025286 0.8451984 0.7172839 0.9442739 1.8637776 1.7839996 1.6903154 1.6464875 0.7081385 0.6982359 0.6997081 0.9481476 0.7177298 0.9481476 1.7197748 1.7768241 0.6693995 0.6813813 0.6740663 0.7915810 0.6486393 0.8256462 0.6563853 0.8442151 0.6563853 0.8442151 0.6305828 0.7498364 0.6762349 0.6123742 0.6667445 0.6667445 0.6738704 0.6117213 0.6510997 0.6614968 0.6102632 0.8513577 0.6558772 0.8513577 0.6672211 0.6390641 0.8485512 0.8384685 0.8750995 0.8335792 0.6669911 0.6510980 0.6426234 0.6426234 0.6426234 0.6409704 0.6409704 0.6324712 0.6251407 0.5658093 0.5548756 0.5607270 0.5626888 0.5626888 0.5298537 0.5645625 0.5822441 0.5645625 0.5451843 0.5451843 0.5451843 0.5815028 0.5903315 0.5903315 0.5815028 0.5815028 0.5658093 0.5707317 2.1405332 2.1898615 2.9947545 2.5498560 1.3125492 0.9559112 0.9850119 0.9678210 1.1530553 
Hylocereus_undatus_SRR11603183__NC_011659_-_ORF4_CDS                        1.5974452 0.0225097 0.0057026 0.0057026 0.0394490 0.0000000 0.0000010 0.0000010 0.0000010 0.0224719 0.1087720 0.7788023 0.6990208 0.8473097 2.0533361 1.9641820 1.8577766 1.8088325 0.7098174 0.6998813 0.7013605 0.8508480 0.7194443 0.8508480 1.8957770 1.9556603 0.6814440 0.6936321 0.6861724 0.7260356 0.6605944 0.7600187 0.6687033 0.7775960 0.6687033 0.7775960 0.6425153 0.6882165 0.6883239 0.6241109 0.6787839 0.6787839 0.6859739 0.6236429 0.6629613 0.6736319 0.6221425 0.7843261 0.6678799 0.7843261 0.6650726 0.6509274 0.7818460 0.7722038 0.8067957 0.7675373 0.6790853 0.6630372 0.6544443 0.6544443 0.6544443 0.6527793 0.6527793 0.6442754 0.6368714 0.5619645 0.5446883 0.5503849 0.5522835 0.5522835 0.5199761 0.5607282 0.5762108 0.5607282 0.5350734 0.5350734 0.5350734 0.5821910 0.5841764 0.5841764 0.5821910 0.5754489 0.5619645 0.5404232 2.0588628 2.1749375 2.8816963 2.5838866 1.2723786 0.9253815 0.9536810 0.9366713 1.0809773 
Hylocereus_undatus_SRR11603184__NC_011659_-_triple_gene_block_protein_3_CDS 1.6095665 0.0118023 0.0000010 0.0000010 0.0116634 0.0000010 0.0000000 0.0000010 0.0000010 0.0177817 0.0741078 0.7448852 0.6271243 0.8067609 1.9221706 1.8350832 1.7326764 1.6851178 0.6512398 0.6412495 0.6426604 0.8279774 0.6607792 0.8279774 1.7312250 1.8271196 0.6556677 0.6681853 0.6605621 0.6898228 0.6336743 0.7255132 0.6340007 0.7434693 0.6340007 0.7434693 0.6144714 0.6523827 0.6628942 0.5953648 0.6528485 0.6528485 0.6603567 0.5943855 0.6364178 0.6471355 0.5928950 0.7508197 0.6413166 0.7508197 0.6471355 0.6235989 0.7479213 0.7379946 0.7733432 0.7170950 0.6295361 0.6363110 0.6274480 0.6274480 0.6274480 0.6257061 0.6257061 0.6166647 0.6089620 0.5258662 0.5240036 0.5297944 0.5317013 0.5317013 0.4981240 0.5246364 0.5385457 0.5246364 0.5138402 0.5138402 0.5138402 0.5538789 0.5462299 0.5462299 0.5538789 0.5376088 0.5258662 0.5169002 2.0937389 2.2827842 2.6967474 2.3934831 1.2097143 0.9066645 0.9359351 0.9290479 1.0916493 
Hylocereus_undatus_SRR11603187__NC_011659_-_ORF4_CDS                        1.6830253 0.0175265 0.0000010 0.0000010 0.0057047 0.0000010 0.0000010 0.0000000 0.0000010 0.0174949 0.0858507 0.7348277 0.6483152 0.8336901 1.9467788 1.8607277 1.7591253 1.7591253 0.6681367 0.6582148 0.6596384 0.8372924 0.6776587 0.8372924 1.8057856 1.8527829 0.6519323 0.6640585 0.6566809 0.6969953 0.6305269 0.7161087 0.6380078 0.7334071 0.6380078 0.7334071 0.6118205 0.6455516 0.6589604 0.5932401 0.6491874 0.6491874 0.6564816 0.5922516 0.6332266 0.6435899 0.5908068 0.7400449 0.6379592 0.7400449 0.6435899 0.6207308 0.7430347 0.7334071 0.7676292 0.7235389 0.6493555 0.6330998 0.6244937 0.6244937 0.6244937 0.6227992 0.6227992 0.6139873 0.6064945 0.5003569 0.4986911 0.5039649 0.5056693 0.5056693 0.4741696 0.4992318 0.5123562 0.4992318 0.4889575 0.4889575 0.4889575 0.5266709 0.5323076 0.5323076 0.5266709 0.5113761 0.5003569 0.4921604 2.0332758 2.1873104 2.8027461 2.5376857 1.2290011 0.8921694 0.9204847 0.9407692 1.0702336 
Hylocereus_undatus_SRR11603189__NC_011659_-_ORF4_CDS                        1.6830253 0.0175265 0.0000010 0.0000010 0.0057047 0.0000010 0.0000010 0.0000010 0.0000000 0.0174949 0.0858507 0.7348277 0.6483152 0.8336901 1.9467788 1.8607277 1.7591253 1.7591253 0.6681367 0.6582148 0.6596384 0.8372924 0.6776587 0.8372924 1.8057856 1.8527829 0.6519323 0.6640585 0.6566809 0.6969953 0.6305269 0.7161087 0.6380078 0.7334071 0.6380078 0.7334071 0.6118205 0.6455516 0.6589604 0.5932401 0.6491874 0.6491874 0.6564816 0.5922516 0.6332266 0.6435899 0.5908068 0.7400449 0.6379592 0.7400449 0.6435899 0.6207308 0.7430347 0.7334071 0.7676292 0.7235389 0.6493555 0.6330998 0.6244937 0.6244937 0.6244937 0.6227992 0.6227992 0.6139873 0.6064945 0.5003569 0.4986911 0.5039649 0.5056693 0.5056693 0.4741696 0.4992318 0.5123562 0.4992318 0.4889575 0.4889575 0.4889575 0.5266709 0.5323076 0.5323076 0.5266709 0.5113761 0.5003569 0.4921604 2.0332758 2.1873104 2.8027461 2.5376857 1.2290011 0.8921694 0.9204847 0.9407692 1.0702336 
KP090203_-_ORF4_CDS                                                         1.6866360 0.0228346 0.0175299 0.0175299 0.0519457 0.0224719 0.0177817 0.0174949 0.0174949 0.0000000 0.0971760 0.8086474 0.7447292 0.9296962 2.2478141 2.1177655 2.0289037 1.9746220 0.7374861 0.7272721 0.7288279 0.9335344 0.7152000 0.9335344 2.0418786 2.1388954 0.7077523 0.7204894 0.7126512 0.7613790 0.6865373 0.8242748 0.6864623 0.8075446 0.6864623 0.8075446 0.6682560 0.7480969 0.7147902 0.6492605 0.7050647 0.7050647 0.7124455 0.6491922 0.6887194 0.7000707 0.6475836 0.8144778 0.6939776 0.8144778 0.7062802 0.6765805 0.8118418 0.8019716 0.8375976 0.7971848 0.7054796 0.6889584 0.6800375 0.6800375 0.6800375 0.6783341 0.6783341 0.6697477 0.6621109 0.5975183 0.5794984 0.5856427 0.5877299 0.5877299 0.5541093 0.5962048 0.6123116 0.5962048 0.5697684 0.5697684 0.5697684 0.6116795 0.6210148 0.6210148 0.6116795 0.6116795 0.5975183 0.5748471 2.1647388 2.4339681 2.9448913 2.6889587 1.3414202 0.9741006 1.0037194 0.9864172 1.1086827 
KU854929_-_TGB_3_CDS                                                        1.8848800 0.0972702 0.0860457 0.0860457 0.1025286 0.1087720 0.0741078 0.0858507 0.0858507 0.0971760 0.0000000 0.8608685 0.7149020 0.9510087 2.0253853 2.0467856 2.0428297 1.9882602 0.7999079 0.7891105 0.8254767 0.9548875 0.7763311 0.9548875 1.8715993 2.0670710 0.7668328 0.7298050 0.7396970 0.8240365 0.7131359 0.8774295 0.6720824 0.8599255 0.6720824 0.8599255 0.7112270 0.8071858 0.7418263 0.7062352 0.7319441 0.7319441 0.7394849 0.6920043 0.7151170 0.7271186 0.6738504 0.8311644 0.7206923 0.8311644 0.7336700 0.7029114 0.8643013 0.8540838 0.8912781 0.8136796 0.7647510 0.7155146 0.7376938 0.7376938 0.7376938 0.7045619 0.7045619 0.6959295 0.7191005 0.5858577 0.5604642 0.5663403 0.5834349 0.5834349 0.5545693 0.5271722 0.5829464 0.5271722 0.5701965 0.5701965 0.5701965 0.5843098 0.5930699 0.5930699 0.5843098 0.5843098 0.5858577 0.6084185 2.3675045 2.2309644 2.4836602 3.0163766 1.4002033 1.0931953 1.1259458 1.0000254 1.2653003 
AY366208_-_triple_gene_block_protein_3_CDS                                  2.1886368 0.7943619 0.7400543 0.7400543 0.8451984 0.7788023 0.7448852 0.7348277 0.7348277 0.8086474 0.8608685 0.0000000 0.2394167 1.0720771 2.3692179 2.3157076 2.2628790 2.2400057 0.5034650 0.4955004 0.4884335 0.9984961 0.4696788 0.9984961 2.2087686 2.4323012 0.5336332 0.5073003 0.5193872 0.0283207 0.5153276 0.0332787 0.4836070 0.0276406 0.4836070 0.0276406 0.5116036 0.0329750 0.5145053 0.5182198 0.5060521 0.5060521 0.5190289 0.4990590 0.5181229 0.5492300 0.5342265 0.0505189 0.5450243 0.0505189 0.5411835 0.5370334 0.0385446 0.0333005 0.0448352 0.0505452 0.5307017 0.5316661 0.5470310 0.5470310 0.5470310 0.5433561 0.5433561 0.5478364 0.5287786 0.7593397 0.7663490 0.7576742 0.7590315 0.7590315 0.7551642 0.7794990 0.7438667 0.7794990 0.7502582 0.7502582 0.7502582 0.7337893 0.7420278 0.7420278 0.7337893 0.7503064 0.7593397 0.7690465 3.8343092 2.1945229 2.6867678 2.1849438 2.1259052 1.4939508 1.4885406 1.2376134 1.4785821 
KM288845_extraction                                                         1.8453389 0.6826744 0.6380897 0.6380897 0.7172839 0.6990208 0.6271243 0.6483152 0.6483152 0.7447292 0.7149020 0.2394167 0.0000000 1.2828697 1.9987653 1.7877100 1.9515391 1.9273848 0.5135630 0.5055927 0.4896309 1.2317954 0.5276291 1.2317954 1.8689789 1.9783973 0.6309517 0.6077530 0.6169176 0.2318360 0.6002349 0.2591567 0.5415060 0.2678784 0.5415060 0.2678784 0.5928890 0.2245504 0.5835993 0.6014451 0.5746002 0.5746002 0.5887403 0.5806249 0.5877384 0.5941055 0.5808371 0.2898926 0.5893069 0.2898926 0.5989874 0.5810231 0.2478499 0.2592255 0.2762845 0.2902190 0.6283956 0.6103575 0.6252880 0.6252880 0.6252880 0.6232809 0.6232809 0.6148930 0.6056318 0.8134694 0.8396583 0.8493689 0.8319323 0.8319323 0.8476492 0.8095598 0.8672603 0.8095598 0.8403365 0.8403365 0.8403365 0.8119198 0.8135841 0.8135841 0.8119198 0.8392709 0.8134694 0.8446126 3.6274994 2.5932942 2.6954233 1.9285267 1.8270512 1.4502734 1.5097540 1.0287310 1.1451746 
AY366209_-_triple_gene_block_protein_3_CDS                                  1.5513064 0.9369084 0.8227539 0.8227539 0.9442739 0.8473097 0.8067609 0.8336901 0.8336901 0.9296962 0.9510087 1.0720771 1.2828697 0.0000000 2.2002584 2.0747965 2.1263483 2.1054892 0.9957618 0.9572358 0.9852673 0.0212425 0.9678396 0.0212425 1.9500415 2.0630527 1.0582619 0.9847183 0.9962782 1.0820744 0.9843968 1.1110082 0.9835140 1.1227340 0.9835140 1.1227340 1.0291321 1.0623821 1.0528885 0.9846768 1.0435564 1.0435564 1.0225341 1.0047247 1.0052439 0.9615453 0.9658334 1.1821905 0.9706555 1.1821905 0.9524014 0.9491347 1.1560484 1.1454296 1.1783362 1.0946323 1.0401069 0.9604409 1.0047800 1.0047800 1.0047800 0.9754679 0.9754679 0.9576992 1.0190266 0.9987819 0.9727392 0.9844011 0.9780830 0.9780830 0.9482072 0.9865621 0.9830684 0.9865621 0.9601893 0.9601893 0.9601893 0.9575316 0.9700041 0.9700041 0.9575316 0.9787624 0.9987819 0.9899049 1.5491441 1.9491622 2.3470922 2.2063055 1.9134189 1.5626928 1.5456836 1.5236368 1.7105849 
AY863024_-_TGB3_CDS                                                         2.2611480 2.0708190 1.8629552 1.8629552 1.8637776 2.0533361 1.9221706 1.9467788 1.9467788 2.2478141 2.0253853 2.3692179 1.9987653 2.2002584 0.0000000 0.0490152 0.0377801 0.0433209 2.1087517 2.1931670 2.1087517 2.2234984 2.2155455 2.2234984 0.3821543 0.0322547 2.5207940 2.6368685 2.6523883 2.4456825 2.6212784 2.6202700 2.5602588 2.6476337 2.5602588 2.6476337 2.4726843 2.4549004 2.3074214 2.4726843 2.3568422 2.3568422 2.4689676 2.4262995 2.5086312 2.6907557 2.4386169 2.3935679 2.6257246 2.3935679 2.6907557 2.5606079 2.5285598 2.6327341 2.5938692 2.6176697 2.4434712 2.5982765 2.5367921 2.5367921 2.5367921 2.6251211 2.6251211 2.5719722 2.5278456 2.0831709 2.0585247 2.0986531 2.1100268 2.1100268 2.0753234 2.0421495 2.0713335 2.0421495 2.0482241 2.0482241 2.0482241 2.0619948 2.0408091 2.0408091 2.0619948 2.0481369 2.0831709 2.0159060 0.9483372 1.6163338 1.6988593 1.4939821 1.9026703 1.9460373 2.0054851 1.9680145 1.7453889 
FJ822136_-_TGB3_CDS                                                         2.1507493 1.9535595 1.7791740 1.7791740 1.7839996 1.9641820 1.8350832 1.8607277 1.8607277 2.1177655 2.0467856 2.3157076 1.7877100 2.0747965 0.0490152 0.0000000 0.0779406 0.0837967 2.1495300 2.2367960 2.0362557 2.0961838 2.2598729 2.0961838 0.3941996 0.0604312 2.3459333 2.5201343 2.4660970 2.3886828 2.4354509 2.5606418 2.4440040 2.5873982 2.4440040 2.5873982 2.2972136 2.3988091 2.1494916 2.2972136 2.1939841 2.1939841 2.2981893 2.2515915 2.3337923 2.4991990 2.2645005 2.3393150 2.4417012 2.3393150 2.4991990 2.3812182 2.4710073 2.5728367 2.5349471 2.5577817 2.2751806 2.4103510 2.3551063 2.3551063 2.3551063 2.4337669 2.4337669 2.3845238 2.3459189 1.9733602 1.9494556 1.9866784 1.9974433 1.9974433 1.9624662 1.9345230 1.9625494 1.9345230 1.9387163 1.9387163 1.9387163 1.9536807 1.9326360 1.9326360 1.9536807 1.9400220 1.9733602 1.9104158 0.9696390 1.7048807 1.6241498 1.4064624 1.9280511 1.8746826 1.9314469 1.9144296 1.6576716 
GQ179646_-_TGB3_CDS                                                         2.0497839 1.8745115 1.6363445 1.6363445 1.6903154 1.8577766 1.7326764 1.7591253 1.7591253 2.0289037 2.0428297 2.2628790 1.9515391 2.1263483 0.0377801 0.0779406 0.0000000 0.0052347 2.3535886 2.4034873 2.3535886 2.1484872 2.4762463 2.1484872 0.4199024 0.0604279 2.5285842 2.6455729 2.6611541 2.3317822 2.6299206 2.4995559 2.5302587 2.5254720 2.5302587 2.5254720 2.4803458 2.3426981 2.3589207 2.4803458 2.3304606 2.3304606 2.4764051 2.4337710 2.5163848 2.6999125 2.4461032 2.4158197 2.6342950 2.4158197 2.6999125 2.5687432 2.4127942 2.5113750 2.5110182 2.6435485 2.4507107 2.6000884 2.5383362 2.5383362 2.5383362 2.6270610 2.6270610 2.5736900 2.5293614 1.9940028 1.9700407 2.0076742 2.0185144 2.0185144 1.9837034 1.9332863 1.9830413 1.9332863 1.9594193 1.9594193 1.9594193 1.9741154 1.9531152 1.9531152 1.9741154 1.9604648 1.9940028 1.9304709 1.0003118 1.5464430 1.6728214 1.4048373 1.8298580 1.8090748 1.8630123 1.8607029 1.6771332 
GQ179647_-_TGB3_CDS                                                         1.9947660 1.8253715 1.6363445 1.6363445 1.6464875 1.8088325 1.6851178 1.7591253 1.7591253 1.9746220 1.9882602 2.2400057 1.9273848 2.1054892 0.0433209 0.0837967 0.0052347 0.0000000 2.3235204 2.3727501 2.3235204 2.1273349 2.4444923 2.1273349 0.4296638 0.0661454 2.4960888 2.6109850 2.6265326 2.3317822 2.5953674 2.4739164 2.4964747 2.4995559 2.4964747 2.4995559 2.4476901 2.3186858 2.3288305 2.4476901 2.3006860 2.3006860 2.4446463 2.4012203 2.4838703 2.6642800 2.4136797 2.3910583 2.6000884 2.3910583 2.6642800 2.5353911 2.3822460 2.4794894 2.4791691 2.6159562 2.4194220 2.5663677 2.5057399 2.5057399 2.5057399 2.5927079 2.5927079 2.5400322 2.4967141 1.9744602 1.9506161 1.9877610 1.9985004 1.9985004 1.9636276 1.9143400 1.9636700 1.9143400 1.9399122 1.9399122 1.9399122 1.9548217 1.9531152 1.9531152 1.9548217 1.9411995 1.9744602 1.9116482 1.0199295 1.5145034 1.6380099 1.4399572 1.7884016 1.7682927 1.8207090 1.8179378 1.6402972 
JF937699_-_TGB3_CDS                                                         2.0385467 0.7159644 0.6741660 0.6741660 0.7081385 0.7098174 0.6512398 0.6681367 0.6681367 0.7374861 0.7999079 0.5034650 0.5135630 0.9957618 2.1087517 2.1495300 2.3535886 2.3235204 0.0000000 0.0105370 0.0105151 0.9960256 0.0158969 0.9960256 2.0157331 2.1982273 0.2370115 0.2637942 0.2616757 0.5019194 0.2486517 0.5042691 0.2290521 0.5169567 0.2290521 0.5169567 0.2289165 0.4769747 0.2364207 0.2210825 0.2381991 0.2381991 0.2291064 0.2168542 0.2446952 0.2468323 0.2236768 0.5063835 0.2454778 0.5063835 0.2482025 0.2468323 0.5101567 0.5044128 0.5220150 0.5234126 0.2559965 0.2439654 0.2522601 0.2522601 0.2522601 0.2354970 0.2354970 0.2368976 0.2379652 1.0193633 1.0478364 1.0384303 1.0224425 1.0224425 0.9869275 1.0688119 1.0162496 1.0688119 0.9953423 0.9953423 0.9953423 0.9769107 0.9805156 0.9805156 0.9769107 1.0096309 1.0193633 0.9952845 2.9755007 2.2155083 2.5725990 1.7935500 1.5176516 1.4960253 1.5563137 1.2066447 1.3774657 
KM288846_-_TGB3_CDS                                                         2.1133542 0.7059756 0.6641255 0.6641255 0.6982359 0.6998813 0.6412495 0.6582148 0.6582148 0.7272721 0.7891105 0.4955004 0.5055927 0.9572358 2.1931670 2.2367960 2.4034873 2.3727501 0.0105370 0.0000000 0.0212605 0.9574929 0.0159311 0.9574929 2.1253293 2.2876378 0.2374374 0.2477230 0.2457454 0.4937665 0.2327885 0.4963517 0.2212103 0.5089694 0.2212103 0.5089694 0.2209221 0.4692028 0.2369495 0.2131586 0.2304698 0.2304698 0.2137894 0.2088483 0.2291064 0.2310970 0.2156455 0.5227016 0.2298430 0.5227016 0.2323652 0.2310970 0.5022367 0.4964937 0.5120431 0.5154022 0.2400671 0.2284353 0.2365682 0.2365682 0.2365682 0.2201428 0.2201428 0.2214386 0.2224427 1.0037877 1.0318216 1.0224425 1.0066523 1.0066523 0.9712368 1.0549565 1.0007493 1.0549565 0.9798489 0.9798489 0.9798489 0.9617968 0.9652281 0.9652281 0.9617968 0.9940748 1.0037877 0.9800998 3.0989048 2.1855904 2.6177266 1.8233908 1.5411719 1.5190787 1.5802890 1.2280812 1.3582060 
KM288847_-_TGB3_CDS                                                         2.0385467 0.6848075 0.6655739 0.6655739 0.6997081 0.7013605 0.6426604 0.6596384 0.6596384 0.7288279 0.8254767 0.4884335 0.4896309 0.9852673 2.1087517 2.0362557 2.3535886 2.3235204 0.0105151 0.0212605 0.0000000 0.9855296 0.0267321 0.9855296 2.0157331 2.0819434 0.2211509 0.2472771 0.2453055 0.4865500 0.2323652 0.4893170 0.2128815 0.5017561 0.2128815 0.5017561 0.2127619 0.4625562 0.2205972 0.2127619 0.2222432 0.2222432 0.2134029 0.2006865 0.2286946 0.2306790 0.2074522 0.4913591 0.2294292 0.4913591 0.2319431 0.2306790 0.4951459 0.4894562 0.5066635 0.5081110 0.2396336 0.2280258 0.2361451 0.2361451 0.2361451 0.2354970 0.2354970 0.2368976 0.2220405 0.9784330 1.0057394 0.9964102 0.9809487 0.9809487 0.9457459 1.0260869 0.9755202 1.0260869 0.9546607 0.9546607 0.9546607 0.9372452 0.9403892 0.9403892 0.9372452 0.9687630 0.9784330 0.9554095 2.9323919 2.2105668 2.6778864 1.7103674 1.5852704 1.4960253 1.5563137 1.1692644 1.3202331 
KU854931_-_TGB_3_CDS                                                        1.5395786 0.9407591 0.8263439 0.8263439 0.9481476 0.8508480 0.8279774 0.8372924 0.8372924 0.9335344 0.9548875 0.9984961 1.2317954 0.0212425 2.2234984 2.0961838 2.1484872 2.1273349 0.9960256 0.9574929 0.9855296 0.0000000 0.9680983 0.0000010 2.0276106 2.0841916 0.9888466 0.9195608 0.9306452 1.0058181 0.9188208 1.0349863 0.9167842 1.0460242 0.9167842 1.0460242 0.9596262 0.9889368 0.9837138 0.9181008 0.9745503 0.9745503 0.9552864 0.9357945 0.9390077 0.8976291 0.8996976 1.1015374 0.9065767 1.1015374 0.8886468 0.8861047 1.0770189 1.0672362 1.0979388 1.0196708 0.9716582 0.8969555 0.9385765 0.9385765 0.9385765 0.9110480 0.9110480 0.8941237 0.9517278 0.9593737 0.9339498 0.9450188 0.9390116 0.9390116 0.9096217 0.9475034 0.9442068 0.9475034 0.9215896 0.9215896 0.9215896 0.9193673 0.9310811 0.9310811 0.9193673 0.9397641 0.9593737 0.9508927 1.6576508 1.9038445 2.4132323 2.3250307 1.8283060 1.4799394 1.4640160 1.4589540 1.6157668 
KX883791_-_TGB3_CDS                                                         2.1783637 0.7256515 0.6838190 0.6838190 0.7177298 0.7194443 0.6607792 0.6776587 0.6776587 0.7152000 0.7763311 0.4696788 0.5276291 0.9678396 2.2155455 2.2598729 2.4762463 2.4444923 0.0158969 0.0159311 0.0267321 0.9680983 0.0000000 0.9680983 2.1521740 2.3111969 0.2459827 0.2564539 0.2543964 0.4787447 0.2492791 0.4941375 0.2381841 0.4829184 0.2381841 0.4829184 0.2374266 0.4671118 0.2453698 0.2216550 0.2472282 0.2472282 0.2379698 0.2253630 0.2537639 0.2396159 0.2322208 0.4962098 0.2383053 0.4962098 0.2409415 0.2396159 0.4764808 0.4707969 0.4876866 0.4892170 0.2487077 0.2368384 0.2450737 0.2450737 0.2450737 0.2284353 0.2284353 0.2297900 0.2308305 1.0318184 1.0605839 1.0511774 1.0350636 1.0350636 0.9995348 1.0816983 1.0286503 1.0816983 1.0077761 1.0077761 1.0077761 0.9890660 0.9928050 0.9928050 0.9890660 1.0220888 1.0318184 1.0074701 3.0045600 2.3244789 2.5637176 1.8996445 1.5650530 1.5424509 1.5367608 1.2331188 1.3788086 
KY348771_-_TGB_3_CDS                                                        1.5395786 0.9407591 0.8263439 0.8263439 0.9481476 0.8508480 0.8279774 0.8372924 0.8372924 0.9335344 0.9548875 0.9984961 1.2317954 0.0212425 2.2234984 2.0961838 2.1484872 2.1273349 0.9960256 0.9574929 0.9855296 0.0000010 0.9680983 0.0000000 2.0276106 2.0841916 0.9888466 0.9195608 0.9306452 1.0058181 0.9188208 1.0349863 0.9167842 1.0460242 0.9167842 1.0460242 0.9596262 0.9889368 0.9837138 0.9181008 0.9745503 0.9745503 0.9552864 0.9357945 0.9390077 0.8976291 0.8996976 1.1015374 0.9065767 1.1015374 0.8886468 0.8861047 1.0770189 1.0672362 1.0979388 1.0196708 0.9716582 0.8969555 0.9385765 0.9385765 0.9385765 0.9110480 0.9110480 0.8941237 0.9517278 0.9593737 0.9339498 0.9450188 0.9390116 0.9390116 0.9096217 0.9475034 0.9442068 0.9475034 0.9215896 0.9215896 0.9215896 0.9193673 0.9310811 0.9310811 0.9193673 0.9397641 0.9593737 0.9508927 1.6576508 1.9038445 2.4132323 2.3250307 1.8283060 1.4799394 1.4640160 1.4589540 1.6157668 
LC107515_-_TGBp3_CDS                                                        2.1667711 1.8815968 1.7685882 1.7685882 1.7197748 1.8957770 1.7312250 1.8057856 1.8057856 2.0418786 1.8715993 2.2087686 1.8689789 1.9500415 0.3821543 0.3941996 0.4199024 0.4296638 2.0157331 2.1253293 2.0157331 2.0276106 2.1521740 2.0276106 0.0000000 0.3885483 2.0008351 2.0794067 2.1210945 2.2906831 2.0924724 2.3679133 2.0087577 2.3980350 2.0087577 2.3980350 1.9909856 2.3130683 1.8614938 1.9909856 1.8966393 1.8966393 1.9845431 1.9480978 2.0124317 2.1500031 1.9411728 2.2301004 2.1064885 2.2301004 2.1500031 2.0555984 2.2923391 2.3848084 2.3507315 2.3760128 1.9660841 2.0469953 1.9027900 1.9027900 1.9027900 2.0640702 2.0640702 2.0029541 1.9950093 2.1006803 2.1768379 2.1625873 2.1165544 2.1165544 2.0819312 2.1705426 2.1609106 2.1705426 2.0546700 2.0546700 2.0546700 2.2317980 2.1526528 2.1526528 2.2317980 2.2175070 2.1006803 2.0007410 1.4643969 1.5515962 1.5567916 1.3506640 1.8367940 1.9087738 2.0266610 1.8223936 1.6804314 
MH423501_-_triple_gene_block_3_protein_CDS                                  2.1938510 1.9728478 1.7716627 1.7716627 1.7768241 1.9556603 1.8271196 1.8527829 1.8527829 2.1388954 2.0670710 2.4323012 1.9783973 2.0630527 0.0322547 0.0604312 0.0604279 0.0661454 2.1982273 2.2876378 2.0819434 2.0841916 2.3111969 2.0841916 0.3885483 0.0000000 2.3534208 2.4581498 2.4733610 2.5010508 2.4428755 2.6800795 2.3828619 2.7083491 2.3828619 2.7083491 2.3049818 2.5157445 2.1571911 2.3049818 2.2017072 2.2017072 2.3057516 2.2595623 2.3413398 2.5064559 2.2723797 2.4517507 2.4490197 2.4517507 2.5064559 2.3886964 2.5853305 2.6929481 2.6526941 2.6777315 2.2827546 2.4177469 2.3625647 2.3625647 2.3625647 2.4411553 2.4411553 2.3920433 2.3534358 2.0256630 2.0014182 2.0399943 2.0510412 2.0510412 2.0162017 1.9858136 2.0143774 1.9858136 1.9908909 1.9908909 1.9908909 2.0052911 1.9841895 1.9841895 2.0052911 1.9915436 2.0256630 1.9607153 0.9288192 1.5390487 1.8282801 1.3600204 1.8942929 1.8461704 1.9016231 1.8578542 1.6340703 
AF308158_-_7_kDa_protein_CDS                                                2.1369453 0.6757859 0.6416450 0.6416450 0.6693995 0.6814440 0.6556677 0.6519323 0.6519323 0.7077523 0.7668328 0.5336332 0.6309517 1.0582619 2.5207940 2.3459333 2.5285842 2.4960888 0.2370115 0.2374374 0.2211509 0.9888466 0.2459827 0.9888466 2.0008351 2.3534208 0.0000000 0.0159671 0.0158642 0.4991403 0.0159962 0.5015586 0.0276086 0.5141564 0.0276086 0.5141564 0.0000010 0.4831209 0.0431398 0.0000010 0.0377756 0.0377756 0.0376641 0.0000010 0.0266110 0.0378562 0.0109094 0.5124996 0.0376966 0.5124996 0.0380172 0.0323423 0.5074159 0.5017010 0.5172454 0.4964107 0.0214521 0.0432228 0.0496502 0.0492027 0.0494363 0.0487543 0.0487543 0.0489838 0.0379208 0.8032073 0.8234053 0.8147859 0.8019320 0.8019320 0.7598391 0.8465351 0.8229250 0.8465351 0.7801445 0.7801445 0.7801445 0.7898871 0.7912684 0.7912684 0.7898871 0.8159655 0.8032073 0.7746562 3.3040192 1.9785977 2.6564097 1.8661597 1.6693329 1.4492018 1.4442697 1.2796307 1.4635239 
Hylocereus_polyrhizus_SRR11190795__NC_002815_-_7_kDa_protein_CDS            2.2005399 0.6877999 0.6536535 0.6536535 0.6813813 0.6936321 0.6681853 0.6640585 0.6640585 0.7204894 0.7298050 0.5073003 0.6077530 0.9847183 2.6368685 2.5201343 2.6455729 2.6109850 0.2637942 0.2477230 0.2472771 0.9195608 0.2564539 0.9195608 2.0794067 2.4581498 0.0159671 0.0000000 0.0000010 0.4736232 0.0000010 0.4767518 0.0109009 0.4890489 0.0109009 0.4890489 0.0000010 0.4588621 0.0267955 0.0054114 0.0214522 0.0214522 0.0213899 0.0000010 0.0105792 0.0214982 0.0054598 0.5112336 0.0214083 0.5112336 0.0215888 0.0160714 0.4825654 0.4768879 0.4919612 0.4717723 0.0161330 0.0268472 0.0442536 0.0438539 0.0440626 0.0323011 0.0323011 0.0324519 0.0325907 0.7743048 0.7918119 0.7831989 0.7727992 0.7727992 0.7371966 0.8167338 0.7914468 0.8167338 0.7575654 0.7575654 0.7575654 0.7611845 0.7622532 0.7622532 0.7611845 0.7865786 0.7743048 0.7677233 3.2794345 1.9194451 2.6759725 2.0123242 1.7850851 1.4603396 1.4553172 1.2786836 1.4941386 
Hylocereus_polyrhizus_SRR11190796__NC_002815_-_7_kDa_protein_CDS            2.1546983 0.6804557 0.6463631 0.6463631 0.6740663 0.6861724 0.6605621 0.6566809 0.6566809 0.7126512 0.7396970 0.5193872 0.6169176 0.9962782 2.6523883 2.4660970 2.6611541 2.6265326 0.2616757 0.2457454 0.2453055 0.9306452 0.2543964 0.9306452 2.1210945 2.4733610 0.0158642 0.0000010 0.0000000 0.4853814 0.0000010 0.4881809 0.0109009 0.5006007 0.0109009 0.5006007 0.0000010 0.4700601 0.0266218 0.0053759 0.0213130 0.0213130 0.0212514 0.0000010 0.0105114 0.0213583 0.0054237 0.5229775 0.0212696 0.5229775 0.0214478 0.0159671 0.4940063 0.4883197 0.5035904 0.4831290 0.0160279 0.0266729 0.0439582 0.0435639 0.0437698 0.0320910 0.0320910 0.0322398 0.0323768 0.7842848 0.8019109 0.7933138 0.7828623 0.7828623 0.7472608 0.8269136 0.8015106 0.8269136 0.7675787 0.7675787 0.7675787 0.7711289 0.7723031 0.7723031 0.7711289 0.7966938 0.7842848 0.7776369 3.2053638 1.9320148 2.7268763 1.9767487 1.7576830 1.4400085 1.4351381 1.2929082 1.4730538 
Hylocereus_polyrhizus_SRR11190796__NC_006059_-_TGB3_CDS                     2.0765634 0.7414851 0.7019144 0.7019144 0.7915810 0.7260356 0.6898228 0.6969953 0.6969953 0.7613790 0.8240365 0.0283207 0.2318360 1.0820744 2.4456825 2.3886828 2.3317822 2.3317822 0.5019194 0.4937665 0.4865500 1.0058181 0.4787447 1.0058181 2.2906831 2.5010508 0.4991403 0.4736232 0.4853814 0.0000000 0.4810366 0.0000010 0.4456864 0.0000010 0.4456864 0.0000010 0.4770179 0.0107697 0.4807529 0.4832157 0.4724273 0.4724273 0.4850369 0.4642222 0.4841682 0.5140565 0.4983857 0.0327418 0.5101976 0.0327418 0.5060573 0.5022523 0.0107247 0.0000010 0.0107569 0.0216420 0.4960265 0.4972728 0.5252880 0.5170252 0.5212649 0.5085915 0.5085915 0.5127119 0.4942134 0.7309963 0.7226914 0.7226914 0.7303636 0.7303636 0.7107458 0.7352963 0.7161141 0.7352963 0.7217507 0.7217507 0.7217507 0.7063212 0.7074929 0.7074929 0.7063212 0.7221321 0.7309963 0.7402172 3.6901664 2.4158993 2.6013677 2.2850171 2.1006201 1.4651729 1.4600332 1.2638331 1.4512891 
Hylocereus_polyrhizus_SRR11190797__NC_002815_-_7_kDa_protein_CDS            2.1871220 0.6551099 0.6202055 0.6202055 0.6486393 0.6605944 0.6336743 0.6305269 0.6305269 0.6865373 0.7131359 0.5153276 0.6002349 0.9843968 2.6212784 2.4354509 2.6299206 2.5953674 0.2486517 0.2327885 0.2323652 0.9188208 0.2492791 0.9188208 2.0924724 2.4428755 0.0159962 0.0000010 0.0000010 0.4810366 0.0000000 0.4839915 0.0000010 0.4965092 0.0000010 0.4965092 0.0000010 0.4657508 0.0160028 0.0053985 0.0106762 0.0106762 0.0106455 0.0000010 0.0000010 0.0161009 0.0054237 0.5190761 0.0160337 0.5190761 0.0161686 0.0106991 0.4898791 0.4841309 0.4995057 0.4789085 0.0107408 0.0214478 0.0386676 0.0383191 0.0385011 0.0268801 0.0268801 0.0270053 0.0271211 0.7478471 0.7649063 0.7563179 0.7461329 0.7461329 0.7108326 0.7894329 0.7646341 0.7894329 0.7311558 0.7311558 0.7311558 0.7349259 0.7357059 0.7357059 0.7349259 0.7596666 0.7478471 0.7414945 3.2768621 1.8769148 2.7763768 1.9507755 1.7099154 1.4190439 1.4435877 1.2550313 1.4518268 
Hylocereus_polyrhizus_SRR11190797__NC_006059_-_TGB3_CDS                     2.0913679 0.7754373 0.7211330 0.7211330 0.8256462 0.7600187 0.7255132 0.7161087 0.7161087 0.8242748 0.8774295 0.0332787 0.2591567 1.1110082 2.6202700 2.5606418 2.4995559 2.4739164 0.5042691 0.4963517 0.4893170 1.0349863 0.4941375 1.0349863 2.3679133 2.6800795 0.5015586 0.4767518 0.4881809 0.0000010 0.4839915 0.0000000 0.4538043 0.0052237 0.4538043 0.0052237 0.4801217 0.0158000 0.4836714 0.4861617 0.4755873 0.4755873 0.4878457 0.4677505 0.4870002 0.5160641 0.5009178 0.0374353 0.5123025 0.0374353 0.5083058 0.5045952 0.0211096 0.0104873 0.0211717 0.0265171 0.4985526 0.4997408 0.5269968 0.5189505 0.5230797 0.5107411 0.5107411 0.5147574 0.4967870 0.7304893 0.7369160 0.7285588 0.7298623 0.7298623 0.7105971 0.7494140 0.7158754 0.7494140 0.7214048 0.7214048 0.7214048 0.7062560 0.7137994 0.7137994 0.7062560 0.7217835 0.7304893 0.7395385 3.7893448 2.3293566 2.7418373 2.3606641 2.1746727 1.4919163 1.4867185 1.3355182 1.4771362 
Hylocereus_polyrhizus_SRR11190798__NC_002815_-_7_kDa_protein_CDS            2.3556695 0.6472096 0.6274049 0.6274049 0.6563853 0.6687033 0.6340007 0.6380078 0.6380078 0.6864623 0.6720824 0.4836070 0.5415060 0.9835140 2.5602588 2.4440040 2.5302587 2.4964747 0.2290521 0.2212103 0.2128815 0.9167842 0.2381841 0.9167842 2.0087577 2.3828619 0.0276086 0.0109009 0.0109009 0.4456864 0.0000010 0.4538043 0.0000000 0.4660772 0.0000010 0.4660772 0.0055799 0.4360683 0.0054101 0.0111975 0.0054101 0.0054101 0.0054196 0.0000010 0.0000010 0.0221085 0.0056314 0.4882856 0.0220135 0.4882856 0.0222044 0.0165263 0.4597053 0.4539373 0.4653736 0.4609334 0.0165913 0.0276086 0.0455468 0.0451235 0.0453445 0.0332195 0.0332195 0.0333790 0.0335258 0.7442663 0.7444745 0.7357894 0.7343039 0.7343039 0.6988690 0.7752820 0.7442663 0.7752820 0.7193268 0.7193268 0.7193268 0.7145868 0.7151503 0.7151503 0.7145868 0.7391557 0.7442663 0.7378573 3.2402724 1.8352188 2.5033535 1.9048106 1.7290374 1.4237130 1.4808554 1.2560454 1.4518737 
Hylocereus_polyrhizus_SRR11190798__NC_006059_-_TGB3_CDS                     2.1134732 0.7932155 0.7386462 0.7386462 0.8442151 0.7775960 0.7434693 0.7334071 0.7334071 0.8075446 0.8599255 0.0276406 0.2678784 1.1227340 2.6476337 2.5873982 2.5254720 2.4995559 0.5169567 0.5089694 0.5017561 1.0460242 0.4829184 1.0460242 2.3980350 2.7083491 0.5141564 0.4890489 0.5006007 0.0000010 0.4965092 0.0052237 0.4660772 0.0000000 0.4660772 0.0000010 0.4927408 0.0211837 0.4959982 0.4989322 0.4878648 0.4878648 0.5002603 0.4804494 0.4994008 0.5289065 0.5139881 0.0319831 0.5250220 0.0319831 0.5211289 0.5172958 0.0157814 0.0052270 0.0158278 0.0211451 0.5112147 0.5123025 0.5401508 0.5318449 0.5361051 0.5234374 0.5234374 0.5275815 0.5094093 0.7465939 0.7532199 0.7448401 0.7461497 0.7461497 0.7270196 0.7658451 0.7317714 0.7658451 0.7376725 0.7376725 0.7376725 0.7220711 0.7298623 0.7298623 0.7220711 0.7378645 0.7465939 0.7558372 3.8998799 2.3878554 2.7755303 2.4216605 2.1746727 1.4919163 1.4867185 1.3355182 1.4771362 
Hylocereus_polyrhizus_SRR11190801__NC_002815_-_7_kDa_protein_CDS            2.3556695 0.6472096 0.6274049 0.6274049 0.6563853 0.6687033 0.6340007 0.6380078 0.6380078 0.6864623 0.6720824 0.4836070 0.5415060 0.9835140 2.5602588 2.4440040 2.5302587 2.4964747 0.2290521 0.2212103 0.2128815 0.9167842 0.2381841 0.9167842 2.0087577 2.3828619 0.0276086 0.0109009 0.0109009 0.4456864 0.0000010 0.4538043 0.0000010 0.4660772 0.0000000 0.4660772 0.0055799 0.4360683 0.0054101 0.0111975 0.0054101 0.0054101 0.0054196 0.0000010 0.0000010 0.0221085 0.0056314 0.4882856 0.0220135 0.4882856 0.0222044 0.0165263 0.4597053 0.4539373 0.4653736 0.4609334 0.0165913 0.0276086 0.0455468 0.0451235 0.0453445 0.0332195 0.0332195 0.0333790 0.0335258 0.7442663 0.7444745 0.7357894 0.7343039 0.7343039 0.6988690 0.7752820 0.7442663 0.7752820 0.7193268 0.7193268 0.7193268 0.7145868 0.7151503 0.7151503 0.7145868 0.7391557 0.7442663 0.7378573 3.2402724 1.8352188 2.5033535 1.9048106 1.7290374 1.4237130 1.4808554 1.2560454 1.4518737 
Hylocereus_polyrhizus_SRR11190801__NC_006059_-_TGB3_CDS                     2.1134732 0.7932155 0.7386462 0.7386462 0.8442151 0.7775960 0.7434693 0.7334071 0.7334071 0.8075446 0.8599255 0.0276406 0.2678784 1.1227340 2.6476337 2.5873982 2.5254720 2.4995559 0.5169567 0.5089694 0.5017561 1.0460242 0.4829184 1.0460242 2.3980350 2.7083491 0.5141564 0.4890489 0.5006007 0.0000010 0.4965092 0.0052237 0.4660772 0.0000010 0.4660772 0.0000000 0.4927408 0.0211837 0.4959982 0.4989322 0.4878648 0.4878648 0.5002603 0.4804494 0.4994008 0.5289065 0.5139881 0.0319831 0.5250220 0.0319831 0.5211289 0.5172958 0.0157814 0.0052270 0.0158278 0.0211451 0.5112147 0.5123025 0.5401508 0.5318449 0.5361051 0.5234374 0.5234374 0.5275815 0.5094093 0.7465939 0.7532199 0.7448401 0.7461497 0.7461497 0.7270196 0.7658451 0.7317714 0.7658451 0.7376725 0.7376725 0.7376725 0.7220711 0.7298623 0.7298623 0.7220711 0.7378645 0.7465939 0.7558372 3.8998799 2.3878554 2.7755303 2.4216605 2.1746727 1.4919163 1.4867185 1.3355182 1.4771362 
Hylocereus_polyrhizus_SRR11190802__NC_002815_-_7_kDa_protein_CDS            2.1699344 0.6371568 0.6014235 0.6014235 0.6305828 0.6425153 0.6144714 0.6118205 0.6118205 0.6682560 0.7112270 0.5116036 0.5928890 1.0291321 2.4726843 2.2972136 2.4803458 2.4476901 0.2289165 0.2209221 0.2127619 0.9596262 0.2374266 0.9596262 1.9909856 2.3049818 0.0000010 0.0000010 0.0000010 0.4770179 0.0000010 0.4801217 0.0055799 0.4927408 0.0055799 0.4927408 0.0000000 0.4617548 0.0217910 0.0000010 0.0163554 0.0163554 0.0108101 0.0000010 0.0053759 0.0163520 0.0054598 0.5038593 0.0162827 0.5038593 0.0164218 0.0162827 0.4860725 0.4802618 0.4957459 0.4750059 0.0109084 0.0217819 0.0392888 0.0389290 0.0391169 0.0273000 0.0273000 0.0274292 0.0219131 0.7218137 0.7436645 0.7350171 0.7198797 0.7198797 0.6994539 0.7629114 0.7434598 0.7629114 0.7198797 0.7198797 0.7198797 0.7089872 0.7094853 0.7094853 0.7089872 0.7332799 0.7218137 0.7218137 3.2447262 1.8377709 2.7387053 1.9178529 1.6504650 1.4080263 1.4326780 1.2615143 1.4302561 
Hylocereus_polyrhizus_SRR11190802__NC_006059_-_TGB3_CDS                     2.1379967 0.7027965 0.6497391 0.6497391 0.7498364 0.6882165 0.6523827 0.6455516 0.6455516 0.7480969 0.8071858 0.0329750 0.2245504 1.0623821 2.4549004 2.3988091 2.3426981 2.3186858 0.4769747 0.4692028 0.4625562 0.9889368 0.4671118 0.9889368 2.3130683 2.5157445 0.4831209 0.4588621 0.4700601 0.0107697 0.4657508 0.0158000 0.4360683 0.0211837 0.4360683 0.0211837 0.4617548 0.0000000 0.4657084 0.4675462 0.4577326 0.4577326 0.4697344 0.4493330 0.4689136 0.4972114 0.4818064 0.0430045 0.4936425 0.0430045 0.4895144 0.4859960 0.0320029 0.0265824 0.0375699 0.0430254 0.4800319 0.4813637 0.5076474 0.5000087 0.5039317 0.4921231 0.4921231 0.4959382 0.4783321 0.6935905 0.6701217 0.6772013 0.6925508 0.6925508 0.6730017 0.6900472 0.6794568 0.6900472 0.6841448 0.6841448 0.6841448 0.6700270 0.6770085 0.6770085 0.6700270 0.6849456 0.6935905 0.7021906 3.6174509 2.2678073 2.5881883 2.2508552 1.9789092 1.3644239 1.3600007 1.2202966 1.3508912 
Hylocereus_undatus_SRR11190791__NC_002815_-_7_kDa_protein_CDS               2.2644663 0.6826014 0.6486749 0.6486749 0.6762349 0.6883239 0.6628942 0.6589604 0.6589604 0.7147902 0.7418263 0.5145053 0.5835993 1.0528885 2.3074214 2.1494916 2.3589207 2.3288305 0.2364207 0.2369495 0.2205972 0.9837138 0.2453698 0.9837138 1.8614938 2.1571911 0.0431398 0.0267955 0.0266218 0.4807529 0.0160028 0.4836714 0.0054101 0.4959982 0.0054101 0.4959982 0.0217910 0.4657084 0.0000000 0.0273291 0.0000010 0.0000010 0.0158240 0.0109606 0.0157973 0.0377832 0.0219878 0.5182223 0.0376243 0.5182223 0.0379436 0.0322799 0.4894709 0.4838086 0.5008392 0.5023037 0.0323977 0.0431398 0.0611175 0.0605619 0.0608519 0.0486609 0.0486609 0.0488894 0.0490972 0.7646428 0.7818417 0.7733081 0.7630743 0.7630743 0.7278933 0.8042295 0.7815143 0.8042295 0.7480635 0.7480635 0.7480635 0.7517054 0.7526617 0.7526617 0.7517054 0.7766492 0.7646428 0.7581991 3.1359752 1.9105175 2.6679982 1.9296111 1.7656453 1.4294957 1.4853153 1.2970394 1.4023816 
