92
KX196173_-_CP_CDS                                                0.0000000 2.7252496 0.6828033 0.6882606 0.6773112 0.6828033 2.9373579 2.9692256 2.5344665 0.6733769 3.0156822 0.6756073 2.2674983 0.6540916 0.7118959 2.5771711 2.6322121 2.5370917 2.5668075 2.6321208 2.6640478 2.5990160 2.6454457 2.4983161 2.6587345 2.6637050 2.6637050 2.6872423 2.6212807 2.5647034 2.6930244 2.6802222 2.6712297 2.6930066 2.6923252 2.7402167 2.7125460 2.7125460 2.6754197 2.6545088 2.6545088 2.6737301 2.6184558 2.6641179 2.6144270 2.3815951 2.4625516 2.4408165 2.3572976 2.3758326 2.3089501 2.3574032 2.4976145 2.4976145 2.3574032 2.2458806 2.6922585 2.2662284 2.2419266 2.4275428 2.4843246 2.4843246 2.4429059 2.4566925 2.4033712 2.7461529 2.7378969 2.8319254 2.1638282 2.7095032 2.3418787 2.3480955 2.3443167 2.3252891 2.4174612 2.3000906 2.3092279 2.3533174 2.3000906 2.3295514 2.3241273 2.3152640 2.2496052 2.3548321 2.5009165 2.6041855 2.5196362 2.5063300 2.6707552 2.4434557 2.4537966 2.4537966 
AY800279_-_coat_protein_CDS                                      2.7252496 0.0000000 2.9152205 2.8459109 2.8701601 2.8196218 0.3927327 0.3967136 0.3427633 2.7569413 0.3154227 2.7537506 3.2988502 3.0609392 2.3099867 2.9495774 3.0085705 2.8753105 2.9934145 2.9929541 3.0327396 2.8812529 3.0280125 2.9135066 3.0231690 3.0384058 3.0384058 2.9611762 2.9193338 2.8461347 3.1456734 3.0269864 3.0952192 3.1037131 3.1136486 3.1894394 3.1531969 3.1531969 3.0400151 3.0124650 3.0124650 3.0197309 3.0341673 3.0564932 3.4874623 3.6919401 3.6657290 3.6369734 3.6249042 3.6582516 3.5848963 3.6516596 3.9039923 3.9039923 3.6516596 3.6655389 3.4581889 3.5863469 3.5440727 3.7809440 3.8234638 3.8234638 3.8103176 3.7676252 3.7283014 3.0792957 3.6359533 3.1531827 1.7139386 3.1310184 3.5878410 2.7792474 3.0292330 3.0007466 3.1120863 2.9972570 2.9920434 3.0094478 2.9972570 2.9650777 3.0718314 2.8577692 2.8907523 3.0563853 3.6400034 3.5872685 3.4733454 3.5461188 3.7585555 2.9719423 2.9199708 2.9199708 
AY863024_-_CP_CDS                                                0.6828033 2.9152205 0.0000000 0.0535006 0.0384713 0.0384763 3.2717267 3.3081693 3.0646239 0.3198734 3.1244345 0.0660161 2.3881761 0.6304328 0.7398821 1.9160825 1.8688519 1.8530649 1.8362647 1.8519408 1.8747087 1.8922110 1.8736436 1.7871402 1.8427306 1.8765497 1.8765497 1.9261156 1.8791786 1.8121123 1.9480368 1.8846966 1.9164104 1.9302434 1.9247627 1.9263215 1.9119997 1.9119997 1.8710055 1.8628749 1.8628749 1.8385974 1.8085380 1.8156036 1.9770807 2.0363848 1.9827342 1.9653907 2.0195469 2.0353161 2.0331467 2.0955225 2.0888772 2.0888772 2.0955225 1.9032392 2.0211657 1.9203943 1.9196350 2.0317997 2.0799313 2.0799313 2.0435520 2.0390131 2.0545201 1.9177270 1.9422815 1.9796692 2.0295325 1.9664795 1.9484937 2.1569567 2.0900987 2.0732286 2.2601594 2.1647580 2.1788341 2.1919177 2.1647580 2.1312667 2.2549290 2.2492084 2.2065530 2.2101219 2.3216899 1.8623323 1.9401790 1.9049621 1.9026872 2.3778054 2.1435639 2.1435639 
FJ822136_-_CP_CDS                                                0.6882606 2.8459109 0.0535006 0.0000000 0.0702768 0.0702852 3.2995821 3.3364202 2.9304068 0.3108846 2.9984044 0.0706639 2.4222758 0.6420916 0.7369410 1.9608629 1.9124319 1.8966462 1.8968081 1.9019944 1.9254048 1.9367654 1.9173877 1.8377166 1.8853361 1.9204084 1.9204084 1.9450735 1.9237039 1.8544716 1.9732792 1.9068633 1.9411517 1.9551301 1.9496095 2.0527183 2.0365021 2.0365021 1.9518485 1.9434060 1.9434060 1.9179573 1.8866149 1.8943404 1.9278537 2.0306715 1.9999700 1.9824470 2.0138065 2.0295417 2.0241507 2.0896483 2.1073389 2.1073389 2.0896483 1.9062945 1.9382427 1.8975765 1.8779508 1.9874075 2.0343897 2.0343897 1.9987954 2.0120582 2.0487605 1.9421480 1.8774131 1.9716690 2.0449722 1.9917510 1.9430064 2.2723875 2.2677135 2.2493629 2.3603439 2.3265419 2.3414984 2.3775692 2.3265419 2.3112293 2.3765683 2.4179700 2.3717388 2.3104338 2.3802882 1.8436545 1.9404785 1.8695113 1.8672410 2.4426880 2.2718133 2.2718133 
GQ179646_-_coat_protein_CDS                                      0.6773112 2.8701601 0.0384713 0.0702768 0.0000000 0.0064615 3.2027182 3.2382348 3.1727919 0.3231284 3.1826513 0.0831100 2.3110808 0.6186740 0.7735943 1.9418732 1.8939134 1.8613704 1.8612285 1.8748655 1.8979555 1.9007769 1.8988028 1.8113099 1.8672136 1.9017768 1.9017768 1.9904929 1.9249599 1.8183050 1.9745657 1.9080935 1.9424094 1.9563963 1.9508733 1.9909004 1.9756118 1.9756118 1.8940646 1.8858408 1.8858408 1.8806344 1.8498751 1.8758638 1.9628436 2.0131700 1.9602190 1.9430691 1.9962647 2.0118565 1.9860561 2.0715255 2.0649886 2.0649886 2.0715255 1.8813152 1.9684519 1.8982626 1.8975147 2.0085909 2.0560978 2.0560978 2.0201467 2.0155648 2.0310753 1.9433893 1.8563151 1.9481953 2.1325744 1.9930413 1.9264378 2.2269651 2.2056793 2.1878392 2.3340769 2.1916097 2.2058507 2.2393624 2.1916097 2.1771913 2.3288021 2.3228092 2.2785443 2.3555622 2.4500178 1.9251870 2.0063628 1.9523392 1.9672606 2.4450290 2.2034226 2.2034226 
GQ179647_-_coat_protein_CDS                                      0.6828033 2.8196218 0.0384763 0.0702852 0.0064615 0.0000000 3.1451199 3.1799002 3.1829918 0.3264718 3.2241332 0.0831194 2.3137035 0.6182593 0.7736911 1.9439906 1.8959878 1.8634320 1.8633077 1.8769394 1.9000488 1.9028718 1.9008835 1.8133440 1.8692501 1.9038621 1.9038621 1.9926787 1.9270997 1.8203199 1.9767333 1.9101963 1.9445441 1.9585388 1.9530142 1.9930928 1.9777744 1.9777744 1.8961335 1.8879038 1.8879038 1.8826969 1.8519130 1.8779378 1.9477852 2.0576780 2.0033787 1.9858548 2.0409024 2.0568364 2.0308919 2.1175396 2.1107958 2.1107958 2.1175396 1.9233297 1.9532739 1.9406786 1.9399088 2.0530875 2.1017988 2.1017988 2.0650222 2.0605251 2.0760263 1.9454955 1.8421426 1.9502997 2.1158424 1.9952055 1.9687108 2.2093817 2.1874520 2.1697550 2.3155833 2.2175294 2.2319150 2.2659337 2.2175294 2.2029312 2.3103149 2.3043867 2.2604962 2.3368855 2.4527480 1.9104521 1.9909003 1.9373746 1.9521499 2.4477573 2.2058513 2.2058513 
KT717325_-_CP_CDS                                                2.9373579 0.3927327 3.2717267 3.2995821 3.2027182 3.1451199 0.0000000 0.0016338 0.3268799 2.6011001 0.4713071 3.0541358 2.7610492 2.9081368 3.0235829 2.7549681 2.8557104 2.6933322 2.6897552 2.7728867 2.8100422 2.7278389 2.7732829 2.7428477 2.7943905 2.7525305 2.7525305 2.7364162 2.6668717 2.6901167 2.8055463 2.6691226 2.7159109 2.7697902 2.7375942 2.8149906 2.7856789 2.7856789 2.8179891 2.8334270 2.8334270 2.8282852 2.8101680 2.8394331 3.4698805 2.7614322 2.8519900 2.8263123 2.6515459 2.6727359 2.5893600 2.7019960 2.8742993 2.8742993 2.7019960 2.7077672 3.5129616 2.6897628 2.6597125 2.8555188 2.8826168 2.8826168 2.8752198 2.8607300 2.7875067 2.7900928 3.3022865 3.2960504 1.8031348 2.8404714 2.8299709 2.4994468 2.7145054 2.6922708 2.8625694 2.8011919 2.7673658 2.7829114 2.8011919 2.7678621 2.8700408 2.8326718 2.8924794 2.7807758 3.1798897 3.0285490 3.1484544 3.1573368 3.1391329 3.5961837 3.5392839 3.5392839 
KU159093_-_coat_protein_CDS                                      2.9692256 0.3967136 3.3081693 3.3364202 3.2382348 3.1799002 0.0016338 0.0000000 0.3232999 2.6040997 0.4668821 3.0877218 2.7904642 2.9115454 3.0271056 2.7235274 2.8227008 2.6622124 2.6583857 2.7407075 2.7774409 2.6964098 2.7414034 2.7105529 2.7623587 2.7208951 2.7208951 2.7050467 2.6360561 2.6590628 2.7732602 2.6385500 2.6848398 2.7381029 2.7062634 2.7824854 2.7537751 2.7537751 2.7855892 2.8007702 2.8007702 2.7956044 2.7775932 2.8063745 3.4285478 2.7300892 2.8193658 2.7939978 2.6213272 2.6422668 2.5596642 2.6714499 2.8414008 2.8414008 2.6714499 2.6765891 3.4707027 2.6588809 2.6292412 2.8228255 2.8495674 2.8495674 2.8421971 2.8279188 2.7558232 2.7583560 3.2632327 3.2571215 1.8051231 2.8080845 2.7976876 2.5258134 2.7448116 2.7223378 2.8932124 2.7692709 2.7359991 2.7512780 2.7692709 2.7363953 2.9008714 2.8630413 2.9235859 2.8104970 3.2144780 2.9935425 3.1117856 3.1205341 3.1026102 3.5527850 3.4966536 3.4966536 
KU697313_-_coat_protein_CDS                                      2.5344665 0.3427633 3.0646239 2.9304068 3.1727919 3.1829918 0.3268799 0.3232999 0.0000000 2.3800934 0.3868920 3.0588973 2.8162298 3.3313607 2.5756452 2.9361686 3.0445144 3.0035437 3.0365733 3.0248168 3.0654936 2.9699342 2.9895998 2.9299720 2.9826036 2.9999206 2.9999206 2.9785187 2.8812378 2.8380603 3.0152443 2.8271297 2.8918014 2.9876343 2.9186259 2.9813553 2.9486633 2.9486633 2.9551178 2.9717966 2.9717966 2.9444837 2.9258619 2.9540186 3.4456983 3.5092278 3.4849906 3.4533348 3.3328878 3.3637226 3.3179100 3.4709880 3.5896667 3.5896667 3.4709880 3.4311047 3.4725676 3.3723866 3.3329388 3.6366228 3.6775435 3.6775435 3.6646082 3.5593632 3.5437085 3.0716610 3.4027548 3.4283874 1.7519828 3.0307738 3.4439659 2.5786458 2.6876489 2.6622846 2.8801550 2.6928551 2.6891338 2.7041040 2.6928551 2.6893842 2.7892340 2.7257932 2.7571725 2.9475212 3.1603164 3.0194780 3.1397242 3.1423978 3.1002801 3.4781566 3.3435533 3.3435533 
LC107515_-_CP_CDS                                                0.6733769 2.7569413 0.3198734 0.3108846 0.3231284 0.3264718 2.6011001 2.6040997 2.3800934 0.0000000 2.9488718 0.3095171 2.1397861 0.5932867 0.6885653 2.0598286 2.0703760 2.0597159 2.0300256 1.9946236 2.0192831 2.0626364 2.0539888 1.9917159 2.0002797 2.0388334 2.0388334 2.0212912 2.0471188 2.0391876 2.0552799 2.0262987 2.0606717 2.0566182 2.0509564 2.1013812 2.0843270 2.0843270 1.9936041 2.0029087 2.0029087 1.9943778 1.9373011 1.9553012 2.3784954 1.8574106 1.8580194 1.8417489 1.7961286 1.8121498 1.7325394 1.8206773 1.9277621 1.9277621 1.8206773 1.7482940 2.4050954 1.7389659 1.7213859 1.8146609 1.8795702 1.8795702 1.8245797 1.8358558 1.8386117 2.0607072 2.4131574 2.2929689 2.0765003 2.0148630 1.8329546 1.8073603 1.7315397 1.7156101 1.9267051 1.8578802 1.8457178 1.8722930 1.8578802 1.8235684 1.9199696 1.8466285 1.8446268 1.8705511 2.0981303 1.8089265 1.8442753 1.7845978 1.8460514 2.7739611 2.7539212 2.7539212 
LC155795_-_CP_CDS                                                3.0156822 0.3154227 3.1244345 2.9984044 3.1826513 3.2241332 0.4713071 0.4668821 0.3868920 2.9488718 0.0000000 3.0127450 3.3105180 2.9953758 2.3721304 2.7281871 2.7476059 2.6959162 2.7673739 2.6944917 2.7409820 2.7094078 2.6741447 2.6108274 2.6859599 2.7475254 2.7475254 2.6997955 2.6340620 2.5857238 2.7938370 2.6891360 2.7359486 2.7292262 2.7213170 2.7176377 2.6902341 2.6902341 2.8179071 2.7925200 2.7925200 2.7724678 2.7408256 2.7676573 3.1020722 3.4307422 3.2918175 3.2623203 3.3815729 3.4084235 3.3021421 3.3939142 3.5407796 3.5407796 3.3939142 3.4548957 2.9948232 3.4344627 3.3945750 3.3395231 3.3715959 3.3715959 3.3639996 3.3191416 3.4307422 2.8038517 3.0921124 3.1885987 1.9263751 2.7935556 3.3720562 2.7515600 2.9035616 2.8798728 2.9779041 2.7269741 2.6946145 2.7483765 2.7269741 2.7232395 2.8303954 2.7626912 2.7941710 2.7995479 3.1675344 3.1772428 3.1523155 3.2949472 3.2819444 3.2243030 3.1438901 3.1438901 
MH423501_-_coat_protein_CDS                                      0.6756073 2.7537506 0.0660161 0.0706639 0.0831100 0.0831194 3.0541358 3.0877218 3.0588973 0.3095171 3.0127450 0.0000000 2.3375510 0.6397415 0.6859878 1.9488992 1.9377864 1.9241609 1.8871618 1.8817276 1.9048895 1.9077171 1.9056953 1.8345171 1.8905607 1.9086853 1.9086853 1.9027779 1.8693024 1.8560592 2.0206914 1.9526207 1.9877349 2.0019308 1.9785645 2.0185173 2.0028167 2.0028167 1.9399158 1.9487953 1.9487953 1.9232929 1.8918970 1.9017574 2.0855087 2.1945217 2.2037439 2.1844242 2.1980095 2.2151804 2.1912339 2.1725750 2.2992466 2.2992466 2.1725750 2.0408515 2.0945577 2.0781883 2.0563126 2.1899014 2.2424699 2.2424699 2.2030481 2.2188530 2.2142762 1.9304029 2.0119482 2.0446045 1.9888931 1.9826029 2.0984451 2.2108334 2.2344944 2.2164521 2.2274843 2.3529004 2.3680028 2.4045923 2.3529004 2.3374081 2.4051046 2.3988458 2.3530678 2.3632500 2.3193018 2.0507481 2.1383331 2.1394152 2.1370444 2.3981679 2.2243467 2.2243467 
CYMRNA_-_coat_protein_CDS                                        2.2674983 3.2988502 2.3881761 2.4222758 2.3110808 2.3137035 2.7610492 2.7904642 2.8162298 2.1397861 3.3105180 2.3375510 0.0000000 2.9227211 2.5282341 2.8824863 2.7178599 2.6614639 2.6408599 2.6882525 2.6932818 2.8091881 2.8003865 2.5932629 2.6797321 2.7801486 2.7801486 2.7678638 2.7337773 2.6763769 2.7111160 2.6599664 2.6803969 2.6884104 2.6922589 2.6367946 2.6114677 2.6114677 2.4441995 2.4255021 2.4255021 2.4512115 2.4288483 2.5299272 3.1469892 2.5077324 2.4948036 2.4914447 2.4071729 2.4136922 2.3952964 2.4736435 2.5724177 2.5724177 2.4736435 2.4853312 2.9829023 2.5073124 2.4806809 2.5292879 2.5292848 2.5292848 2.5451077 2.4913622 2.5570269 2.7571814 2.8501495 3.1070409 2.1508867 2.7222077 2.4892924 3.3916897 3.3257030 3.2992887 3.5746107 3.4920661 3.4988160 3.5243306 3.4920661 3.5058514 3.6367144 3.5363099 3.5372767 3.5746504 3.6364793 3.1148270 3.1021184 3.1042040 2.9933061 2.8539817 2.9470666 2.9470666 
JX524226_-_capsid_protein_CDS                                    0.6540916 3.0609392 0.6304328 0.6420916 0.6186740 0.6182593 2.9081368 2.9115454 3.3313607 0.5932867 2.9953758 0.6397415 2.9227211 0.0000000 0.7186779 2.5753544 2.5660201 2.5617104 2.4945784 2.4320730 2.4697082 2.5554112 2.5290326 2.5560613 2.7005064 2.5235036 2.5428339 2.6075484 2.5715075 2.5030135 2.7190547 2.6280104 2.6583667 2.7189691 2.6478689 2.6157609 2.5910327 2.5910327 2.4370632 2.4491334 2.4491334 2.4439641 2.4498060 2.4887654 2.5137877 2.1798179 2.1509314 2.1166876 2.1713186 2.1776278 2.1302962 2.2140387 2.2529362 2.2529362 2.2140387 2.1093587 2.4115665 2.0899271 2.0891004 2.2347742 2.2646789 2.2646789 2.2479307 2.2522158 2.2215723 2.6003121 2.3824536 2.5445917 2.3824211 2.6591310 2.1219922 2.5224203 2.3836444 2.3650471 2.5066858 2.4611349 2.4702730 2.5066920 2.4611349 2.4698857 2.4834803 2.5722332 2.5018788 2.4196383 2.2853580 2.7868465 2.6159384 2.6776931 2.8001240 2.6111332 2.5635178 2.5635178 
MF978248_-_CP_CDS                                                0.7118959 2.3099867 0.7398821 0.7369410 0.7735943 0.7736911 3.0235829 3.0271056 2.5756452 0.6885653 2.3721304 0.6859878 2.5282341 0.7186779 0.0000000 2.7864972 2.7177540 2.7537198 2.7433019 2.7540851 2.7966361 2.7422731 2.7708223 2.6773347 2.7748922 2.7653404 2.7864594 2.7183385 2.6826342 2.6700417 2.8183824 2.7882927 2.8237523 2.8180336 2.8269050 2.8187641 2.7906912 2.7906912 2.7367461 2.7160723 2.7160723 2.7218080 2.7048363 2.7375504 2.4939320 2.1385655 2.0915048 2.0654230 2.1053476 2.1138217 2.1180993 2.0893942 2.1659279 2.1659279 2.0893942 2.0799724 2.5155201 2.0609788 2.0399814 2.1860395 2.2149720 2.2149720 2.1986914 2.1924968 2.1791962 2.7563904 2.5967889 2.5850061 2.6811460 2.9174163 2.0621086 2.3979120 2.4258564 2.4041803 2.3350232 2.3147727 2.3416215 2.3437289 2.3147727 2.3098000 2.4027439 2.4407610 2.3954312 2.4354253 2.9570909 3.0072342 3.0036471 2.8979284 2.9729518 2.6499878 2.7083715 2.7083715 
AF308158_-_coat_protein_CDS                                      2.5771711 2.9495774 1.9160825 1.9608629 1.9418732 1.9439906 2.7549681 2.7235274 2.9361686 2.0598286 2.7281871 1.9488992 2.8824863 2.5753544 2.7864972 0.0000000 0.0151969 0.0091610 0.0107966 0.0153733 0.0185036 0.0060477 0.0198975 0.0030771 0.0277591 0.0183502 0.0198821 0.0198821 0.0061037 0.0091584 0.0279306 0.0216648 0.0231392 0.0278167 0.0231756 0.0359600 0.0357989 0.0357989 0.0357761 0.0358260 0.0358260 0.0375173 0.0312560 0.0264561 0.6713129 0.6956990 0.6899678 0.6856039 0.7000152 0.6962665 0.6824763 0.7088393 0.7096792 0.7096792 0.7088393 0.6784251 0.6397654 0.6820125 0.6764627 0.6998337 0.7007718 0.7007718 0.7020684 0.6877307 0.7115765 0.0228435 0.6507655 0.6985284 2.6270739 0.0276149 0.7065721 0.5309488 0.4346940 0.4357015 0.5418657 0.5178934 0.5283836 0.5267426 0.5178934 0.5268500 0.5517042 0.5582054 0.5400782 0.5528124 0.5612620 0.3548052 0.3550720 0.3525571 0.3634745 1.3788776 1.4045526 1.4045526 
Hylocereus_polyrhizus_SRR11190795__NC_002815_-_coat_protein_CDS  2.6322121 3.0085705 1.8688519 1.9124319 1.8939134 1.8959878 2.8557104 2.8227008 3.0445144 2.0703760 2.7476059 1.9377864 2.7178599 2.5660201 2.7177540 0.0151969 0.0000000 0.0045319 0.0030495 0.0060728 0.0060620 0.0090668 0.0090500 0.0030631 0.0198277 0.0075348 0.0090430 0.0090574 0.0030347 0.0045386 0.0152496 0.0137733 0.0152561 0.0167542 0.0152798 0.0277915 0.0277068 0.0277068 0.0277275 0.0277275 0.0277275 0.0293718 0.0231813 0.0184421 0.6627692 0.7141737 0.7082863 0.7038465 0.7189128 0.7149979 0.7062391 0.7224317 0.7364424 0.7364424 0.7224317 0.7016936 0.6371778 0.7072980 0.7015357 0.7184792 0.7194362 0.7194362 0.7208121 0.7061747 0.7305460 0.0120828 0.6528614 0.6854041 2.6915675 0.0198477 0.7253799 0.5436716 0.4331875 0.4341896 0.5401797 0.5219811 0.5325331 0.5308924 0.5219811 0.5310009 0.5560366 0.5625865 0.5443115 0.5529604 0.5599425 0.3558609 0.3498846 0.3474043 0.3582583 1.3657582 1.4021181 1.4021181 
Hylocereus_polyrhizus_SRR11190796__NC_002815_-_coat_protein_CDS  2.5370917 2.8753105 1.8530649 1.8966462 1.8613704 1.8634320 2.6933322 2.6622124 3.0035437 2.0597159 2.6959162 1.9241609 2.6614639 2.5617104 2.7537198 0.0091610 0.0045319 0.0000000 0.0000010 0.0045987 0.0061319 0.0030362 0.0076059 0.0000010 0.0169146 0.0060874 0.0076103 0.0091622 0.0000010 0.0015251 0.0154026 0.0123616 0.0138632 0.0169497 0.0154587 0.0281200 0.0280333 0.0280333 0.0280545 0.0280545 0.0280545 0.0297193 0.0234556 0.0186592 0.6438855 0.7003757 0.6996816 0.6952161 0.7029374 0.7010171 0.6869505 0.7085697 0.7224901 0.7224901 0.7085697 0.6876953 0.6169647 0.6932619 0.6875401 0.7046189 0.7055767 0.7055767 0.7069140 0.6922745 0.7166302 0.0122228 0.6371929 0.6661814 2.6469142 0.0200798 0.7115052 0.5242294 0.4265191 0.4265191 0.5293049 0.5111019 0.5216413 0.5199758 0.5111019 0.5200830 0.5450237 0.5515529 0.5333752 0.5419289 0.5445670 0.3492434 0.3432881 0.3408458 0.3516476 1.3485600 1.3847274 1.3847274 
Hylocereus_polyrhizus_SRR11190797__NC_002815_-_coat_protein_CDS  2.5668075 2.9934145 1.8362647 1.8968081 1.8612285 1.8633077 2.6897552 2.6583857 3.0365733 2.0300256 2.7673739 1.8871618 2.6408599 2.4945784 2.7433019 0.0107966 0.0030495 0.0000010 0.0000000 0.0000010 0.0015316 0.0030563 0.0030495 0.0000010 0.0139178 0.0015204 0.0030412 0.0045920 0.0000010 0.0000010 0.0123930 0.0093286 0.0108490 0.0139468 0.0124428 0.0267660 0.0266828 0.0266828 0.0250510 0.0250862 0.0250862 0.0267504 0.0220303 0.0172367 0.6385268 0.6984777 0.6977782 0.7000561 0.7010262 0.6990979 0.6882890 0.7009272 0.7207124 0.7207124 0.7009272 0.6755724 0.6069197 0.6844550 0.6787463 0.7027392 0.7037031 0.7037031 0.7050437 0.6903109 0.7148199 0.0107618 0.6318113 0.6646024 2.6104661 0.0170647 0.7096673 0.5209730 0.4280251 0.4280251 0.5319693 0.5135669 0.5242253 0.5225474 0.5135669 0.5226561 0.5478991 0.5545074 0.5361002 0.5401847 0.5527723 0.3463634 0.3403898 0.3420615 0.3487816 1.3239142 1.3596567 1.3596567 
Hylocereus_polyrhizus_SRR11190798__NC_002815_-_coat_protein_CDS  2.6321208 2.9929541 1.8519408 1.9019944 1.8748655 1.8769394 2.7728867 2.7407075 3.0248168 1.9946236 2.6944917 1.8817276 2.6882525 2.4320730 2.7540851 0.0153733 0.0060728 0.0045987 0.0000010 0.0000000 0.0000010 0.0076164 0.0045524 0.0015496 0.0153679 0.0030227 0.0045341 0.0030318 0.0000010 0.0000010 0.0123153 0.0107799 0.0123035 0.0138386 0.0123450 0.0281588 0.0280719 0.0280719 0.0280539 0.0280932 0.0280932 0.0297604 0.0234881 0.0186849 0.6599589 0.7210821 0.7150810 0.7105727 0.7260285 0.7220138 0.7131449 0.7235892 0.7438074 0.7438074 0.7235892 0.7021406 0.6285256 0.7112021 0.7053511 0.7254917 0.7264641 0.7264641 0.7278836 0.7130002 0.7377933 0.0122222 0.6499798 0.6832483 2.6931268 0.0153643 0.7325163 0.5243335 0.4307754 0.4317795 0.5352874 0.5169778 0.5275875 0.5259256 0.5169778 0.5260341 0.5503652 0.5577584 0.5394164 0.5435019 0.5554672 0.3610617 0.3549789 0.3551570 0.3634898 1.3227490 1.3344433 1.3344433 
Hylocereus_polyrhizus_SRR11190801__NC_002815_-_coat_protein_CDS  2.6640478 3.0327396 1.8747087 1.9254048 1.8979555 1.9000488 2.8100422 2.7774409 3.0654936 2.0192831 2.7409820 1.9048895 2.6932818 2.4697082 2.7966361 0.0185036 0.0060620 0.0061319 0.0015316 0.0000010 0.0000000 0.0091409 0.0060711 0.0030976 0.0169071 0.0045341 0.0060463 0.0030272 0.0000010 0.0015266 0.0122762 0.0107799 0.0123035 0.0138128 0.0123227 0.0281075 0.0280208 0.0280208 0.0280029 0.0280420 0.0280420 0.0297061 0.0234451 0.0186509 0.6728522 0.7349257 0.7288423 0.7243087 0.7401684 0.7360544 0.7271892 0.7374719 0.7579891 0.7579891 0.7374719 0.7159890 0.6410233 0.7251714 0.7192285 0.7394342 0.7404122 0.7404122 0.7418846 0.7268823 0.7518975 0.0137644 0.6627741 0.6965027 2.7261468 0.0169179 0.7465297 0.5325087 0.4382885 0.4393132 0.5435504 0.5251479 0.5358225 0.5341707 0.5251479 0.5342808 0.5588092 0.5662635 0.5477480 0.5519086 0.5639193 0.3673496 0.3612149 0.3613614 0.3697836 1.3380798 1.3499575 1.3499575 
Hylocereus_polyrhizus_SRR11190802__NC_002815_-_coat_protein_CDS  2.5990160 2.8812529 1.8922110 1.9367654 1.9007769 1.9028718 2.7278389 2.6964098 2.9699342 2.0626364 2.7094078 1.9077171 2.8091881 2.5554112 2.7422731 0.0060477 0.0090668 0.0030362 0.0030563 0.0076164 0.0091409 0.0000000 0.0121730 0.0000010 0.0199581 0.0106064 0.0121232 0.0121802 0.0000010 0.0030395 0.0184837 0.0154068 0.0168945 0.0199994 0.0184951 0.0311928 0.0310968 0.0310968 0.0310769 0.0311203 0.0311203 0.0327932 0.0265394 0.0217339 0.6480760 0.7125207 0.7066163 0.7021593 0.7172469 0.7133258 0.6992474 0.7207996 0.7348472 0.7348472 0.7207996 0.6912868 0.6180989 0.6968437 0.6911314 0.7168338 0.7177943 0.7177943 0.7191703 0.7044811 0.7289351 0.0152330 0.6478406 0.6654504 2.6787272 0.0230997 0.7237565 0.5208257 0.4250294 0.4260141 0.5316865 0.5135090 0.5240375 0.5223797 0.5135090 0.5224870 0.5474118 0.5539347 0.5357644 0.5443262 0.5555385 0.3557109 0.3559798 0.3534362 0.3644638 1.3462405 1.3821484 1.3821484 
Hylocereus_undatus_SRR11190791__NC_002815_-_coat_protein_CDS     2.6454457 3.0280125 1.8736436 1.9173877 1.8988028 1.9008835 2.7732829 2.7414034 2.9895998 2.0539888 2.6741447 1.9056953 2.8003865 2.5290326 2.7708223 0.0198975 0.0090500 0.0076059 0.0030495 0.0045524 0.0060711 0.0121730 0.0000000 0.0061755 0.0198897 0.0000010 0.0000010 0.0090709 0.0045732 0.0045593 0.0184202 0.0153815 0.0168668 0.0199308 0.0169002 0.0343116 0.0342059 0.0342059 0.0341841 0.0342318 0.0342318 0.0359156 0.0296615 0.0248388 0.6834405 0.7222490 0.7162953 0.7118256 0.7271743 0.7231884 0.7144016 0.7247367 0.7447939 0.7447939 0.7247367 0.6995919 0.6475411 0.7085624 0.7027728 0.7266267 0.7275908 0.7275908 0.7290016 0.7142439 0.7388288 0.0151813 0.6683767 0.7124848 2.6765724 0.0230204 0.7335932 0.5344460 0.4377369 0.4387534 0.5480601 0.5271332 0.5377519 0.5361133 0.5271332 0.5362231 0.5614538 0.5680547 0.5496210 0.5537708 0.5596252 0.3636106 0.3575528 0.3577166 0.3660227 1.3736702 1.3869541 1.3869541 
Hylocereus_undatus_SRR11190792__NC_002815_-_coat_protein_CDS     2.4983161 2.9135066 1.7871402 1.8377166 1.8113099 1.8133440 2.7428477 2.7105529 2.9299720 1.9917159 2.6108274 1.8345171 2.5932629 2.5560613 2.6773347 0.0030771 0.0030631 0.0000010 0.0000010 0.0015496 0.0030976 0.0000010 0.0061755 0.0000000 0.0015293 0.0046273 0.0061706 0.0061792 0.0000010 0.0000010 0.0077380 0.0062101 0.0061896 0.0092741 0.0077503 0.0203743 0.0203114 0.0203114 0.0203553 0.0203553 0.0203553 0.0220003 0.0157086 0.0109190 0.6240418 0.6843799 0.6785544 0.6740955 0.6885827 0.6848099 0.6740296 0.6924928 0.7062950 0.7062950 0.6924928 0.6772234 0.6051175 0.6827775 0.6770697 0.6885462 0.6895029 0.6895029 0.6907955 0.6761683 0.7004879 0.0108404 0.6122116 0.6618784 2.5731255 0.0108399 0.6954095 0.5102713 0.4043032 0.4052453 0.5072825 0.4891151 0.4996005 0.4978884 0.4891151 0.4979927 0.5226613 0.5332923 0.5152809 0.5162126 0.5168750 0.3343758 0.3316447 0.3322424 0.3400214 1.3040025 1.3481752 1.3481752 
Hylocereus_undatus_SRR11190793__NC_002815_-_coat_protein_CDS     2.6587345 3.0231690 1.8427306 1.8853361 1.8672136 1.8692501 2.7943905 2.7623587 2.9826036 2.0002797 2.6859599 1.8905607 2.6797321 2.7005064 2.7748922 0.0277591 0.0198277 0.0169146 0.0139178 0.0153679 0.0169071 0.0199581 0.0198897 0.0015293 0.0000000 0.0183429 0.0198743 0.0198743 0.0138492 0.0122328 0.0152141 0.0153122 0.0152415 0.0167153 0.0168242 0.0325533 0.0324087 0.0324087 0.0324331 0.0324331 0.0324331 0.0340981 0.0278907 0.0231454 0.6660382 0.7354293 0.7293995 0.7249075 0.7406331 0.7365545 0.7277737 0.7379531 0.7582899 0.7582899 0.7379531 0.7196738 0.6499605 0.7288149 0.7228951 0.7398992 0.7408683 0.7408683 0.7423288 0.7274629 0.7522523 0.0260936 0.6513028 0.6994130 2.5989409 0.0213569 0.7469314 0.5447165 0.4419352 0.4429636 0.5412165 0.5229974 0.5335631 0.5319228 0.5229974 0.5320315 0.5571023 0.5725666 0.5540493 0.5531154 0.5727942 0.3605922 0.3545941 0.3582985 0.3629874 1.3456379 1.3812520 1.3812520 
Hylocereus_undatus_SRR11190799__NC_002815_-_coat_protein_CDS     2.6637050 3.0384058 1.8765497 1.9204084 1.9017768 1.9038621 2.7525305 2.7208951 2.9999206 2.0388334 2.7475254 1.9086853 2.7801486 2.5235036 2.7653404 0.0183502 0.0075348 0.0060874 0.0015204 0.0030227 0.0045341 0.0106064 0.0000010 0.0046273 0.0183429 0.0000000 0.0000010 0.0075522 0.0030457 0.0030364 0.0168697 0.0138305 0.0153193 0.0183808 0.0168870 0.0327223 0.0326216 0.0326216 0.0326008 0.0326462 0.0326462 0.0343230 0.0280746 0.0232650 0.6789744 0.7291689 0.7231632 0.7186725 0.7342506 0.7302076 0.7214055 0.7316809 0.7519272 0.7519272 0.7316809 0.7064582 0.6480287 0.7155051 0.7096593 0.7336043 0.7345731 0.7345731 0.7360128 0.7211673 0.7459109 0.0151973 0.6688919 0.7078629 2.6982383 0.0214661 0.7406198 0.5350548 0.4388922 0.4399133 0.5468570 0.5285166 0.5391593 0.5375204 0.5285166 0.5376306 0.5629269 0.5695447 0.5510593 0.5552266 0.5644862 0.3639623 0.3578972 0.3580594 0.3663764 1.3713649 1.3846205 1.3846205 
Hylocereus_undatus_SRR11190800__NC_002815_-_coat_protein_CDS     2.6637050 3.0384058 1.8765497 1.9204084 1.9017768 1.9038621 2.7525305 2.7208951 2.9999206 2.0388334 2.7475254 1.9086853 2.7801486 2.5428339 2.7864594 0.0198821 0.0090430 0.0076103 0.0030412 0.0045341 0.0060463 0.0121232 0.0000010 0.0061706 0.0198743 0.0000010 0.0000000 0.0090639 0.0045697 0.0045554 0.0184059 0.0153695 0.0168537 0.0199153 0.0168870 0.0342847 0.0341792 0.0341792 0.0341574 0.0342050 0.0342050 0.0358874 0.0296382 0.0248193 0.6821728 0.7350426 0.7290013 0.7244997 0.7402502 0.7361648 0.7273635 0.7375711 0.7579455 0.7579455 0.7375711 0.7123216 0.6511613 0.7214202 0.7155351 0.7395200 0.7404911 0.7404911 0.7419535 0.7270567 0.7518964 0.0151694 0.6720748 0.7111487 2.6805222 0.0230025 0.7465661 0.5404471 0.4430522 0.4440855 0.5515220 0.5331162 0.5438027 0.5421682 0.5331162 0.5422794 0.5677091 0.5743612 0.5557653 0.5599763 0.5700721 0.3662979 0.3602228 0.3603730 0.3687107 1.3713649 1.3846205 1.3846205 
Hylocereus_undatus_SRR11603182__NC_002815_-_coat_protein_CDS     2.6872423 2.9611762 1.9261156 1.9450735 1.9904929 1.9926787 2.7364162 2.7050467 2.9785187 2.0212912 2.6997955 1.9027779 2.7678638 2.6075484 2.7183385 0.0198821 0.0090574 0.0091622 0.0045920 0.0030318 0.0030272 0.0121802 0.0090709 0.0061792 0.0198743 0.0075522 0.0090639 0.0000000 0.0000010 0.0045554 0.0152853 0.0138114 0.0152983 0.0167934 0.0153221 0.0311035 0.0309650 0.0309650 0.0309453 0.0309883 0.0309883 0.0326536 0.0264263 0.0216717 0.6688145 0.7213110 0.7153732 0.7109130 0.7262076 0.7222356 0.7134643 0.7237915 0.7437919 0.7437919 0.7237915 0.6986953 0.6382770 0.7076422 0.7018688 0.7256742 0.7266361 0.7266361 0.7280408 0.7133176 0.7378433 0.0151694 0.6691325 0.6921651 2.6207119 0.0198670 0.7326232 0.5365922 0.4422604 0.4432900 0.5434882 0.5292666 0.5399185 0.5382801 0.5292666 0.5383905 0.5637106 0.5703338 0.5518301 0.5560049 0.5678966 0.3547177 0.3487681 0.3489751 0.3571070 1.3478794 1.3835925 1.3835925 
Hylocereus_undatus_SRR11603183__NC_002815_-_coat_protein_CDS     2.6212807 2.9193338 1.8791786 1.9237039 1.9249599 1.9270997 2.6668717 2.6360561 2.8812378 2.0471188 2.6340620 1.8693024 2.7337773 2.5715075 2.6826342 0.0061037 0.0030347 0.0000010 0.0000010 0.0000010 0.0000010 0.0000010 0.0045732 0.0000010 0.0138492 0.0030457 0.0045697 0.0000010 0.0000000 0.0000010 0.0092351 0.0076988 0.0092097 0.0107611 0.0092407 0.0250619 0.0249495 0.0249495 0.0249334 0.0249684 0.0249684 0.0266243 0.0203534 0.0155674 0.6463732 0.7027681 0.6968843 0.6924203 0.7073184 0.7034434 0.6926816 0.7110009 0.7249847 0.7249847 0.7110009 0.6833022 0.6162601 0.6888522 0.6831479 0.7070365 0.7079975 0.7079975 0.7093460 0.6946572 0.7190980 0.0091653 0.6449143 0.6716177 2.5527425 0.0138508 0.7139486 0.5131208 0.4174987 0.4184682 0.5239532 0.5057724 0.5162916 0.5146161 0.5057724 0.5147226 0.5395773 0.5460851 0.5279864 0.5356788 0.5517046 0.3481328 0.3453771 0.3470436 0.3537944 1.2853138 1.3298124 1.3298124 
Hylocereus_undatus_SRR11603184__NC_002815_-_coat_protein_CDS     2.5647034 2.8461347 1.8121123 1.8544716 1.8183050 1.8203199 2.6901167 2.6590628 2.8380603 2.0391876 2.5857238 1.8560592 2.6763769 2.5030135 2.6700417 0.0091584 0.0045386 0.0015251 0.0000010 0.0000010 0.0015266 0.0030395 0.0045593 0.0000010 0.0122328 0.0030364 0.0045554 0.0045554 0.0000010 0.0000000 0.0091907 0.0061370 0.0076474 0.0107094 0.0092090 0.0249399 0.0248286 0.0248286 0.0232498 0.0232498 0.0232498 0.0264528 0.0202222 0.0155136 0.6513825 0.7039571 0.6980744 0.6936140 0.7085262 0.7046478 0.6958058 0.7121909 0.7261755 0.7261755 0.7121909 0.6890326 0.6258433 0.6945988 0.6888772 0.7082285 0.7091889 0.7091889 0.7105400 0.6958598 0.7202884 0.0106756 0.6446119 0.6818029 2.5125622 0.0138033 0.7151382 0.5168649 0.4158951 0.4168578 0.5219173 0.5038019 0.5142802 0.5126063 0.5038019 0.5127121 0.5374569 0.5439367 0.5259238 0.5317874 0.5301604 0.3500209 0.3472644 0.3489267 0.3556789 1.3055763 1.3402971 1.3402971 
Hylocereus_undatus_SRR11603186__NC_002815_-_coat_protein_CDS     2.6930244 3.1456734 1.9480368 1.9732792 1.9745657 1.9767333 2.8055463 2.7732602 3.0152443 2.0552799 2.7938370 2.0206914 2.7111160 2.7190547 2.8183824 0.0279306 0.0152496 0.0154026 0.0123930 0.0123153 0.0122762 0.0184837 0.0184202 0.0077380 0.0152141 0.0168697 0.0184059 0.0152853 0.0092351 0.0091907 0.0000000 0.0000010 0.0000010 0.0000010 0.0000010 0.0278994 0.0277756 0.0277756 0.0277964 0.0277964 0.0277964 0.0294450 0.0232390 0.0185135 0.6626894 0.7364228 0.7303681 0.7258601 0.7416643 0.7375657 0.7191955 0.7389572 0.7593777 0.7593777 0.7389572 0.7206214 0.6582804 0.7298008 0.7238553 0.7409137 0.7418861 0.7418861 0.7433550 0.7284340 0.7533164 0.0230852 0.6753821 0.7084278 2.6994998 0.0090345 0.7479725 0.5537092 0.4480804 0.4491296 0.5588802 0.5403227 0.5511062 0.5494745 0.5403227 0.5495875 0.5705942 0.5820184 0.5631992 0.5704022 0.5755752 0.3551574 0.3491959 0.3467248 0.3543468 1.3838664 1.3864381 1.3864381 
Hylocereus_undatus_SRR11603187__NC_002815_-_coat_protein_CDS     2.6802222 3.0269864 1.8846966 1.9068633 1.9080935 1.9101963 2.6691226 2.6385500 2.8271297 2.0262987 2.6891360 1.9526207 2.6599664 2.6280104 2.7882927 0.0216648 0.0137733 0.0123616 0.0093286 0.0107799 0.0107799 0.0154068 0.0153815 0.0062101 0.0153122 0.0138305 0.0153695 0.0138114 0.0076988 0.0061370 0.0000010 0.0000000 0.0000010 0.0000010 0.0000010 0.0280942 0.0279686 0.0279686 0.0279507 0.0279897 0.0279897 0.0296504 0.0234013 0.0186423 0.6392828 0.7211849 0.7152106 0.7107227 0.7261104 0.7221137 0.7038733 0.7295771 0.7438074 0.7438074 0.7295771 0.7017786 0.6300917 0.7074282 0.7016194 0.7255750 0.7265429 0.7265429 0.7279562 0.7131405 0.7378208 0.0200304 0.6462146 0.6786944 2.6668962 0.0075488 0.7325677 0.5286396 0.4317451 0.4327532 0.5396354 0.5212834 0.5319240 0.5302680 0.5212834 0.5303773 0.5510195 0.5622218 0.5437988 0.5562158 0.5693726 0.3533624 0.3473610 0.3448816 0.3493332 1.3380772 1.3524770 1.3524770 
Hylocereus_undatus_SRR11603189__NC_002815_-_coat_protein_CDS     2.6712297 3.0952192 1.9164104 1.9411517 1.9424094 1.9445441 2.7159109 2.6848398 2.8918014 2.0606717 2.7359486 1.9877349 2.6803969 2.6583667 2.8237523 0.0231392 0.0152561 0.0138632 0.0108490 0.0123035 0.0123035 0.0168945 0.0168668 0.0061896 0.0152415 0.0153193 0.0168537 0.0152983 0.0092097 0.0076474 0.0000010 0.0000010 0.0000000 0.0000010 0.0000010 0.0279621 0.0278377 0.0278377 0.0278200 0.0278586 0.0278586 0.0295110 0.0232913 0.0185550 0.6549214 0.7294270 0.7234177 0.7189250 0.7345159 0.7304697 0.7121844 0.7378798 0.7521992 0.7521992 0.7378798 0.7100719 0.6456851 0.7157603 0.7099107 0.7338657 0.7348349 0.7348349 0.7362761 0.7214233 0.7461794 0.0215037 0.6620500 0.6950757 2.6862086 0.0075144 0.7408849 0.5396840 0.4420243 0.4430589 0.5507833 0.5323313 0.5430441 0.5414039 0.5323313 0.5415152 0.5623472 0.5736650 0.5550328 0.5676314 0.5761648 0.3541192 0.3481419 0.3456689 0.3501047 1.3501554 1.3646555 1.3646555 
Hylocereus_undatus_SRR11603190__NC_002815_-_coat_protein_CDS     2.6930066 3.1037131 1.9302434 1.9551301 1.9563963 1.9585388 2.7697902 2.7381029 2.9876343 2.0566182 2.7292262 2.0019308 2.6884104 2.7189691 2.8180336 0.0278167 0.0167542 0.0169497 0.0139468 0.0138386 0.0138128 0.0199994 0.0199308 0.0092741 0.0167153 0.0183808 0.0199153 0.0167934 0.0107611 0.0107094 0.0000010 0.0000010 0.0000010 0.0000000 0.0000010 0.0294125 0.0292821 0.0292821 0.0293040 0.0293040 0.0293040 0.0309558 0.0247574 0.0200315 0.6574129 0.7361441 0.7301011 0.7256014 0.7413711 0.7372811 0.7189458 0.7386737 0.7590571 0.7590571 0.7386737 0.7203688 0.6530066 0.7295295 0.7235963 0.7406258 0.7415966 0.7415966 0.7430621 0.7281680 0.7530061 0.0229920 0.6699639 0.7027185 2.7064115 0.0089991 0.7476722 0.5494748 0.4459458 0.4469860 0.5546098 0.5361824 0.5468851 0.5452556 0.5361824 0.5453672 0.5661991 0.5775232 0.5588753 0.5659994 0.5757122 0.3570189 0.3510566 0.3485770 0.3530089 1.3614253 1.3639394 1.3639394 
Hylocereus_undatus_SRR11603191__NC_002815_-_coat_protein_CDS     2.6923252 3.1136486 1.9247627 1.9496095 1.9508733 1.9530142 2.7375942 2.7062634 2.9186259 2.0509564 2.7213170 1.9785645 2.6922589 2.6478689 2.8269050 0.0231756 0.0152798 0.0154587 0.0124428 0.0123450 0.0123227 0.0184951 0.0169002 0.0077503 0.0168242 0.0168870 0.0168870 0.0153221 0.0092407 0.0092090 0.0000010 0.0000010 0.0000010 0.0000010 0.0000000 0.0263990 0.0262816 0.0262816 0.0262649 0.0263013 0.0263013 0.0279477 0.0217305 0.0170023 0.6580459 0.7270974 0.7293046 0.7224297 0.7321392 0.7281077 0.7098371 0.7355316 0.7498225 0.7498225 0.7355316 0.7077298 0.6541745 0.7134068 0.7075692 0.7315216 0.7324904 0.7324904 0.7339234 0.7190832 0.7438135 0.0199686 0.6598411 0.6984430 2.6437308 0.0075259 0.7385320 0.5324953 0.4363959 0.4374120 0.5442823 0.5259470 0.5365837 0.5349396 0.5259470 0.5350494 0.5557063 0.5669225 0.5484687 0.5609234 0.5616710 0.3538076 0.3478373 0.3453685 0.3497984 1.3512167 1.3499359 1.3499359 
Schlumbergera_truncata_15H03_pol__NC_002815_-_coat_protein_CDS   2.7402167 3.1894394 1.9263215 2.0527183 1.9909004 1.9930928 2.8149906 2.7824854 2.9813553 2.1013812 2.7176377 2.0185173 2.6367946 2.6157609 2.8187641 0.0359600 0.0277915 0.0281200 0.0267660 0.0281588 0.0281075 0.0311928 0.0343116 0.0203743 0.0325533 0.0327223 0.0342847 0.0311035 0.0250619 0.0249399 0.0278994 0.0280942 0.0279621 0.0294125 0.0263990 0.0000000 0.0000010 0.0000010 0.0182806 0.0182806 0.0182806 0.0198734 0.0137543 0.0090935 0.6693947 0.7499254 0.7437505 0.7391919 0.7554940 0.7512716 0.7368684 0.7525129 0.7733561 0.7733561 0.7525129 0.7340946 0.6531610 0.7434495 0.7373766 0.7490239 0.7555235 0.7555235 0.7515117 0.7364496 0.7671844 0.0342332 0.6443787 0.7182429 2.6005042 0.0293815 0.7617127 0.5454237 0.4457507 0.4467971 0.5505706 0.5321001 0.5428232 0.5411809 0.5321001 0.5412923 0.5668014 0.5734739 0.5548233 0.5627617 0.5817750 0.3579097 0.3518912 0.3493848 0.3603192 1.3221623 1.3466328 1.3466328 
Schlumbergera_truncata_15H03_sty__NC_002815_a_-_coat_protein_CDS 2.7125460 3.1531969 1.9119997 2.0365021 1.9756118 1.9777744 2.7856789 2.7537751 2.9486633 2.0843270 2.6902341 2.0028167 2.6114677 2.5910327 2.7906912 0.0357989 0.0277068 0.0280333 0.0266828 0.0280719 0.0280208 0.0310968 0.0342059 0.0203114 0.0324087 0.0326216 0.0341792 0.0309650 0.0249495 0.0248286 0.0277756 0.0279686 0.0278377 0.0292821 0.0262816 0.0000010 0.0000000 0.0000010 0.0182008 0.0182008 0.0182008 0.0197864 0.0136941 0.0090795 0.6633773 0.7428289 0.7367364 0.7322184 0.7482079 0.7440637 0.7297928 0.7453807 0.7659389 0.7659389 0.7453807 0.7270629 0.6473094 0.7362959 0.7303092 0.7419246 0.7483392 0.7483392 0.7443669 0.7294583 0.7598431 0.0340806 0.6386477 0.7115885 2.5551814 0.0292513 0.7544556 0.5409317 0.4422157 0.4432459 0.5460335 0.5277256 0.5383489 0.5367111 0.5277256 0.5368210 0.5620613 0.5686634 0.5502233 0.5580564 0.5768976 0.3554757 0.3495089 0.3470342 0.3578701 1.3159207 1.3401440 1.3401440 
Schlumbergera_truncata_15H03_sty__NC_002815_b_-_coat_protein_CDS 2.7125460 3.1531969 1.9119997 2.0365021 1.9756118 1.9777744 2.7856789 2.7537751 2.9486633 2.0843270 2.6902341 2.0028167 2.6114677 2.5910327 2.7906912 0.0357989 0.0277068 0.0280333 0.0266828 0.0280719 0.0280208 0.0310968 0.0342059 0.0203114 0.0324087 0.0326216 0.0341792 0.0309650 0.0249495 0.0248286 0.0277756 0.0279686 0.0278377 0.0292821 0.0262816 0.0000010 0.0000010 0.0000000 0.0182008 0.0182008 0.0182008 0.0197864 0.0136941 0.0090795 0.6633773 0.7428289 0.7367364 0.7322184 0.7482079 0.7440637 0.7297928 0.7453807 0.7659389 0.7659389 0.7453807 0.7270629 0.6473094 0.7362959 0.7303092 0.7419246 0.7483392 0.7483392 0.7443669 0.7294583 0.7598431 0.0340806 0.6386477 0.7115885 2.5551814 0.0292513 0.7544556 0.5409317 0.4422157 0.4432459 0.5460335 0.5277256 0.5383489 0.5367111 0.5277256 0.5368210 0.5620613 0.5686634 0.5502233 0.5580564 0.5768976 0.3554757 0.3495089 0.3470342 0.3578701 1.3159207 1.3401440 1.3401440 
Schlumbergera_truncata_15H04_pet__NC_002815_-_coat_protein_CDS   2.6754197 3.0400151 1.8710055 1.9518485 1.8940646 1.8961335 2.8179891 2.7855892 2.9551178 1.9936041 2.8179071 1.9399158 2.4441995 2.4370632 2.7367461 0.0357761 0.0277275 0.0280545 0.0250510 0.0280539 0.0280029 0.0310769 0.0341841 0.0203553 0.0324331 0.0326008 0.0341574 0.0309453 0.0249334 0.0232498 0.0277964 0.0279507 0.0278200 0.0293040 0.0262649 0.0182806 0.0182008 0.0182008 0.0000000 0.0000010 0.0000010 0.0029879 0.0015007 0.0090986 0.6636933 0.7263784 0.7204158 0.7169573 0.7313777 0.7273731 0.7186101 0.7288712 0.7489629 0.7489629 0.7288712 0.7037717 0.6428479 0.7127558 0.7069534 0.7307739 0.7317372 0.7317372 0.7331597 0.7131256 0.7429909 0.0340590 0.6389772 0.6858577 2.4313636 0.0292328 0.7377430 0.5421637 0.4447911 0.4458272 0.5532397 0.5348434 0.5455264 0.5438966 0.5348434 0.5440079 0.5694404 0.5760931 0.5574904 0.5654170 0.5617877 0.3577281 0.3517511 0.3492624 0.3601215 1.3064954 1.3230409 1.3230409 
Schlumbergera_truncata_15H04_pol__NC_002815_-_coat_protein_CDS   2.6545088 3.0124650 1.8628749 1.9434060 1.8858408 1.8879038 2.8334270 2.8007702 2.9717966 2.0029087 2.7925200 1.9487953 2.4255021 2.4491334 2.7160723 0.0358260 0.0277275 0.0280545 0.0250862 0.0280932 0.0280420 0.0311203 0.0342318 0.0203553 0.0324331 0.0326462 0.0342050 0.0309883 0.0249684 0.0232498 0.0277964 0.0279897 0.0278586 0.0293040 0.0263013 0.0182806 0.0182008 0.0182008 0.0000010 0.0000000 0.0000010 0.0029879 0.0015007 0.0090986 0.6605513 0.7195668 0.7136436 0.7101920 0.7244228 0.7204664 0.7117015 0.7220404 0.7419866 0.7419866 0.7220404 0.7037717 0.6445158 0.7127558 0.7069534 0.7239142 0.7248745 0.7248745 0.7262716 0.7063350 0.7360532 0.0341063 0.6358873 0.6876724 2.4428174 0.0292732 0.7308486 0.5434653 0.4406305 0.4416544 0.5485737 0.5302430 0.5408822 0.5392480 0.5302430 0.5393583 0.5646574 0.5712756 0.5527834 0.5606471 0.5570809 0.3584478 0.3524560 0.3499581 0.3608455 1.3010780 1.3175615 1.3175615 
