92
KX196173_-_CP_CDS                                                0.0000000 2.7715391 0.6889344 0.6943185 0.6833917 0.6889344 2.9899537 3.0224899 2.5769305 0.6793812 3.0692038 0.6816788 2.3030008 0.6599371 0.7178264 2.6203497 2.6767199 2.5793520 2.6100510 2.6772288 2.7099386 2.6431960 2.6904289 2.5402620 2.7039856 2.7092025 2.7092025 2.7332092 2.6659691 2.6076269 2.7391204 2.7259754 2.7166763 2.7388080 2.7383731 2.7869410 2.7585253 2.7585253 2.7207084 2.6992061 2.6992061 2.7188890 2.6623203 2.7095754 2.6587608 2.4193021 2.5019430 2.4797276 2.3943155 2.4133499 2.3446559 2.3947273 2.5382412 2.5382412 2.3947273 2.2805006 2.7382609 2.3012849 2.2765174 2.4662139 2.5244556 2.5244556 2.4819206 2.4961881 2.4415005 2.7932703 2.7847921 2.8812231 2.1961055 2.7559806 2.3787894 2.3862994 2.3827028 2.3631440 2.4569620 2.3369053 2.3462396 2.3914242 2.3369053 2.3671236 2.3618477 2.3526171 2.2856382 2.3927263 2.5432562 2.6487042 2.5617528 2.5482959 2.7164328 2.4833802 2.4939775 2.4939775 
AY800279_-_coat_protein_CDS                                      2.7715391 0.0000000 2.9639017 2.8932111 2.9177369 2.8660914 0.3952055 0.3992126 0.3445881 2.8047867 0.3168525 2.7989912 3.3604178 3.1156167 2.3461295 3.0007552 3.0606126 2.9245911 3.0455962 3.0448691 3.0855054 2.9305921 3.0805753 2.9642494 3.0757356 3.0912068 3.0912068 3.0124806 2.9698965 2.8946050 3.2014154 3.0801205 3.1498896 3.1583268 3.1686662 3.2462093 3.2089816 3.2089816 3.0933639 3.0651620 3.0651620 3.0725165 3.0871820 3.1101370 3.5550670 3.7638850 3.7371045 3.7074649 3.6951652 3.7293548 3.6546506 3.7228158 3.9818656 3.9818656 3.7228158 3.7362602 3.5242430 3.6548716 3.6116467 3.8553868 3.8991885 3.8991885 3.8855485 3.8415874 3.8010983 3.1328910 3.7069103 3.2114027 1.7367585 3.1863455 3.6573503 2.8287041 3.0845642 3.0553872 3.1680908 3.0512310 3.0457746 3.0637353 3.0512310 3.0184523 3.1277153 2.9086795 2.9423765 3.1114621 3.7093486 3.6543309 3.5368430 3.6116842 3.8291950 3.0279363 2.9744654 2.9744654 
AY863024_-_CP_CDS                                                0.6889344 2.9639017 0.0000000 0.0535297 0.0384835 0.0384882 3.3312722 3.3685001 3.1189690 0.3213065 3.1782288 0.0660564 2.4265194 0.6354332 0.7469636 1.9443915 1.8963510 1.8801016 1.8629491 1.8790516 1.9023373 1.9202854 1.9011697 1.8131095 1.8697870 1.9041397 1.9041397 1.9547537 1.9068877 1.8383202 1.9773057 1.9125033 1.9449578 1.9590105 1.9534520 1.9549267 1.9402370 1.9402370 1.8984425 1.8901748 1.8901748 1.8654460 1.8347515 1.8418607 2.0062425 2.0668016 2.0122031 1.9945059 2.0496244 2.0657981 2.0634419 2.1271382 2.1207595 2.1207595 2.1271382 1.9306838 2.0511641 1.9482563 1.9474806 2.0622495 2.1114714 2.1114714 2.0742532 2.0697605 2.0852764 1.9462377 1.9708309 2.0090552 2.0595347 1.9960147 1.9772613 2.1923358 2.1243747 2.1070243 2.2976415 2.2001535 2.2147701 2.2281737 2.2001535 2.1661826 2.2927373 2.2866409 2.2431588 2.2465194 2.3594993 1.8894493 1.9689615 1.9331256 1.9306427 2.4164181 2.1772914 2.1772914 
FJ822136_-_CP_CDS                                                0.6943185 2.8932111 0.0535297 0.0000000 0.0703226 0.0703304 3.3597459 3.3973785 2.9816609 0.3122847 3.0491215 0.0707131 2.4615275 0.6472787 0.7439468 1.9901323 1.9408785 1.9246202 1.9247559 1.9302933 1.9542402 1.9658087 1.9458637 1.8648066 1.9133188 1.9489513 1.9489513 1.9741280 1.9523779 1.8815878 2.0031339 1.9352633 1.9702720 1.9844709 1.9788728 2.0839046 2.0672700 2.0672700 1.9809492 1.9723661 1.9723661 1.9464468 1.9144417 1.9222118 1.9559438 2.0606504 2.0294621 2.0115855 2.0434465 2.0595811 2.0539341 2.1208066 2.1392421 2.1392421 2.1208066 1.9336155 1.9664853 1.9247193 1.9047327 2.0166949 2.0647250 2.0647250 2.0283224 2.0419569 2.0790732 1.9712189 1.9045976 2.0007775 2.0750754 2.0218660 1.9713647 2.3101651 2.3058543 2.2869758 2.3998806 2.3652960 2.3808389 2.4177181 2.3652960 2.3499190 2.4169184 2.4589275 2.4118083 2.3488253 2.4191502 1.8701358 1.9689765 1.8966976 1.8942245 2.4826162 2.3080689 2.3080689 
GQ179646_-_coat_protein_CDS                                      0.6833917 2.9177369 0.0384835 0.0703226 0.0000000 0.0064621 3.2606299 3.2969035 3.2293175 0.3245836 3.2372978 0.0831688 2.3478425 0.6236180 0.7810090 1.9707150 1.9219370 1.8886005 1.8884278 1.9025305 1.9261466 1.9290529 1.9268548 1.8377840 1.8947820 1.9298945 1.9298945 2.0204339 1.9536053 1.8446595 2.0043930 1.9364650 1.9715017 1.9857094 1.9801087 2.0208028 2.0051205 2.0051205 1.9219646 1.9136026 1.9136026 1.9083348 1.8769248 1.9033198 1.9917611 2.0432209 1.9893322 1.9718335 2.0259772 2.0419684 2.0156109 2.1027622 2.0964845 2.0964845 2.1027622 1.9084283 1.9974905 1.9257876 1.9250233 2.0386732 2.0872554 2.0872554 2.0504764 2.0459356 2.0614620 1.9724323 1.8832738 1.9770113 2.1644895 2.0231291 1.9548601 2.2638725 2.2424928 2.2241419 2.3731567 2.2276020 2.2423920 2.2766589 2.2276020 2.2131154 2.3682302 2.3618431 2.3167235 2.3951030 2.4904201 1.9535054 2.0364297 1.9814139 1.9964561 2.4850893 2.2384460 2.2384460 
GQ179647_-_coat_protein_CDS                                      0.6889344 2.8660914 0.0384882 0.0703304 0.0064621 0.0000000 3.2016680 3.2371834 3.2396185 0.3279409 3.2796356 0.0831775 2.3505149 0.6231974 0.7811085 1.9727983 1.9239776 1.8906274 1.8904720 1.9045700 1.9282059 1.9311139 1.9289017 1.8397833 1.8967847 1.9319459 1.9319459 2.0225858 1.9557106 1.8466396 2.0065270 1.9385335 1.9736025 1.9878181 1.9822157 2.0229609 2.0072487 2.0072487 1.9239993 1.9156314 1.9156314 1.9103631 1.8789283 1.9053589 1.9763503 2.0885006 2.0332429 2.0153606 2.0713853 2.0877287 2.0612234 2.1495745 2.1431042 2.1431042 2.1495745 1.9511470 1.9819577 1.9689187 1.9681323 2.0839447 2.1337611 2.1337611 2.0961348 2.0916888 2.1071922 1.9745047 1.8687654 1.9790805 2.1473606 2.0252597 1.9978634 2.2458338 2.2237893 2.2055862 2.3541886 2.2539953 2.2689371 2.3037209 2.2539953 2.2393298 2.3492632 2.3429455 2.2982080 2.3759473 2.4931166 1.9384097 2.0205864 1.9660802 1.9809754 2.4877832 2.2408418 2.2408418 
KT717325_-_CP_CDS                                                2.9899537 0.3952055 3.3312722 3.3597459 3.2606299 3.2016680 0.0000000 0.0016335 0.3286135 2.6442135 0.4744416 3.1090232 2.8105059 2.9598106 3.0768933 2.8017930 2.9044847 2.7387886 2.7352099 2.8201544 2.8580955 2.7740412 2.8202550 2.7893535 2.8416361 2.7991077 2.7991077 2.7824169 2.7113257 2.7350768 2.8532892 2.7137826 2.7614960 2.8165881 2.7837929 2.8632628 2.8331605 2.8331605 2.8661080 2.8819119 2.8819119 2.8767426 2.8581908 2.8879452 3.5352692 2.8088933 2.9014034 2.8751214 2.6964806 2.7182764 2.6330871 2.7483172 2.9249165 2.9249165 2.7483172 2.7537478 3.5794105 2.7353332 2.7046718 2.9052619 2.9331399 2.9331399 2.9254371 2.9105222 2.8355082 2.8377147 3.3638159 3.3584397 1.8283427 2.8887420 2.8790914 2.5425769 2.7626735 2.7397870 2.9137877 2.8509465 2.8162869 2.8323301 2.8509465 2.8169982 2.9217223 2.8834187 2.9445246 2.8304079 3.2383883 3.0808258 3.2028101 3.2121618 3.1934329 3.6677459 3.6091385 3.6091385 
KU159093_-_coat_protein_CDS                                      3.0224899 0.3992126 3.3685001 3.3973785 3.2969035 3.2371834 0.0016335 0.0000000 0.3250079 2.6471760 0.4699828 3.1433195 2.8405464 2.9631796 3.0803744 2.7696980 2.8707891 2.7070222 2.7031875 2.7873044 2.8248143 2.7419588 2.7877154 2.7563878 2.8089436 2.7668167 2.7668167 2.7504010 2.6798769 2.7033841 2.8203315 2.6825787 2.7297837 2.7842448 2.7518131 2.8300757 2.8005897 2.8005897 2.8330334 2.8485742 2.8485742 2.8433800 2.8249370 2.8541983 3.4929988 2.7768894 2.8680915 2.8421254 2.6656245 2.6871630 2.6027623 2.7171243 2.8913145 2.8913145 2.7171243 2.7219162 3.5361925 2.7038037 2.6735601 2.8718756 2.8993869 2.8993869 2.8917137 2.8770160 2.8031569 2.8053152 3.3238923 3.3186332 1.8302967 2.8556840 2.8461240 2.5695014 2.7936235 2.7704908 2.9450815 2.8183322 2.7842401 2.8000087 2.8183322 2.7848466 2.9532081 2.9144336 2.9762920 2.8607604 3.2737217 3.0450929 3.1653822 3.1745937 3.1561522 3.6233261 3.5655131 3.5655131 
KU697313_-_coat_protein_CDS                                      2.5769305 0.3445881 3.1189690 2.9816609 3.2293175 3.2396185 0.3286135 0.3250079 0.0000000 2.4181678 0.3891156 3.1130506 2.8673371 3.3937541 2.6192417 2.9889274 3.0993467 3.0573847 3.0912057 3.0794614 3.1210268 3.0233564 3.0431442 2.9828419 3.0357185 3.0537093 3.0537093 3.0317131 2.9323512 2.8879416 3.0693670 2.8771799 2.9433125 3.0412002 2.9707788 3.0349992 3.0014004 3.0014004 3.0079556 3.0250429 3.0250429 2.9970773 2.9780040 3.0067841 3.5124411 3.5769776 3.5518031 3.5193586 3.3962259 3.4278278 3.3809141 3.5380038 3.6598406 3.6598406 3.5380038 3.4967193 3.5398731 3.4366125 3.3962872 3.7077304 3.7498723 3.7498723 3.7364588 3.6283506 3.6122513 3.1269975 3.4685353 3.4957801 1.7761530 3.0853853 3.5101990 2.6237590 2.7355256 2.7095464 2.9315103 2.7402649 2.7363497 2.7517997 2.7402649 2.7368041 2.8392341 2.7741881 2.8062532 3.0009958 3.2188568 3.0736560 3.1961848 3.1991906 3.1559224 3.5469947 3.4088653 3.4088653 
LC107515_-_CP_CDS                                                0.6793812 2.8047867 0.3213065 0.3122847 0.3245836 0.3279409 2.6442135 2.6471760 2.4181678 0.0000000 3.0008526 0.3109408 2.1728836 0.5982246 0.6951277 2.0908319 2.1017486 2.0908152 2.0605690 2.0244467 2.0496652 2.0939033 2.0849665 2.0216853 2.0303570 2.0695283 2.0695283 2.0513681 2.0779542 2.0697647 2.0864444 2.0566552 2.0918289 2.0876382 2.0819018 2.1332281 2.1157404 2.1157404 2.0233310 2.0328378 2.0328378 2.0241694 1.9658157 1.9841771 2.4160175 1.8837427 1.8844199 1.8678346 1.8213636 1.8376919 1.7566226 1.8464051 1.9557246 1.9557246 1.8464051 1.7724513 2.4430891 1.7629367 1.7450356 1.8402076 1.9065555 1.9065555 1.8503282 1.8619004 1.8645949 2.0919103 2.4515403 2.3292845 2.1073223 2.0451297 1.8588043 1.8333378 1.7562633 1.7400239 1.9549564 1.8847691 1.8724459 1.8995477 1.8847691 1.8498066 1.9483292 1.8733950 1.8714280 1.8977982 2.1301934 1.8335681 1.8698014 1.8089832 1.8714729 2.8208376 2.8001902 2.8001902 
LC155795_-_CP_CDS                                                3.0692038 0.3168525 3.1782288 3.0491215 3.2372978 3.2796356 0.4744416 0.4699828 0.3891156 3.0008526 0.0000000 3.0640258 3.3739345 3.0495145 2.4095444 2.7749311 2.7945493 2.7417890 2.8149207 2.7402061 2.7878965 2.7556089 2.7194727 2.6551128 2.7313777 2.7945013 2.7945013 2.7456681 2.6783362 2.6289149 2.8420004 2.7349426 2.7826972 2.7758441 2.7677161 2.7642780 2.7361246 2.7361246 2.8664522 2.8404688 2.8404688 2.8199420 2.7874695 2.8151058 3.1588801 3.4943346 3.3524863 3.3222657 3.4440553 3.4717166 3.3633595 3.4568172 3.6077075 3.6077075 3.4568172 3.5189546 3.0491329 3.4980023 3.4572379 3.4014342 3.4344728 3.4344728 3.4265339 3.3804387 3.4943346 2.8517964 3.1487235 3.2478516 1.9532387 2.8415197 3.4345876 2.8002406 2.9561070 2.9317206 3.0309548 2.7750454 2.7418858 2.7970757 2.7750454 2.7712196 2.8808638 2.8114730 2.8436375 2.8491406 3.2245618 3.2345544 3.2089173 3.3549084 3.3413660 3.2855654 3.2030202 3.2030202 
MH423501_-_coat_protein_CDS                                      0.6816788 2.7989912 0.0660564 0.0707131 0.0831688 0.0831775 3.1090232 3.1433195 3.1130506 0.3109408 3.0640258 0.0000000 2.3750850 0.6448526 0.6924586 1.9782458 1.9670456 1.9529069 1.9151473 1.9098820 1.9335772 1.9364909 1.9342412 1.8617931 1.9189396 1.9372983 1.9372983 1.9313260 1.8970841 1.8833879 2.0518283 1.9822423 2.0181078 2.0325280 2.0087300 2.0493632 2.0332515 2.0332515 1.9690934 1.9781704 1.9781704 1.9521902 1.9201235 1.9299972 2.1169233 2.2281109 2.2376015 2.2178751 2.2316281 2.2492480 2.2246895 2.2058318 2.3353920 2.3353920 2.2058318 2.0711258 2.1261717 2.1092714 2.0869861 2.2235359 2.2773155 2.2773155 2.2369669 2.2532365 2.2482367 1.9595473 2.0420363 2.0755246 2.0182471 2.0128629 2.1302110 2.2469860 2.2714950 2.2529407 2.2638790 2.3921400 2.4078360 2.4452436 2.3921400 2.3765843 2.4457074 2.4390389 2.3923925 2.4024198 2.3566651 2.0820540 2.1715911 2.1727666 2.1701464 2.4368533 2.2594221 2.2594221 
CYMRNA_-_coat_protein_CDS                                        2.3030008 3.3604178 2.4265194 2.4615275 2.3478425 2.3505149 2.8105059 2.8405464 2.8673371 2.1728836 3.3739345 2.3750850 0.0000000 2.9735624 2.5697318 2.9340035 2.7655504 2.7073439 2.6864881 2.7355710 2.7407127 2.8592238 2.8500517 2.6380241 2.7263975 2.8294171 2.8294171 2.8165433 2.7819458 2.7232838 2.7587133 2.7066314 2.7274616 2.7355521 2.7396859 2.6826783 2.6566473 2.6566473 2.4859228 2.4666902 2.4666902 2.4931934 2.4701220 2.5733385 3.2036263 2.5470165 2.5335775 2.5300517 2.4441757 2.4509223 2.4317618 2.5121124 2.6129745 2.6129745 2.5121124 2.5241772 3.0357243 2.5466242 2.5195050 2.5689496 2.5691166 2.5691166 2.5851059 2.5303665 2.5972278 2.8056468 2.9003726 3.1617998 2.1845048 2.7700700 2.5281491 3.4557782 3.3883392 3.3611322 3.6424340 3.5579246 3.5649731 3.5911477 3.5579246 3.5722890 3.7065526 3.6038331 3.6048124 3.6423676 3.7058361 3.1699670 3.1563266 3.1592092 3.0458520 2.9042034 3.0001006 3.0001006 
JX524226_-_capsid_protein_CDS                                    0.6599371 3.1156167 0.6354332 0.6472787 0.6236180 0.6231974 2.9598106 2.9631796 3.3937541 0.5982246 3.0495145 0.6448526 2.9735624 0.0000000 0.7250651 2.6181011 2.6088641 2.6042231 2.5356980 2.4716924 2.5103787 2.5980936 2.5709205 2.5989035 2.7465825 2.5653416 2.5852156 2.6511286 2.6143822 2.5443144 2.7657624 2.6721602 2.7032336 2.7653859 2.6925664 2.6598952 2.6344998 2.6344998 2.4773674 2.4897226 2.4897226 2.4845136 2.4904191 2.5300934 2.5552277 2.2140914 2.1845550 2.1494624 2.2052741 2.2118018 2.1632562 2.2488690 2.2890111 2.2890111 2.2488690 2.1417271 2.4506899 2.1217330 2.1208879 2.2700044 2.3008124 2.3008124 2.2834648 2.2881210 2.2567037 2.6437952 2.4212376 2.5863126 2.4196331 2.7043257 2.1547860 2.5651130 2.4236216 2.4044952 2.5488317 2.5024137 2.5117575 2.5492081 2.5024137 2.5115292 2.5255585 2.6159721 2.5441643 2.4597476 2.3225649 2.8346136 2.6596209 2.7229490 2.8479175 2.6558015 2.6067345 2.6067345 
MF978248_-_CP_CDS                                                0.7178264 2.3461295 0.7469636 0.7439468 0.7810090 0.7811085 3.0768933 3.0803744 2.6192417 0.6951277 2.4095444 0.6924586 2.5697318 0.7250651 0.0000000 2.8353729 2.7653102 2.8020070 2.7916586 2.8026262 2.8464100 2.7906231 2.8194804 2.7241022 2.8241585 2.8139604 2.8356897 2.7660160 2.7292576 2.7162110 2.8686261 2.8377892 2.8740153 2.8679633 2.8774212 2.8689400 2.8400850 2.8400850 2.7847974 2.7635288 2.7635288 2.7693291 2.7519516 2.7859214 2.5371950 2.1708213 2.1226849 2.0961130 2.1368872 2.1455303 2.1497844 2.1206597 2.1990451 2.1990451 2.1206597 2.1109153 2.5584482 2.0914035 2.0700142 2.2190842 2.2488389 2.2488389 2.2320048 2.2258796 2.2122177 2.8052152 2.6420697 2.6300136 2.7266605 2.9697934 2.0927174 2.4384193 2.4671131 2.4449274 2.3739210 2.3532273 2.3807317 2.3830483 2.3532273 2.3483156 2.4433682 2.4820832 2.4358123 2.4761971 3.0101741 3.0610920 3.0569606 2.9490134 3.0257271 2.6957885 2.7559644 2.7559644 
AF308158_-_coat_protein_CDS                                      2.6203497 3.0007552 1.9443915 1.9901323 1.9707150 1.9727983 2.8017930 2.7696980 2.9889274 2.0908319 2.7749311 1.9782458 2.9340035 2.6181011 2.8353729 0.0000000 0.0151988 0.0091617 0.0107974 0.0153753 0.0185066 0.0060481 0.0199006 0.0030773 0.0277669 0.0183529 0.0198851 0.0198851 0.0061041 0.0091591 0.0279379 0.0216698 0.0231445 0.0278238 0.0231808 0.0359720 0.0358108 0.0358108 0.0357885 0.0358385 0.0358385 0.0375307 0.0312660 0.0264633 0.6769758 0.7014872 0.6957428 0.6913206 0.7058590 0.7020619 0.6881392 0.7148086 0.7157261 0.7157261 0.7148086 0.6839411 0.6449133 0.6875492 0.6819521 0.7057562 0.7067576 0.7067576 0.7080177 0.6934642 0.7175124 0.0228479 0.6562682 0.7044702 2.6719462 0.0276222 0.7125503 0.5348133 0.4374925 0.4385108 0.5458197 0.5216952 0.5322954 0.5306514 0.5216952 0.5307616 0.5558094 0.5623263 0.5440796 0.5569679 0.5651703 0.3562970 0.3565171 0.3539936 0.3649794 1.3958561 1.4221078 1.4221078 
Hylocereus_polyrhizus_SRR11190795__NC_002815_-_coat_protein_CDS  2.6767199 3.0606126 1.8963510 1.9408785 1.9219370 1.9239776 2.9044847 2.8707891 3.0993467 2.1017486 2.7945493 1.9670456 2.7655504 2.6088641 2.7653102 0.0151988 0.0000000 0.0045319 0.0030495 0.0060730 0.0060622 0.0090672 0.0090504 0.0030631 0.0198316 0.0075350 0.0090433 0.0090578 0.0030347 0.0045386 0.0152515 0.0137752 0.0152583 0.0167567 0.0152819 0.0277983 0.0277136 0.0277136 0.0277348 0.0277348 0.0277348 0.0293797 0.0231866 0.0184455 0.6682915 0.7200707 0.7141670 0.7096673 0.7248708 0.7209050 0.7120555 0.7284675 0.7427411 0.7427411 0.7284675 0.7073749 0.6422193 0.7130261 0.7072131 0.7245152 0.7255369 0.7255369 0.7268764 0.7120163 0.7365998 0.0120839 0.6583204 0.6911373 2.7376719 0.0198513 0.7314732 0.5475851 0.4358929 0.4369056 0.5440255 0.5257684 0.5364310 0.5347872 0.5257684 0.5348985 0.5601289 0.5666948 0.5482993 0.5570716 0.5637449 0.3573437 0.3512932 0.3488046 0.3597261 1.3824209 1.4195294 1.4195294 
Hylocereus_polyrhizus_SRR11190796__NC_002815_-_coat_protein_CDS  2.5793520 2.9245911 1.8801016 1.9246202 1.8886005 1.8906274 2.7387886 2.7070222 3.0573847 2.0908152 2.7417890 1.9529069 2.7073439 2.6042231 2.8020070 0.0091617 0.0045319 0.0000000 0.0000010 0.0045987 0.0061319 0.0030362 0.0076061 0.0000010 0.0169173 0.0060875 0.0076105 0.0091625 0.0000010 0.0015250 0.0154054 0.0123630 0.0138648 0.0169520 0.0154606 0.0281265 0.0280398 0.0280398 0.0280615 0.0280615 0.0280615 0.0297269 0.0234608 0.0186624 0.6491744 0.7061710 0.7055096 0.7009840 0.7087653 0.7068201 0.6926166 0.7145022 0.7286843 0.7286843 0.7145022 0.6932747 0.6218001 0.6988870 0.6931156 0.7105519 0.7115744 0.7115744 0.7128747 0.6980135 0.7225783 0.0122237 0.6424803 0.6716722 2.6920435 0.0200832 0.7174954 0.5278955 0.4291272 0.4291272 0.5329661 0.5147063 0.5253543 0.5236857 0.5147063 0.5237957 0.5489262 0.5554698 0.5371760 0.5458508 0.5481536 0.3506388 0.3446115 0.3421617 0.3530283 1.3650024 1.4019129 1.4019129 
Hylocereus_polyrhizus_SRR11190797__NC_002815_-_coat_protein_CDS  2.6100510 3.0455962 1.8629491 1.9247559 1.8884278 1.8904720 2.7352099 2.7031875 3.0912057 2.0605690 2.8149207 1.9151473 2.6864881 2.5356980 2.7916586 0.0107974 0.0030495 0.0000010 0.0000000 0.0000010 0.0015316 0.0030563 0.0030495 0.0000010 0.0139197 0.0015203 0.0030412 0.0045920 0.0000010 0.0000010 0.0123942 0.0093294 0.0108500 0.0139483 0.0124440 0.0267719 0.0266888 0.0266888 0.0250564 0.0250917 0.0250917 0.0267565 0.0220347 0.0172394 0.6437179 0.7042369 0.7035704 0.7058753 0.7068174 0.7048643 0.6939409 0.7067689 0.7268722 0.7268722 0.7067689 0.6810042 0.6116201 0.6899543 0.6841967 0.7086365 0.7096657 0.7096657 0.7109688 0.6960132 0.7207321 0.0107625 0.6370009 0.6700627 2.6547081 0.0170672 0.7156223 0.5246147 0.4306806 0.4306806 0.5356984 0.5172377 0.5280068 0.5263257 0.5172377 0.5264372 0.5518744 0.5584979 0.5399715 0.5441443 0.5565299 0.3477300 0.3416849 0.3433932 0.3501338 1.3398672 1.3763362 1.3763362 
Hylocereus_polyrhizus_SRR11190798__NC_002815_-_coat_protein_CDS  2.6772288 3.0448691 1.8790516 1.9302933 1.9025305 1.9045700 2.8201544 2.7873044 3.0794614 2.0244467 2.7402061 1.9098820 2.7355710 2.4716924 2.8026262 0.0153753 0.0060730 0.0045987 0.0000010 0.0000000 0.0000010 0.0076168 0.0045524 0.0015496 0.0153705 0.0030227 0.0045342 0.0030318 0.0000010 0.0000010 0.0123167 0.0107813 0.0123051 0.0138405 0.0123465 0.0281661 0.0280791 0.0280791 0.0280615 0.0281008 0.0281008 0.0297688 0.0234937 0.0186885 0.6654414 0.7270689 0.7210498 0.7164804 0.7320798 0.7280125 0.7190505 0.7296599 0.7502054 0.7502054 0.7296599 0.7078772 0.6334990 0.7170113 0.7111080 0.7316207 0.7326589 0.7326589 0.7340420 0.7189310 0.7439425 0.0122234 0.6553981 0.6889497 2.7395247 0.0153666 0.7387040 0.5280634 0.4334649 0.4344795 0.5391055 0.5207368 0.5314575 0.5297926 0.5207368 0.5299039 0.5544435 0.5618395 0.5433769 0.5475510 0.5593302 0.3625569 0.3563985 0.3565905 0.3649691 1.3386027 1.3506148 1.3506148 
Hylocereus_polyrhizus_SRR11190801__NC_002815_-_coat_protein_CDS  2.7099386 3.0855054 1.9023373 1.9542402 1.9261466 1.9282059 2.8580955 2.8248143 3.1210268 2.0496652 2.7878965 1.9335772 2.7407127 2.5103787 2.8464100 0.0185066 0.0060622 0.0061319 0.0015316 0.0000010 0.0000000 0.0091415 0.0060713 0.0030976 0.0169102 0.0045342 0.0060465 0.0030272 0.0000010 0.0015265 0.0122776 0.0107813 0.0123051 0.0138156 0.0123243 0.0281146 0.0280279 0.0280279 0.0280104 0.0280496 0.0280496 0.0297143 0.0234507 0.0186545 0.6785007 0.7410936 0.7349902 0.7303953 0.7464060 0.7422378 0.7332786 0.7437244 0.7645733 0.7645733 0.7437244 0.7219061 0.6461566 0.7311633 0.7251665 0.7457468 0.7467908 0.7467908 0.7482274 0.7329957 0.7582327 0.0137660 0.6683580 0.7023771 2.7732524 0.0169207 0.7529010 0.5363187 0.4410461 0.4420816 0.5474502 0.5289883 0.5397751 0.5381203 0.5289883 0.5382333 0.5629728 0.5704305 0.5517921 0.5560419 0.5678651 0.3688878 0.3626759 0.3628363 0.3713053 1.3542250 1.3664262 1.3664262 
Hylocereus_polyrhizus_SRR11190802__NC_002815_-_coat_protein_CDS  2.6431960 2.9305921 1.9202854 1.9658087 1.9290529 1.9311139 2.7740412 2.7419588 3.0233564 2.0939033 2.7556089 1.9364909 2.8592238 2.5980936 2.7906231 0.0060481 0.0090672 0.0030362 0.0030563 0.0076168 0.0091415 0.0000000 0.0121739 0.0000010 0.0199620 0.0106070 0.0121241 0.0121810 0.0000010 0.0030395 0.0184865 0.0154092 0.0168971 0.0200028 0.0184980 0.0312012 0.0311051 0.0311051 0.0310857 0.0311291 0.0311291 0.0328027 0.0265461 0.0217383 0.6535211 0.7184879 0.7125673 0.7080503 0.7232762 0.7193040 0.7050864 0.7269061 0.7412175 0.7412175 0.7269061 0.6969268 0.6230295 0.7025297 0.6967675 0.7229406 0.7239659 0.7239659 0.7253056 0.7103933 0.7350595 0.0152347 0.6533061 0.6710559 2.7247161 0.0231044 0.7299207 0.5245605 0.4277113 0.4287064 0.5355091 0.5172722 0.5279111 0.5262503 0.5172722 0.5263604 0.5514801 0.5580186 0.5397282 0.5484136 0.5593486 0.3572034 0.3574250 0.3548728 0.3659693 1.3626136 1.3992573 1.3992573 
Hylocereus_undatus_SRR11190791__NC_002815_-_coat_protein_CDS     2.6904289 3.0805753 1.9011697 1.9458637 1.9268548 1.9289017 2.8202550 2.7877154 3.0431442 2.0849665 2.7194727 1.9342412 2.8500517 2.5709205 2.8194804 0.0199006 0.0090504 0.0076061 0.0030495 0.0045524 0.0060713 0.0121739 0.0000000 0.0061757 0.0198936 0.0000010 0.0000010 0.0090713 0.0045732 0.0045593 0.0184230 0.0153838 0.0168694 0.0199341 0.0169028 0.0343214 0.0342156 0.0342156 0.0341943 0.0342420 0.0342420 0.0359266 0.0296695 0.0248444 0.6891829 0.7282257 0.7222543 0.7177242 0.7332148 0.7291769 0.7202979 0.7307964 0.7511775 0.7511775 0.7307964 0.7052388 0.6527079 0.7142803 0.7084395 0.7327443 0.7337735 0.7337735 0.7351481 0.7201653 0.7449661 0.0151829 0.6740101 0.7185067 2.7222209 0.0230250 0.7397686 0.5382638 0.4404907 0.4415178 0.5520195 0.5309813 0.5417118 0.5400703 0.5309813 0.5401829 0.5656111 0.5722288 0.5536723 0.5579109 0.5634815 0.3651199 0.3589865 0.3591640 0.3675161 1.3904162 1.4040654 1.4040654 
Hylocereus_undatus_SRR11190792__NC_002815_-_coat_protein_CDS     2.5402620 2.9642494 1.8131095 1.8648066 1.8377840 1.8397833 2.7893535 2.7563878 2.9828419 2.0216853 2.6551128 1.8617931 2.6380241 2.5989035 2.7241022 0.0030773 0.0030631 0.0000010 0.0000010 0.0015496 0.0030976 0.0000010 0.0061757 0.0000000 0.0015293 0.0046274 0.0061708 0.0061794 0.0000010 0.0000010 0.0077383 0.0062104 0.0061899 0.0092747 0.0077507 0.0203776 0.0203146 0.0203146 0.0203589 0.0203589 0.0203589 0.0220044 0.0157109 0.0109201 0.6291768 0.6899367 0.6840992 0.6795806 0.6941910 0.6903702 0.6794777 0.6981842 0.7122455 0.7122455 0.6981842 0.6826671 0.6099117 0.6882660 0.6825096 0.6942383 0.6952598 0.6952598 0.6965143 0.6816670 0.7061919 0.0108414 0.6172593 0.6674666 2.6166250 0.0108408 0.7011588 0.5139062 0.4067778 0.4077297 0.5108554 0.4926287 0.5032227 0.5015071 0.4926287 0.5016142 0.5264724 0.5371475 0.5190203 0.5200030 0.5202892 0.3357351 0.3329473 0.3335499 0.3413820 1.3196372 1.3647249 1.3647249 
Hylocereus_undatus_SRR11190793__NC_002815_-_coat_protein_CDS     2.7039856 3.0757356 1.8697870 1.9133188 1.8947820 1.8967847 2.8416361 2.8089436 3.0357185 2.0303570 2.7313777 1.9189396 2.7263975 2.7465825 2.8241585 0.0277669 0.0198316 0.0169173 0.0139197 0.0153705 0.0169102 0.0199620 0.0198936 0.0015293 0.0000000 0.0183463 0.0198781 0.0198781 0.0138513 0.0122343 0.0152161 0.0153145 0.0152437 0.0167178 0.0168267 0.0325623 0.0324176 0.0324176 0.0324425 0.0324425 0.0324425 0.0341082 0.0278980 0.0231503 0.6716315 0.7416806 0.7356300 0.7310769 0.7469558 0.7428225 0.7339479 0.7442888 0.7649576 0.7649576 0.7442888 0.7256826 0.6552671 0.7348995 0.7289251 0.7462949 0.7473296 0.7473296 0.7487550 0.7336601 0.7586723 0.0261003 0.6567902 0.7054372 2.6428217 0.0213610 0.7533861 0.5487286 0.4447762 0.4458157 0.5451600 0.5268805 0.5375581 0.5359148 0.5268805 0.5360264 0.5612954 0.5768466 0.5582035 0.5573358 0.5768159 0.3621045 0.3560314 0.3597544 0.3644842 1.3619591 1.3983023 1.3983023 
Hylocereus_undatus_SRR11190799__NC_002815_-_coat_protein_CDS     2.7092025 3.0912068 1.9041397 1.9489513 1.9298945 1.9319459 2.7991077 2.7668167 3.0537093 2.0695283 2.7945013 1.9372983 2.8294171 2.5653416 2.8139604 0.0183529 0.0075350 0.0060875 0.0015203 0.0030227 0.0045342 0.0106070 0.0000010 0.0046274 0.0183463 0.0000000 0.0000010 0.0075524 0.0030457 0.0030364 0.0168720 0.0138324 0.0153215 0.0183836 0.0168895 0.0327312 0.0326305 0.0326305 0.0326102 0.0326556 0.0326556 0.0343331 0.0280819 0.0232699 0.6846822 0.7351886 0.7291641 0.7246126 0.7403360 0.7362402 0.7273448 0.7377841 0.7583571 0.7583571 0.7377841 0.7121457 0.6532043 0.7212648 0.7153670 0.7397662 0.7408005 0.7408005 0.7422041 0.7271318 0.7520937 0.0151989 0.6745351 0.7138470 2.7444750 0.0214701 0.7468398 0.5388778 0.4416395 0.4426712 0.5507570 0.5323579 0.5431122 0.5414704 0.5323579 0.5415834 0.5670767 0.5737111 0.5551033 0.5593593 0.5683779 0.3654731 0.3593322 0.3595082 0.3678713 1.3880692 1.4016891 1.4016891 
Hylocereus_undatus_SRR11190800__NC_002815_-_coat_protein_CDS     2.7092025 3.0912068 1.9041397 1.9489513 1.9298945 1.9319459 2.7991077 2.7668167 3.0537093 2.0695283 2.7945013 1.9372983 2.8294171 2.5852156 2.8356897 0.0198851 0.0090433 0.0076105 0.0030412 0.0045342 0.0060465 0.0121241 0.0000010 0.0061708 0.0198781 0.0000010 0.0000000 0.0090642 0.0045698 0.0045555 0.0184085 0.0153717 0.0168562 0.0199185 0.0168895 0.0342944 0.0341888 0.0341888 0.0341675 0.0342152 0.0342152 0.0358983 0.0296461 0.0248248 0.6879021 0.7411713 0.7351101 0.7305475 0.7464475 0.7423085 0.7334133 0.7437838 0.7644877 0.7644877 0.7437838 0.7181171 0.6563568 0.7272892 0.7213512 0.7457923 0.7468290 0.7468290 0.7482557 0.7331309 0.7581912 0.0151710 0.6777392 0.7171566 2.7263389 0.0230070 0.7528967 0.5443360 0.4458662 0.4469105 0.5555021 0.5370365 0.5478358 0.5461985 0.5370365 0.5463126 0.5719420 0.5786116 0.5598909 0.5641913 0.5740313 0.3678169 0.3616656 0.3618297 0.3702134 1.3880692 1.4016891 1.4016891 
Hylocereus_undatus_SRR11603182__NC_002815_-_coat_protein_CDS     2.7332092 3.0124806 1.9547537 1.9741280 2.0204339 2.0225858 2.7824169 2.7504010 3.0317131 2.0513681 2.7456681 1.9313260 2.8165433 2.6511286 2.7660160 0.0198851 0.0090578 0.0091625 0.0045920 0.0030318 0.0030272 0.0121810 0.0090713 0.0061794 0.0198781 0.0075524 0.0090642 0.0000000 0.0000010 0.0045555 0.0152873 0.0138133 0.0153004 0.0167959 0.0153242 0.0311117 0.0309731 0.0309731 0.0309539 0.0309969 0.0309969 0.0326629 0.0264329 0.0216761 0.6743868 0.7272439 0.7212889 0.7167686 0.7322031 0.7281796 0.7193166 0.7298072 0.7501293 0.7501293 0.7298072 0.7042998 0.6433250 0.7133169 0.7074928 0.7317473 0.7327742 0.7327742 0.7341426 0.7191954 0.7439352 0.0151710 0.6747335 0.6979583 2.6650728 0.0198706 0.7387537 0.5404386 0.4450517 0.4460920 0.5473946 0.5331439 0.5439079 0.5422666 0.5331439 0.5423798 0.5678981 0.5745382 0.5559112 0.5601750 0.5717886 0.3561276 0.3501057 0.3503267 0.3585017 1.3641405 1.4005833 1.4005833 
Hylocereus_undatus_SRR11603183__NC_002815_-_coat_protein_CDS     2.6659691 2.9698965 1.9068877 1.9523779 1.9536053 1.9557106 2.7113257 2.6798769 2.9323512 2.0779542 2.6783362 1.8970841 2.7819458 2.6143822 2.7292576 0.0061041 0.0030347 0.0000010 0.0000010 0.0000010 0.0000010 0.0000010 0.0045732 0.0000010 0.0138513 0.0030457 0.0045698 0.0000010 0.0000000 0.0000010 0.0092360 0.0076996 0.0092107 0.0107622 0.0092416 0.0250677 0.0249552 0.0249552 0.0249396 0.0249745 0.0249745 0.0266310 0.0203578 0.0155700 0.6516912 0.7085902 0.7026917 0.6981677 0.7131991 0.7092738 0.6983976 0.7169609 0.7312075 0.7312075 0.7169609 0.6888206 0.6210629 0.6944160 0.6886624 0.7129970 0.7140229 0.7140229 0.7153344 0.7004232 0.7250741 0.0091660 0.6502365 0.6772255 2.5953109 0.0138528 0.7199665 0.5167149 0.4200584 0.4210378 0.5276327 0.5093942 0.5200222 0.5183436 0.5093942 0.5184528 0.5434981 0.5500202 0.5318051 0.5396317 0.5554982 0.3495552 0.3467408 0.3484445 0.3552167 1.3004605 1.3458065 1.3458065 
Hylocereus_undatus_SRR11603184__NC_002815_-_coat_protein_CDS     2.6076269 2.8946050 1.8383202 1.8815878 1.8446595 1.8466396 2.7350768 2.7033841 2.8879416 2.0697647 2.6289149 1.8833879 2.7232838 2.5443144 2.7162110 0.0091591 0.0045386 0.0015250 0.0000010 0.0000010 0.0015265 0.0030395 0.0045593 0.0000010 0.0122343 0.0030364 0.0045555 0.0045555 0.0000010 0.0000000 0.0091914 0.0061374 0.0076480 0.0107104 0.0092097 0.0249451 0.0248338 0.0248338 0.0232549 0.0232549 0.0232549 0.0264591 0.0202262 0.0155158 0.6567691 0.7098059 0.7039079 0.6993873 0.7144343 0.7105053 0.7015729 0.7181782 0.7324264 0.7324264 0.7181782 0.6946381 0.6307503 0.7002503 0.6944788 0.7142160 0.7152414 0.7152414 0.7165556 0.7016522 0.7262925 0.0106764 0.6499554 0.6875280 2.5541255 0.0138050 0.7211835 0.5205240 0.4184350 0.4194076 0.5255716 0.5073984 0.5179852 0.5163081 0.5073984 0.5164166 0.5413510 0.5478449 0.5297165 0.5356481 0.5336632 0.3514459 0.3486307 0.3503302 0.3571037 1.3211525 1.3565734 1.3565734 
Hylocereus_undatus_SRR11603186__NC_002815_-_coat_protein_CDS     2.7391204 3.2014154 1.9773057 2.0031339 2.0043930 2.0065270 2.8532892 2.8203315 3.0693670 2.0864444 2.8420004 2.0518283 2.7587133 2.7657624 2.8686261 0.0279379 0.0152515 0.0154054 0.0123942 0.0123167 0.0122776 0.0184865 0.0184230 0.0077383 0.0152161 0.0168720 0.0184085 0.0152873 0.0092360 0.0091914 0.0000000 0.0000010 0.0000010 0.0000010 0.0000010 0.0279053 0.0277814 0.0277814 0.0278027 0.0278027 0.0278027 0.0294519 0.0232436 0.0185162 0.6682086 0.7426549 0.7365797 0.7320106 0.7479675 0.7438144 0.7252248 0.7452738 0.7660260 0.7660260 0.7452738 0.7266107 0.6636856 0.7358657 0.7298657 0.7472904 0.7483285 0.7483285 0.7497621 0.7346122 0.7597168 0.0230901 0.6811125 0.7145598 2.7457880 0.0090350 0.7544080 0.5577656 0.4509369 0.4519973 0.5629337 0.5443155 0.5552133 0.5535788 0.5443155 0.5536947 0.5748670 0.5863470 0.5674003 0.5747532 0.5796318 0.3566104 0.3505756 0.3480966 0.3557711 1.4008393 1.4036015 1.4036015 
Hylocereus_undatus_SRR11603187__NC_002815_-_coat_protein_CDS     2.7259754 3.0801205 1.9125033 1.9352633 1.9364650 1.9385335 2.7137826 2.6825787 2.8771799 2.0566552 2.7349426 1.9822423 2.7066314 2.6721602 2.8377892 0.0216698 0.0137752 0.0123630 0.0093294 0.0107813 0.0107813 0.0154092 0.0153838 0.0062104 0.0153145 0.0138324 0.0153717 0.0138133 0.0076996 0.0061374 0.0000010 0.0000000 0.0000010 0.0000010 0.0000010 0.0281008 0.0279752 0.0279752 0.0279577 0.0279967 0.0279967 0.0296581 0.0234064 0.0186455 0.6444589 0.7272278 0.7212353 0.7166865 0.7322187 0.7281693 0.7097132 0.7357622 0.7502608 0.7502608 0.7357622 0.7075139 0.6351142 0.7132113 0.7073507 0.7317598 0.7327933 0.7327933 0.7341705 0.7191279 0.7440263 0.0200345 0.6515460 0.6844165 2.7126517 0.0075493 0.7388112 0.5324696 0.4345025 0.4355214 0.5435555 0.5251430 0.5358959 0.5342369 0.5251430 0.5343492 0.5551539 0.5664092 0.5478627 0.5604507 0.5733936 0.3548493 0.3487736 0.3462857 0.3507737 1.3542627 1.3690430 1.3690430 
Hylocereus_undatus_SRR11603189__NC_002815_-_coat_protein_CDS     2.7166763 3.1498896 1.9449578 1.9702720 1.9715017 1.9736025 2.7614960 2.7297837 2.9433125 2.0918289 2.7826972 2.0181078 2.7274616 2.7032336 2.8740153 0.0231445 0.0152583 0.0138648 0.0108500 0.0123051 0.0123051 0.0168971 0.0168694 0.0061899 0.0152437 0.0153215 0.0168562 0.0153004 0.0092107 0.0076480 0.0000010 0.0000010 0.0000000 0.0000010 0.0000010 0.0279684 0.0278440 0.0278440 0.0278267 0.0278653 0.0278653 0.0295184 0.0232962 0.0185580 0.6602793 0.7355593 0.7295306 0.7249769 0.7407164 0.7366166 0.7181139 0.7441556 0.7587445 0.7587445 0.7441556 0.7158963 0.6508874 0.7216333 0.7157310 0.7401411 0.7411759 0.7411759 0.7425814 0.7275009 0.7524770 0.0215081 0.6675667 0.7009928 2.7323414 0.0075149 0.7472190 0.5436092 0.4448660 0.4459117 0.5548004 0.5362878 0.5471141 0.5454711 0.5362878 0.5455853 0.5665815 0.5779540 0.5591960 0.5719674 0.5802479 0.3556010 0.3495497 0.3470683 0.3515403 1.3665176 1.3814016 1.3814016 
Hylocereus_undatus_SRR11603190__NC_002815_-_coat_protein_CDS     2.7388080 3.1583268 1.9590105 1.9844709 1.9857094 1.9878181 2.8165881 2.7842448 3.0412002 2.0876382 2.7758441 2.0325280 2.7355521 2.7653859 2.8679633 0.0278238 0.0167567 0.0169520 0.0139483 0.0138405 0.0138156 0.0200028 0.0199341 0.0092747 0.0167178 0.0183836 0.0199185 0.0167959 0.0107622 0.0107104 0.0000010 0.0000010 0.0000010 0.0000000 0.0000010 0.0294193 0.0292888 0.0292888 0.0293112 0.0293112 0.0293112 0.0309636 0.0247628 0.0200349 0.6628436 0.7423276 0.7362640 0.7317030 0.7476249 0.7434806 0.7249255 0.7449415 0.7656567 0.7656567 0.7449415 0.7263087 0.6583236 0.7355450 0.7295573 0.7469536 0.7479901 0.7479901 0.7494202 0.7342969 0.7593579 0.0229968 0.6756032 0.7087550 2.7528773 0.0089996 0.7540590 0.5534607 0.4487605 0.4498117 0.5585924 0.5401051 0.5509209 0.5492885 0.5401051 0.5494030 0.5703982 0.5817768 0.5630037 0.5702760 0.5797281 0.3584898 0.3524539 0.3499662 0.3544339 1.3779538 1.3806538 1.3806538 
Hylocereus_undatus_SRR11603191__NC_002815_-_coat_protein_CDS     2.7383731 3.1686662 1.9534520 1.9788728 1.9801087 1.9822157 2.7837929 2.7518131 2.9707788 2.0819018 2.7677161 2.0087300 2.7396859 2.6925664 2.8774212 0.0231808 0.0152819 0.0154606 0.0124440 0.0123465 0.0123243 0.0184980 0.0169028 0.0077507 0.0168267 0.0168895 0.0168895 0.0153242 0.0092416 0.0092097 0.0000010 0.0000010 0.0000010 0.0000010 0.0000000 0.0264046 0.0262871 0.0262871 0.0262708 0.0263073 0.0263073 0.0279543 0.0217347 0.0170049 0.6634149 0.7331858 0.7355110 0.7285464 0.7382943 0.7342098 0.7157234 0.7417625 0.7563215 0.7563215 0.7417625 0.7135113 0.6594849 0.7192363 0.7133466 0.7377524 0.7387866 0.7387866 0.7401837 0.7251169 0.7500652 0.0199724 0.6653203 0.7043733 2.6888279 0.0075263 0.7448210 0.5362906 0.4391178 0.4401445 0.5481543 0.5297604 0.5405084 0.5388614 0.5297604 0.5389740 0.5597913 0.5710597 0.5524842 0.5651082 0.5655355 0.3552605 0.3492168 0.3467401 0.3512055 1.3675958 1.3663799 1.3663799 
Schlumbergera_truncata_15H03_pol__NC_002815_-_coat_protein_CDS   2.7869410 3.2462093 1.9549267 2.0839046 2.0208028 2.0229609 2.8632628 2.8300757 3.0349992 2.1332281 2.7642780 2.0493632 2.6826783 2.6598952 2.8689400 0.0359720 0.0277983 0.0281265 0.0267719 0.0281661 0.0281146 0.0312012 0.0343214 0.0203776 0.0325623 0.0327312 0.0342944 0.0311117 0.0250677 0.0249451 0.0279053 0.0281008 0.0279684 0.0294193 0.0264046 0.0000000 0.0000010 0.0000010 0.0182829 0.0182829 0.0182829 0.0198761 0.0137557 0.0090939 0.6750518 0.7563523 0.7501537 0.7455328 0.7619986 0.7577192 0.7431645 0.7590258 0.7802104 0.7802104 0.7590258 0.7402749 0.6585285 0.7497094 0.7435792 0.7555436 0.7621654 0.7621654 0.7580628 0.7427681 0.7737882 0.0342437 0.6498385 0.7244787 2.6445141 0.0293886 0.7683484 0.5494650 0.4486343 0.4496919 0.5546090 0.5360763 0.5469139 0.5452687 0.5360763 0.5453830 0.5710960 0.5777868 0.5590084 0.5670834 0.5859054 0.3594133 0.3533199 0.3508050 0.3618076 1.3380790 1.3630895 1.3630895 
Schlumbergera_truncata_15H03_sty__NC_002815_a_-_coat_protein_CDS 2.7585253 3.2089816 1.9402370 2.0672700 2.0051205 2.0072487 2.8331605 2.8005897 3.0014004 2.1157404 2.7361246 2.0332515 2.6566473 2.6344998 2.8400850 0.0358108 0.0277136 0.0280398 0.0266888 0.0280791 0.0280279 0.0311051 0.0342156 0.0203146 0.0324176 0.0326305 0.0341888 0.0309731 0.0249552 0.0248338 0.0277814 0.0279752 0.0278440 0.0292888 0.0262871 0.0000010 0.0000000 0.0000010 0.0182032 0.0182032 0.0182032 0.0197891 0.0136955 0.0090800 0.6689560 0.7491601 0.7430453 0.7384657 0.7546134 0.7504135 0.7359938 0.7517970 0.7726914 0.7726914 0.7517970 0.7331497 0.6526016 0.7424603 0.7364177 0.7483476 0.7548826 0.7548826 0.7508205 0.7356821 0.7663469 0.0340911 0.6440325 0.7177349 2.5980980 0.0292584 0.7609927 0.5449184 0.4450595 0.4461009 0.5500172 0.5316479 0.5423842 0.5407435 0.5316479 0.5408562 0.5662975 0.5729171 0.5543516 0.5623196 0.5809710 0.3569610 0.3509204 0.3484374 0.3593404 1.3317081 1.3564643 1.3564643 
Schlumbergera_truncata_15H03_sty__NC_002815_b_-_coat_protein_CDS 2.7585253 3.2089816 1.9402370 2.0672700 2.0051205 2.0072487 2.8331605 2.8005897 3.0014004 2.1157404 2.7361246 2.0332515 2.6566473 2.6344998 2.8400850 0.0358108 0.0277136 0.0280398 0.0266888 0.0280791 0.0280279 0.0311051 0.0342156 0.0203146 0.0324176 0.0326305 0.0341888 0.0309731 0.0249552 0.0248338 0.0277814 0.0279752 0.0278440 0.0292888 0.0262871 0.0000010 0.0000010 0.0000000 0.0182032 0.0182032 0.0182032 0.0197891 0.0136955 0.0090800 0.6689560 0.7491601 0.7430453 0.7384657 0.7546134 0.7504135 0.7359938 0.7517970 0.7726914 0.7726914 0.7517970 0.7331497 0.6526016 0.7424603 0.7364177 0.7483476 0.7548826 0.7548826 0.7508205 0.7356821 0.7663469 0.0340911 0.6440325 0.7177349 2.5980980 0.0292584 0.7609927 0.5449184 0.4450595 0.4461009 0.5500172 0.5316479 0.5423842 0.5407435 0.5316479 0.5408562 0.5662975 0.5729171 0.5543516 0.5623196 0.5809710 0.3569610 0.3509204 0.3484374 0.3593404 1.3317081 1.3564643 1.3564643 
Schlumbergera_truncata_15H04_pet__NC_002815_-_coat_protein_CDS   2.7207084 3.0933639 1.8984425 1.9809492 1.9219646 1.9239993 2.8661080 2.8330334 3.0079556 2.0233310 2.8664522 1.9690934 2.4859228 2.4773674 2.7847974 0.0357885 0.0277348 0.0280615 0.0250564 0.0280615 0.0280104 0.0310857 0.0341943 0.0203589 0.0324425 0.0326102 0.0341675 0.0309539 0.0249396 0.0232549 0.0278027 0.0279577 0.0278267 0.0293112 0.0262708 0.0182829 0.0182032 0.0182032 0.0000000 0.0000010 0.0000010 0.0029880 0.0015007 0.0090992 0.6692460 0.7326043 0.7266224 0.7230851 0.7376727 0.7336145 0.7247596 0.7351807 0.7556000 0.7556000 0.7351807 0.7096685 0.6480717 0.7187254 0.7128704 0.7371423 0.7381707 0.7381707 0.7395580 0.7192467 0.7493814 0.0340699 0.6443343 0.6917346 2.4717669 0.0292403 0.7441698 0.5461292 0.4476676 0.4487149 0.5572980 0.5388397 0.5496370 0.5480043 0.5388397 0.5481185 0.5737545 0.5804258 0.5616952 0.5697580 0.5657693 0.3592344 0.3531829 0.3506857 0.3616126 1.3221824 1.3391917 1.3391917 
Schlumbergera_truncata_15H04_pol__NC_002815_-_coat_protein_CDS   2.6992061 3.0651620 1.8901748 1.9723661 1.9136026 1.9156314 2.8819119 2.8485742 3.0250429 2.0328378 2.8404688 1.9781704 2.4666902 2.4897226 2.7635288 0.0358385 0.0277348 0.0280615 0.0250917 0.0281008 0.0280496 0.0311291 0.0342420 0.0203589 0.0324425 0.0326556 0.0342152 0.0309969 0.0249745 0.0232549 0.0278027 0.0279967 0.0278653 0.0293112 0.0263073 0.0182829 0.0182032 0.0182032 0.0000010 0.0000000 0.0000010 0.0029880 0.0015007 0.0090992 0.6660831 0.7257029 0.7197615 0.7162312 0.7306255 0.7266163 0.7177599 0.7282597 0.7485314 0.7485314 0.7282597 0.7096685 0.6497607 0.7187254 0.7128704 0.7301916 0.7312170 0.7312170 0.7325785 0.7123662 0.7423516 0.0341173 0.6412246 0.6935732 2.4834957 0.0292807 0.7371845 0.5474460 0.4434395 0.4444743 0.5525512 0.5341596 0.5449118 0.5432747 0.5341596 0.5433879 0.5688876 0.5755235 0.5569059 0.5649045 0.5609817 0.3599592 0.3538926 0.3513862 0.3623417 1.3166869 1.3336320 1.3336320 
