92
Clover_yellow_mosaic_virus                  0.0000000 1.9592868 1.9496831 1.9747135 2.0763535 1.9272789 1.8989044 1.9919707 1.8590989 1.9220765 1.8900181 1.9713373 1.9657803 1.9489704 1.9707932 1.9806714 2.1451377 2.1707146 2.1460899 2.2313609 2.2370231 2.2812522 2.2660234 1.9440940 1.9309980 2.1172528 1.9758884 2.1905198 1.9783783 2.3378548 2.2199493 2.2199493 2.1771174 2.1896459 2.1685823 2.2499168 2.2575805 2.1763251 2.1617008 2.1791174 2.2446984 2.2220992 2.2192293 2.2251920 2.2261754 2.2246091 2.2441219 2.2426142 1.4303130 2.1410032 2.1505127 2.1727834 2.0456670 2.0554337 2.1125684 1.3513376 2.1639612 1.3286623 2.1299713 2.1363326 2.1441778 2.1434629 2.1431897 2.2666554 1.5696147 2.2638762 2.2850851 2.1886036 2.2809072 2.2767390 2.2591703 2.2439401 2.2396433 2.2537102 2.1518509 2.2347985 2.2688383 1.5251692 2.1142232 2.1675169 2.2379700 2.3760904 2.2035698 2.2137990 2.1427824 2.2464852 2.2726877 2.2534712 2.2511929 2.2735867 2.2770792 2.2792235 
Hydrangea_ringspot_virus                    1.9592868 0.0000000 1.2020822 1.3745972 1.3198691 1.3389543 1.3372417 1.6910237 1.7442533 1.5933944 1.5653772 1.5501308 1.5829411 1.5740755 1.5998898 1.6207732 1.7564201 1.7317905 1.7152830 1.7846121 1.8267218 1.7890481 1.8400427 1.5999724 1.5815442 1.7603437 1.6159513 1.8156957 1.6144991 1.7510972 1.7719218 1.7719218 1.7112836 1.7054997 1.6977655 1.7704459 1.7568849 1.7063223 1.7137381 1.7145093 1.7717298 1.7368005 1.7360668 1.7432715 1.7546362 1.7505539 1.7502757 1.7502757 1.3210466 1.5707461 1.5842812 1.5905316 1.5778110 1.5788536 1.6539180 1.3093161 1.6508533 1.3428609 1.6187166 1.6129473 1.6206685 1.6117741 1.6099792 1.6932920 1.5218931 1.7323384 1.6553173 1.6149999 1.6816414 1.6706414 1.6911782 1.6867958 1.6852372 1.6883264 1.6301975 1.6866297 1.6739088 1.3698001 1.5818605 1.6078138 1.6560619 1.7309176 1.6350893 1.6423183 1.5934403 1.6652075 1.6744558 1.6542104 1.6495434 1.6737572 1.6723069 1.6737572 
Plantago_asiatica_mosaic_virus__KU697313    1.9496831 1.2020822 0.0000000 0.3931057 0.4100349 0.3982580 0.3901182 1.9606480 2.1819607 1.9505341 1.7892194 1.8162419 1.8399154 1.8540786 1.8922674 1.8901147 2.1425530 2.0935904 2.0856237 2.0953949 2.1710475 2.1123059 2.1420332 1.8817023 1.8691243 2.0240895 1.8546318 2.0794810 1.8746398 2.1724302 2.0374705 2.0374705 1.9562560 1.9763493 1.9750117 2.0354183 2.0447669 1.9504849 1.9468998 1.9527566 2.0389867 2.0308636 2.0276178 2.0113236 2.0205714 2.0214049 2.0284913 2.0284913 1.6790138 1.8178396 1.8297608 1.7872683 1.7709196 1.8152568 1.8734946 1.6236321 1.8710092 1.6026377 1.8667655 1.8666137 1.8741631 1.8657601 1.8602477 1.9051957 1.7574648 1.9173141 1.8959278 1.8517596 1.9115096 1.9041938 1.9245574 1.9051020 1.9011259 1.9055240 1.8000439 1.8866432 1.8520466 1.7043083 1.7575650 1.8064841 1.8742200 1.9906900 1.8186912 1.8377223 1.8069407 1.8692758 1.8679061 1.8485689 1.8478929 1.8918994 1.8909087 1.8926877 
Nandina_mosaic_virus                        1.9747135 1.3745972 0.3931057 0.0000000 0.3888866 0.4146793 0.4070467 2.1886675 2.2020221 1.9471075 1.8806711 1.8917994 1.9289790 1.8814474 1.8982458 1.9192888 2.1060931 2.0487344 2.0682146 2.0854175 2.1741469 2.1482059 2.1915456 1.9214770 1.9103524 2.0494926 1.8955580 2.1280738 1.9014665 2.4205881 2.2065060 2.2065060 2.1707821 2.1689659 2.1542115 2.2260488 2.2369193 2.1480700 2.1436786 2.1472610 2.2192894 2.2042832 2.2034246 2.1918651 2.2093791 2.2069962 2.1987738 2.1987738 1.8218647 1.8152262 1.8219745 1.7779139 1.7261325 1.7621373 1.8640441 1.5802275 1.8683490 1.6419083 1.8569436 1.8634786 1.8697605 1.8526877 1.8527677 2.1427786 1.8349954 2.1434331 2.0437510 2.0309476 2.0654764 2.0500898 2.1426313 2.1075073 2.1077243 2.1289256 2.0533594 2.1061017 2.0685047 1.9731756 1.9713209 2.0349035 2.0912124 2.2652898 2.0453775 2.0433970 1.9967854 2.0729313 2.0794593 2.0533138 2.0528830 2.0889401 2.0876806 2.0897806 
Plantago_asiatica_mosaic_virus__LC155795    2.0763535 1.3198691 0.4100349 0.3888866 0.0000000 0.4315110 0.4253858 2.0538680 2.0464156 1.8732253 1.8252602 1.8567828 1.8905128 1.8934073 1.9185123 1.9522631 2.1523934 2.1426565 2.1202780 2.1365934 2.2719125 2.1614985 2.2276816 1.9060363 1.9060387 2.0441561 1.9115655 2.1087398 1.9365252 2.3156477 2.1697898 2.1697898 2.1064451 2.1214962 2.1223730 2.1774067 2.1606783 2.0857299 2.0821607 2.0896877 2.1738067 2.1765300 2.1733829 2.1528114 2.1656314 2.1633063 2.1647988 2.1647988 1.7509670 1.8510651 1.8685386 1.8387599 1.8116786 1.8205986 1.9036206 1.9865628 1.8684862 1.9283165 1.8858928 1.8794936 1.8870304 1.8791525 1.8783159 2.1029292 2.1051032 2.1173442 1.9461870 1.8937969 1.9165019 1.9085650 1.9922334 1.9711809 1.9653659 1.9760855 1.8981464 1.9541115 1.9601595 1.8732690 1.8603003 1.8956144 1.9752887 2.0914811 1.9219113 1.9439332 1.9067510 1.9480793 1.9820267 1.9739641 1.9734581 1.9623195 1.9632566 1.9651471 
Plantago_asiatica_mosaic_virus__KT717325    1.9272789 1.3389543 0.3982580 0.4146793 0.4315110 0.0000000 0.0133263 2.1206382 2.1010759 1.9437907 1.8329988 1.7715616 1.7925194 1.7736711 1.8411108 1.8278266 2.2282681 2.2102059 2.2210839 2.1207532 2.1533854 2.1265785 2.1650163 1.8842841 1.8839546 2.0083025 1.8575573 2.0960669 1.8877882 2.2163388 2.1156612 2.1156612 2.0622563 2.0489545 2.0524602 2.1002354 2.0799068 2.0297386 2.0239058 2.0370869 2.1150755 2.0979477 2.0945606 2.1072183 2.1148176 2.1157653 2.0984584 2.0984584 1.7233525 1.8117096 1.8148849 1.8390340 1.7684693 1.8076750 1.8820068 1.6485996 1.9053336 1.6857713 1.8487374 1.8680592 1.8749555 1.8478673 1.8479786 2.1039574 1.9896016 2.1164045 2.0211158 1.9678926 2.0380904 2.0287138 2.0652484 2.0072763 2.0020876 2.0066635 1.9548501 2.0015393 2.0205271 1.8633976 1.9240827 1.9289314 2.0294987 2.1500861 1.9769347 1.9959060 1.9480475 1.9826895 1.9923213 1.9874548 1.9921370 2.0157090 2.0117523 2.0137289 
Plantago_asiatica_mosaic_virus__KU159093    1.8989044 1.3372417 0.3901182 0.4070467 0.4253858 0.0133263 0.0000000 2.1128578 2.1390128 1.9740958 1.8192826 1.7646751 1.7914335 1.7687511 1.8357482 1.8279929 2.2009140 2.1777920 2.1926287 2.1448447 2.1948016 2.1497810 2.1825729 1.9022620 1.9019941 2.0281278 1.8741738 2.1217190 1.9099659 2.2149415 2.1084663 2.1084663 2.0598930 2.0422885 2.0457224 2.0952707 2.0804025 2.0245476 2.0187294 2.0318718 2.1056568 2.0911550 2.0877806 2.0974270 2.1079408 2.1088803 2.0945685 2.0945685 1.7455363 1.8047119 1.8078917 1.8341112 1.7667023 1.8068440 1.8678029 1.6555522 1.8957437 1.6387523 1.8373077 1.8564938 1.8633550 1.8364232 1.8365388 2.1090696 2.0371324 2.1196431 2.0230673 1.9698294 2.0400840 2.0306864 2.0683122 2.0144998 2.0092976 2.0138850 1.9651192 2.0091129 2.0281135 1.8444388 1.9341776 1.9389923 2.0393115 2.1636288 1.9868867 2.0030981 1.9551016 1.9901613 1.9994636 1.9946350 1.9993535 2.0229386 2.0189585 2.0209467 
Senna_mosaic_virus                          1.9919707 1.6910237 1.9606480 2.1886675 2.0538680 2.1206382 2.1128578 0.0000000 0.8579040 0.8532738 0.9305674 0.9777021 0.9694173 0.9691856 0.9784386 0.9890687 2.0330368 2.0364927 2.0446388 2.0065020 1.9833743 2.0246806 2.0384309 1.7837772 1.7900225 1.9259664 1.8189600 1.9737829 1.7683414 2.0068116 1.9918837 1.9918837 1.8996187 1.9032601 1.8983621 1.9851520 1.9617484 1.8898627 1.8853907 1.8904826 1.9912909 1.9841769 1.9816346 1.9720470 1.9642108 1.9639326 1.9801309 1.9787446 1.5144142 2.0349014 2.0379984 1.9711657 1.9206811 1.9292388 2.0694941 1.5668495 2.0584168 1.5913671 1.9892241 1.9866797 1.9937816 1.9787416 1.9792774 1.9443407 1.5481887 1.9784147 2.0119027 1.9772524 2.0516639 2.0419151 2.0242587 1.9995866 1.9986889 2.0203445 1.9650944 2.0289478 2.0570314 1.5721791 1.9219427 1.9676770 2.0191508 2.1616761 1.9951293 2.0090656 1.9418442 2.0304191 2.0648593 2.0314600 2.0227342 2.0618077 2.0591310 2.0609803 
Babaco_mosaic_virus                         1.8590989 1.7442533 2.1819607 2.2020221 2.0464156 2.1010759 2.1390128 0.8579040 0.0000000 0.7849834 0.8476044 0.9316827 0.9194861 0.9273371 0.9310756 0.9351650 2.0741994 2.0701671 2.0811680 2.1018987 2.0620523 2.0666182 2.0746792 1.8189102 1.8161140 1.9528979 1.8046660 2.0388194 1.8484383 2.1105299 2.0429617 2.0429617 1.9733690 1.9944767 1.9944230 2.0461139 2.0417977 1.9776371 1.9760055 1.9767358 2.0474035 2.0435772 2.0409300 2.0117821 2.0271947 2.0269545 2.0368253 2.0328781 1.3344709 2.0618510 2.0702341 2.0045934 1.9387050 1.9189169 2.1171176 1.6046974 2.1231622 1.5587922 2.0704634 2.0778835 2.0846371 2.0889017 2.0847699 2.0951704 1.6315198 2.0960123 2.1539137 2.0602966 2.1242076 2.1240902 2.1614348 2.1383769 2.1341376 2.1540011 2.0685867 2.1307794 2.1671994 1.5937044 2.0219809 2.0569731 2.1058711 2.2191408 2.1024749 2.1043888 2.0378064 2.1359181 2.1645131 2.1108741 2.1091372 2.1495975 2.1466763 2.1486687 
Papaya_mosaic_virus                         1.9220765 1.5933944 1.9505341 1.9471075 1.8732253 1.9437907 1.9740958 0.8532738 0.7849834 0.0000000 0.8726530 0.8909638 0.8813426 0.8902478 0.8820268 0.8821301 1.8674859 1.8992086 1.8829789 1.8908402 1.8655576 1.8525054 1.8577415 1.6155548 1.6067025 1.7429630 1.6439504 1.8322954 1.6523595 1.9198298 1.8571628 1.8571628 1.7798757 1.7973615 1.8010331 1.8508323 1.8528771 1.7904461 1.7848001 1.7891708 1.8481611 1.8566078 1.8559140 1.8376071 1.8412617 1.8390526 1.8566324 1.8553094 1.2221698 1.7949400 1.7888697 1.7824117 1.6898666 1.7035439 1.8695129 1.3744469 1.8440259 1.3932299 1.8069728 1.8170130 1.8250354 1.8177748 1.8198767 1.9869521 1.3607255 1.9882761 1.8244826 1.7437719 1.8064809 1.8069944 1.8144978 1.7825127 1.7747709 1.7930056 1.7426060 1.7949351 1.7910810 1.5514695 1.7092179 1.7458090 1.7907353 1.8841031 1.7515110 1.7780328 1.7210402 1.8001530 1.7937629 1.7557690 1.7550672 1.7995140 1.7990765 1.8005645 
Alternanthera_mosaic_virus__LC107515        1.8900181 1.5653772 1.7892194 1.8806711 1.8252602 1.8329988 1.8192826 0.9305674 0.8476044 0.8726530 0.0000000 0.3438518 0.3440771 0.3523740 0.3488349 0.3595146 1.9320815 1.9818575 1.9884783 1.9953021 1.9747846 1.9911342 2.0041502 1.7358193 1.7306837 1.8835894 1.7299916 1.9617438 1.7747507 1.8256047 1.8709595 1.8709595 1.8230409 1.8294317 1.8241384 1.8887319 1.8694048 1.8182628 1.8139365 1.8206264 1.8820483 1.8727142 1.8703167 1.8602986 1.8815650 1.8787347 1.8758381 1.8724935 1.3661546 1.7649541 1.7688922 1.7790819 1.7283202 1.7185623 1.8883593 1.4619175 1.8853351 1.5215158 1.8335396 1.8238943 1.8239076 1.8339452 1.8369867 1.8607362 1.5213842 1.8625985 1.7637996 1.7162188 1.7345529 1.7287122 1.7677017 1.7333238 1.7325156 1.7545634 1.6926205 1.7480052 1.7461186 1.4647396 1.6359893 1.7012684 1.7341296 1.8434940 1.7391705 1.7189095 1.6778546 1.7475975 1.7650926 1.7515461 1.7489307 1.7854736 1.7850480 1.7827456 
Alternanthera_mosaic_virus__MH423501        1.9713373 1.5501308 1.8162419 1.8917994 1.8567828 1.7715616 1.7646751 0.9777021 0.9316827 0.8909638 0.3438518 0.0000000 0.0560458 0.0623393 0.0546932 0.0690391 1.9439758 1.9474210 1.9509329 2.0913156 2.0568008 2.0678099 2.0309048 1.7549330 1.7492955 1.9212424 1.7851697 2.0086801 1.8349169 1.8587238 1.8871642 1.8871642 1.8247740 1.8314474 1.8294742 1.8860801 1.8571227 1.8211827 1.8157262 1.8252368 1.8913592 1.8749495 1.8725523 1.8490639 1.8809861 1.8787287 1.8688983 1.8655719 1.3851236 1.8212374 1.8149603 1.8229429 1.7291752 1.7723469 1.9209786 1.3682395 1.8890723 1.3968681 1.8587289 1.8572383 1.8639926 1.8670339 1.8767266 1.8478663 1.3085369 1.8481563 1.7932525 1.7198983 1.7798934 1.7792924 1.8145316 1.7904688 1.7894519 1.8048446 1.7158463 1.7946741 1.7795875 1.3106935 1.6809190 1.7145909 1.7728186 1.9053874 1.7589812 1.7644464 1.7261133 1.7801301 1.7974337 1.7576743 1.7534365 1.7819714 1.7848120 1.7825114 
Alternanthera_mosaic_virus__FJ822136        1.9657803 1.5829411 1.8399154 1.9289790 1.8905128 1.7925194 1.7914335 0.9694173 0.9194861 0.8813426 0.3440771 0.0560458 0.0000000 0.0398232 0.0708759 0.0820951 1.9623574 1.9602847 1.9581834 2.1019988 2.0633342 2.0476847 2.0444207 1.7762423 1.7701066 1.9293994 1.8053155 2.0149616 1.8420239 1.8740306 1.9165161 1.9165161 1.8464870 1.8598081 1.8603903 1.9350658 1.8921295 1.8448723 1.8419314 1.8512606 1.9137975 1.8939990 1.8915730 1.8742935 1.9010087 1.8987324 1.8938337 1.8904595 1.4125039 1.8770155 1.8706409 1.8822863 1.7849936 1.8384272 1.9832015 1.4677808 1.9499377 1.4987637 1.9187078 1.9207443 1.9241022 1.9271814 1.9372916 1.8657917 1.3583933 1.8687058 1.8797016 1.7974969 1.8700040 1.8690939 1.8823155 1.8528204 1.8518460 1.8597612 1.7802185 1.8561243 1.8602669 1.3825356 1.7635302 1.7734449 1.8501882 1.9887692 1.8223947 1.8425411 1.7893618 1.8423174 1.8586049 1.8109180 1.8066030 1.8426277 1.8458533 1.8434644 
Alternanthera_mosaic_virus__GQ179646        1.9489704 1.5740755 1.8540786 1.8814474 1.8934073 1.7736711 1.7687511 0.9691856 0.9273371 0.8902478 0.3523740 0.0623393 0.0398232 0.0000000 0.0615614 0.0566687 1.9776969 1.9849370 1.9849471 2.1165555 2.0555542 2.0741383 2.0864818 1.7924374 1.7847268 1.9722663 1.8327672 2.0615455 1.8757093 1.8359717 1.8870758 1.8870758 1.8247634 1.8335309 1.8357483 1.8960868 1.8547655 1.8305120 1.8275595 1.8368430 1.8839179 1.8792547 1.8768490 1.8564441 1.8856859 1.8834222 1.8735455 1.8702073 1.4651180 1.8566461 1.8504050 1.8766000 1.7739802 1.8185496 1.9643414 1.5229321 1.9406750 1.5228984 1.9070444 1.9078953 1.9153492 1.9154309 1.9233674 1.8634410 1.4847720 1.8733012 1.8894403 1.7992936 1.8537281 1.8630512 1.8841364 1.8454897 1.8445095 1.8529797 1.7783177 1.8518855 1.8750388 1.3683339 1.7632632 1.7792497 1.8479662 1.9812063 1.8217645 1.8360751 1.7864407 1.8520755 1.8638306 1.8132479 1.8089279 1.8443903 1.8476201 1.8452277 
Alternanthera_mosaic_virus__AY863024        1.9707932 1.5998898 1.8922674 1.8982458 1.9185123 1.8411108 1.8357482 0.9784386 0.9310756 0.8820268 0.3488349 0.0546932 0.0708759 0.0615614 0.0000000 0.0401579 2.0070163 2.0008072 2.0056811 2.1317070 2.1360894 2.1403678 2.1104201 1.8030439 1.7970890 1.9712478 1.8328871 2.0420053 1.8851070 1.8935455 1.9062476 1.9062476 1.8398055 1.8603918 1.8627489 1.9064177 1.8863666 1.8507159 1.8451709 1.8548482 1.9166396 1.9062737 1.9038303 1.8801282 1.9146440 1.9088287 1.9017621 1.8983734 1.5085701 1.8791159 1.8724546 1.8770818 1.7990898 1.8457232 1.9915911 1.5344485 1.9739275 1.5501468 1.9350165 1.9331693 1.9401062 1.9411843 1.9492516 1.8806723 1.5398848 1.8948954 1.8854474 1.8050647 1.8640124 1.8674228 1.8836399 1.8556900 1.8513097 1.8717934 1.7892369 1.8660846 1.8839210 1.3953215 1.7750419 1.7868303 1.8477525 1.9878233 1.8283291 1.8507063 1.8032647 1.8586454 1.8663486 1.8321111 1.8277716 1.8531426 1.8563808 1.8539796 
Alternanthera_mosaic_virus__GQ179647        1.9806714 1.6207732 1.8901147 1.9192888 1.9522631 1.8278266 1.8279929 0.9890687 0.9351650 0.8821301 0.3595146 0.0690391 0.0820951 0.0566687 0.0401579 0.0000000 1.9946014 2.0029785 2.0056311 2.1304757 2.1062780 2.1222616 2.0825169 1.7853312 1.7796753 1.9629040 1.8315847 2.0325756 1.8769007 1.8729272 1.9080289 1.9080289 1.8323223 1.8559248 1.8582588 1.9064367 1.8735430 1.8505194 1.8449748 1.8523743 1.8999829 1.8968268 1.8943963 1.8722474 1.9071730 1.9013807 1.8963817 1.8930023 1.4674720 1.8714428 1.8648309 1.8838772 1.7957112 1.8416967 1.9792842 1.5131284 1.9565076 1.5131067 1.9201097 1.9203609 1.9284418 1.9261954 1.9341860 1.9100911 1.5206421 1.9110416 1.8900574 1.8089781 1.8732220 1.8811786 1.8903508 1.8511635 1.8501887 1.8614676 1.7870362 1.8578012 1.8867880 1.3898966 1.7742877 1.7934661 1.8626109 2.0020747 1.8371198 1.8550154 1.8094649 1.8663450 1.8703808 1.8420748 1.8377197 1.8571165 1.8626432 1.8602322 
Opuntia_virus__Strain_CC10                  2.1451377 1.7564201 2.1425530 2.1060931 2.1523934 2.2282681 2.2009140 2.0330368 2.0741994 1.8674859 1.9320815 1.9439758 1.9623574 1.9776969 2.0070163 1.9946014 0.0000000 0.0432678 0.0366256 0.8807382 0.9054064 0.9014860 0.9034622 0.7551494 0.7510641 0.8436844 0.7744049 0.8791630 0.7778798 0.9261086 0.9089920 0.9089920 0.8799948 0.8910599 0.8823554 0.9213008 0.9204618 0.8932434 0.8920702 0.8925443 0.9146975 0.9152873 0.9141598 0.8960096 0.8985609 0.8979611 0.9054179 0.9046053 0.4600052 0.8850235 0.8862681 0.8862519 0.8415622 0.8535783 0.9058941 0.4282541 0.9139197 0.4451944 0.8880631 0.8931628 0.8980951 0.8829337 0.8840731 0.9047844 0.4806088 0.9109011 0.9045043 0.8812376 0.9062672 0.9018285 0.9137366 0.9024165 0.9030752 0.9057933 0.8692859 0.9073369 0.9154038 0.4986693 0.8481213 0.8661939 0.8974665 0.9599220 0.8863401 0.8929727 0.8641243 0.9058100 0.9017147 0.8894390 0.8899318 0.9108671 0.9102027 0.9108834 
Opuntia_virus_X__KY348771                   2.1707146 1.7317905 2.0935904 2.0487344 2.1426565 2.2102059 2.1777920 2.0364927 2.0701671 1.8992086 1.9818575 1.9474210 1.9602847 1.9849370 2.0008072 2.0029785 0.0432678 0.0000000 0.0086771 0.8697502 0.9160177 0.9097943 0.9159910 0.7683317 0.7629366 0.8471468 0.7802566 0.8846412 0.7905186 0.9232649 0.9077868 0.9077868 0.8796271 0.8898109 0.8826786 0.9200127 0.9201710 0.8912881 0.8894147 0.8905906 0.9162711 0.9160318 0.9149030 0.8959702 0.8984445 0.8978443 0.9062512 0.9054378 0.4758871 0.8866758 0.8869133 0.8934093 0.8434972 0.8544549 0.9135723 0.4426943 0.9115538 0.4546921 0.8904931 0.8945759 0.8995152 0.8880039 0.8891517 0.9086162 0.4929939 0.9171561 0.9097806 0.8907126 0.9171644 0.9136202 0.9102733 0.9024729 0.9031325 0.9059788 0.8728773 0.9090195 0.9185886 0.5228491 0.8520618 0.8716114 0.9041156 0.9736678 0.8940652 0.9003105 0.8705341 0.9084024 0.9081937 0.8944892 0.8950734 0.9175965 0.9169228 0.9176098 
Opuntia_virus_X__KU854931                   2.1460899 1.7152830 2.0856237 2.0682146 2.1202780 2.2210839 2.1926287 2.0446388 2.0811680 1.8829789 1.9884783 1.9509329 1.9581834 1.9849471 2.0056811 2.0056311 0.0366256 0.0086771 0.0000000 0.8660815 0.9161443 0.9088875 0.9150813 0.7648782 0.7580885 0.8466928 0.7799553 0.8824272 0.7878415 0.9125556 0.8936488 0.8936488 0.8656751 0.8757674 0.8686987 0.9047455 0.9058482 0.8771610 0.8753023 0.8764779 0.9020134 0.8999451 0.8988330 0.8810082 0.8852600 0.8846581 0.8921038 0.8912978 0.4758871 0.8869296 0.8871667 0.8929409 0.8436361 0.8545938 0.9075397 0.4426943 0.9113064 0.4546921 0.8910527 0.8941940 0.8991307 0.8874779 0.8886245 0.9156551 0.4929939 0.9224027 0.9010123 0.8815597 0.9082574 0.9047752 0.9097244 0.8991427 0.8997942 0.9026341 0.8690918 0.9048588 0.9150597 0.5228491 0.8482920 0.8696252 0.9009282 0.9702079 0.8903676 0.8961674 0.8660966 0.9051860 0.9070933 0.8913102 0.8918866 0.9145078 0.9138386 0.9145225 
Schlumbergera_virus_X__KU854929             2.2313609 1.7846121 2.0953949 2.0854175 2.1365934 2.1207532 2.1448447 2.0065020 2.1018987 1.8908402 1.9953021 2.0913156 2.1019988 2.1165555 2.1317070 2.1304757 0.8807382 0.8697502 0.8660815 0.0000000 0.1840783 0.1657295 0.1750715 0.1270805 0.1244616 0.1558158 0.1319242 0.1693297 0.1287692 0.6264363 0.5753182 0.5753182 0.5514523 0.5645500 0.5610399 0.5783588 0.5787371 0.5577778 0.5555351 0.5575417 0.5826727 0.5820315 0.5816550 0.5695771 0.5754161 0.5744522 0.5752590 0.5746456 0.4648325 0.6742610 0.6782800 0.6788058 0.6401355 0.6421732 0.6876437 0.4110475 0.6928609 0.4143295 0.6823239 0.6803852 0.6856004 0.6802775 0.6786816 0.7367974 0.3992861 0.7386345 0.7147885 0.6884462 0.7148087 0.7166287 0.7277231 0.7167076 0.7153487 0.7128255 0.6745842 0.7197484 0.7025708 0.4399625 0.6490263 0.6717760 0.6991701 0.7597873 0.6827076 0.6941852 0.6654276 0.7045317 0.7105773 0.6843839 0.6844297 0.7164002 0.7164510 0.7169696 
SRR11190802_Plant__DH-1_NC_011659           2.2370231 1.8267218 2.1710475 2.1741469 2.2719125 2.1533854 2.1948016 1.9833743 2.0620523 1.8655576 1.9747846 2.0568008 2.0633342 2.0555542 2.1360894 2.1062780 0.9054064 0.9160177 0.9161443 0.1840783 0.0000000 0.0655070 0.0868094 0.0269272 0.0270145 0.0713498 0.0448787 0.0865716 0.0326025 0.6385213 0.5947880 0.5947880 0.5635590 0.5765225 0.5714926 0.5907338 0.5910779 0.5704068 0.5693757 0.5697657 0.5927266 0.5904291 0.5896427 0.5825980 0.5878995 0.5869293 0.5869805 0.5863609 0.4590430 0.6844968 0.6871675 0.6930519 0.6601154 0.6618533 0.7133759 0.4813773 0.7216615 0.4614592 0.7149825 0.7074842 0.7150172 0.7120132 0.7091269 0.7629958 0.4026096 0.7530445 0.7332059 0.7146176 0.7428717 0.7398726 0.7503159 0.7262554 0.7240693 0.7279015 0.6838778 0.7274337 0.7265684 0.4765242 0.6749657 0.6944050 0.7233939 0.7820457 0.7016906 0.7198840 0.6909752 0.7280027 0.7381804 0.7095560 0.7068293 0.7461957 0.7466443 0.7466443 
Schlumbergera_virus_X__KP090203             2.2812522 1.7890481 2.1123059 2.1482059 2.1614985 2.1265785 2.1497810 2.0246806 2.0666182 1.8525054 1.9911342 2.0678099 2.0476847 2.0741383 2.1403678 2.1222616 0.9014860 0.9097943 0.9088875 0.1657295 0.0655070 0.0000000 0.0535877 0.0261544 0.0244753 0.0520741 0.0326889 0.0621231 0.0277063 0.6344157 0.5869618 0.5869618 0.5666846 0.5778241 0.5727993 0.5943649 0.5934511 0.5715951 0.5705246 0.5709528 0.5940375 0.5915989 0.5908124 0.5877483 0.5947110 0.5947651 0.5941519 0.5935290 0.4780230 0.6855183 0.6889952 0.6939389 0.6522715 0.6615579 0.7067428 0.4730672 0.7139641 0.4541597 0.7046677 0.7008158 0.7079285 0.7049265 0.7013061 0.7639957 0.3999163 0.7495480 0.7426079 0.7201024 0.7459775 0.7443901 0.7554337 0.7368167 0.7346558 0.7384859 0.6943801 0.7388467 0.7249468 0.4828935 0.6744455 0.6959692 0.7239867 0.7801489 0.7056347 0.7224268 0.6929028 0.7331343 0.7376908 0.7091110 0.7073221 0.7461551 0.7467340 0.7467340 
Schlumbergera_virus_X__Strain_K11           2.2660234 1.8400427 2.1420332 2.1915456 2.2276816 2.1650163 2.1825729 2.0384309 2.0746792 1.8577415 2.0041502 2.0309048 2.0444207 2.0864818 2.1104201 2.0825169 0.9034622 0.9159910 0.9150813 0.1750715 0.0868094 0.0535877 0.0000000 0.0296365 0.0281993 0.0474151 0.0309178 0.0549179 0.0297051 0.6444542 0.6028572 0.6028572 0.5813024 0.5917846 0.5884522 0.6106291 0.6084020 0.5863041 0.5845735 0.5849924 0.6075864 0.6035756 0.6027791 0.5969244 0.6032674 0.6033289 0.6031492 0.6025217 0.4596797 0.6922572 0.6941506 0.6910345 0.6608464 0.6678366 0.7137425 0.4545860 0.7210002 0.4362365 0.7082704 0.7048987 0.7127094 0.7106803 0.7063343 0.7662532 0.4026348 0.7568923 0.7360141 0.7204593 0.7454109 0.7436990 0.7548362 0.7374013 0.7345173 0.7394889 0.6948217 0.7379501 0.7289053 0.4675626 0.6780804 0.6993281 0.7289101 0.7829888 0.7107833 0.7215897 0.6914223 0.7332120 0.7388978 0.7164302 0.7146417 0.7471915 0.7477690 0.7477690 
SRR11190798_Plant__DH-3_NC_011659           1.9440940 1.5999724 1.8817023 1.9214770 1.9060363 1.8842841 1.9022620 1.7837772 1.8189102 1.6155548 1.7358193 1.7549330 1.7762423 1.7924374 1.8030439 1.7853312 0.7551494 0.7683317 0.7648782 0.1270805 0.0269272 0.0261544 0.0296365 0.0000000 0.0000010 0.0062320 0.0026737 0.0071245 0.0009659 0.5145129 0.4826200 0.4826200 0.4613930 0.4717509 0.4680256 0.4807263 0.4819015 0.4680611 0.4672666 0.4673047 0.4838126 0.4805138 0.4805138 0.4757883 0.4809383 0.4807026 0.4810669 0.4804700 0.4487226 0.5737358 0.5755342 0.5804647 0.5542541 0.5540992 0.5949684 0.4295938 0.5981417 0.4066734 0.5891116 0.5840976 0.5895974 0.5891269 0.5857503 0.6499100 0.3744635 0.6427642 0.6259849 0.6074524 0.6303536 0.6291336 0.6353681 0.6193641 0.6165340 0.6198402 0.5826861 0.6207284 0.6100694 0.4604661 0.5689305 0.5886094 0.6098705 0.6674964 0.5999561 0.6079524 0.5850856 0.6184171 0.6196766 0.5972918 0.5954397 0.6266498 0.6276611 0.6272359 
SRR11190801_Plant__DH-2_NC_011659           1.9309980 1.5815442 1.8691243 1.9103524 1.9060387 1.8839546 1.9019941 1.7900225 1.8161140 1.6067025 1.7306837 1.7492955 1.7701066 1.7847268 1.7970890 1.7796753 0.7510641 0.7629366 0.7580885 0.1244616 0.0270145 0.0244753 0.0281993 0.0000010 0.0000000 0.0055107 0.0021877 0.0056983 0.0009663 0.5093596 0.4779822 0.4779822 0.4573758 0.4677080 0.4639851 0.4766937 0.4778718 0.4640269 0.4632349 0.4632767 0.4798327 0.4764776 0.4764776 0.4717593 0.4769032 0.4766656 0.4770279 0.4764323 0.4330043 0.5731353 0.5751859 0.5799426 0.5544201 0.5549851 0.5923619 0.4124745 0.5963772 0.3949899 0.5873307 0.5823170 0.5878230 0.5873454 0.5839681 0.6448550 0.3643633 0.6377291 0.6212030 0.6019850 0.6251868 0.6239845 0.6305502 0.6142292 0.6114060 0.6147081 0.5780502 0.6160131 0.6041565 0.4486859 0.5645297 0.5839559 0.6047884 0.6611625 0.5948898 0.6025917 0.5797791 0.6134400 0.6145455 0.5922256 0.5903735 0.6215051 0.6225157 0.6220905 
SRR11603189_RR-peel-3_NC_011659             2.1172528 1.7603437 2.0240895 2.0494926 2.0441561 2.0083025 2.0281278 1.9259664 1.9528979 1.7429630 1.8835894 1.9212424 1.9293994 1.9722663 1.9712478 1.9629040 0.8436844 0.8471468 0.8466928 0.1558158 0.0713498 0.0520741 0.0474151 0.0062320 0.0055107 0.0000000 0.0000010 0.0035920 0.0021334 0.5815152 0.5499435 0.5499435 0.5289291 0.5398215 0.5361309 0.5508013 0.5502185 0.5340003 0.5325030 0.5327560 0.5531185 0.5498321 0.5498321 0.5459373 0.5494013 0.5494177 0.5516092 0.5509912 0.4446527 0.6360793 0.6373216 0.6448561 0.6119320 0.6178607 0.6593971 0.4254734 0.6677315 0.4130407 0.6563684 0.6509828 0.6572525 0.6551699 0.6504512 0.7230004 0.3813227 0.7185237 0.6977562 0.6784982 0.6999204 0.6999767 0.7058457 0.6909074 0.6883311 0.6903678 0.6512661 0.6930975 0.6763340 0.4634662 0.6344894 0.6510146 0.6826918 0.7389618 0.6668548 0.6780190 0.6508520 0.6842894 0.6914702 0.6643335 0.6633070 0.6980069 0.6985896 0.6985896 
SRR11603187_RR-pulp-2_NC_011659             1.9758884 1.6159513 1.8546318 1.8955580 1.9115655 1.8575573 1.8741738 1.8189600 1.8046660 1.6439504 1.7299916 1.7851697 1.8053155 1.8327672 1.8328871 1.8315847 0.7744049 0.7802566 0.7799553 0.1319242 0.0448787 0.0326889 0.0309178 0.0026737 0.0021877 0.0000010 0.0000000 0.0020948 0.0009611 0.5361487 0.4969662 0.4969662 0.4748596 0.4854717 0.4819330 0.4969097 0.4952880 0.4816976 0.4802513 0.4809162 0.4977033 0.4950888 0.4950888 0.4915428 0.4952381 0.4952084 0.4961495 0.4955454 0.4271143 0.5903068 0.5898973 0.6002045 0.5701832 0.5735936 0.6183753 0.4119823 0.6216360 0.3997295 0.6112748 0.6066729 0.6118246 0.6100358 0.6058769 0.6655104 0.3665133 0.6562574 0.6433035 0.6246231 0.6420691 0.6422707 0.6513972 0.6328426 0.6302816 0.6352765 0.5987190 0.6369821 0.6206126 0.4368479 0.5834683 0.6023334 0.6225046 0.6788990 0.6121651 0.6222273 0.5980732 0.6290771 0.6324887 0.6103721 0.6092984 0.6391005 0.6401082 0.6396850 
SRR11603183_GW-peel-2_NC_011659             2.1905198 1.8156957 2.0794810 2.1280738 2.1087398 2.0960669 2.1217190 1.9737829 2.0388194 1.8322954 1.9617438 2.0086801 2.0149616 2.0615455 2.0420053 2.0325756 0.8791630 0.8846412 0.8824272 0.1693297 0.0865716 0.0621231 0.0549179 0.0071245 0.0056983 0.0035920 0.0020948 0.0000000 0.0000010 0.6101999 0.5789596 0.5789596 0.5533150 0.5650059 0.5603224 0.5783090 0.5780918 0.5585364 0.5557467 0.5572660 0.5809469 0.5760582 0.5756785 0.5718111 0.5771058 0.5771454 0.5788422 0.5782205 0.4699285 0.6698389 0.6710451 0.6764248 0.6454847 0.6505127 0.6914141 0.4543623 0.7020216 0.4360063 0.6913325 0.6851777 0.6912315 0.6887610 0.6837600 0.7462082 0.4023261 0.7404516 0.7197612 0.7000666 0.7276165 0.7260934 0.7309084 0.7147660 0.7119010 0.7134947 0.6726476 0.7154342 0.7032009 0.4750967 0.6581145 0.6754650 0.7070710 0.7676164 0.6914505 0.7026807 0.6755142 0.7087214 0.7164309 0.6892840 0.6874934 0.7215894 0.7221659 0.7221659 
SRR11603184_GW-peel-1_NC_011659             1.9783783 1.6144991 1.8746398 1.9014665 1.9365252 1.8877882 1.9099659 1.7683414 1.8484383 1.6523595 1.7747507 1.8349169 1.8420239 1.8757093 1.8851070 1.8769007 0.7778798 0.7905186 0.7878415 0.1287692 0.0326025 0.0277063 0.0297051 0.0009659 0.0009663 0.0021334 0.0009611 0.0000010 0.0000000 0.5316400 0.4965395 0.4965395 0.4745816 0.4833159 0.4806053 0.4941120 0.4956080 0.4791271 0.4776836 0.4783497 0.4976495 0.4943624 0.4943624 0.4899927 0.4960074 0.4957767 0.4951483 0.4945429 0.4351365 0.5891066 0.5899362 0.5985221 0.5717077 0.5746134 0.6093911 0.4177522 0.6198164 0.3999537 0.6084148 0.6050261 0.6101850 0.6063953 0.6022379 0.6585237 0.3485666 0.6480963 0.6380223 0.6182672 0.6404545 0.6399918 0.6482241 0.6327246 0.6298787 0.6326814 0.5940477 0.6343816 0.6233453 0.4335628 0.5804523 0.6006920 0.6230656 0.6769259 0.6103657 0.6181775 0.5969387 0.6286168 0.6329721 0.6091096 0.6080316 0.6385656 0.6395767 0.6391520 
MG210801                                    2.3378548 1.7510972 2.1724302 2.4205881 2.3156477 2.2163388 2.2149415 2.0068116 2.1105299 1.9198298 1.8256047 1.8587238 1.8740306 1.8359717 1.8935455 1.8729272 0.9261086 0.9232649 0.9125556 0.6264363 0.6385213 0.6344157 0.6444542 0.5145129 0.5093596 0.5815152 0.5361487 0.6101999 0.5316400 0.0000000 0.0142788 0.0142788 0.0084517 0.0078659 0.0081785 0.0209657 0.0195516 0.0087264 0.0087302 0.0087195 0.0153841 0.0153981 0.0153981 0.0129922 0.0143228 0.0143265 0.0134980 0.0132255 0.4179983 0.6905793 0.6939603 0.6763474 0.6583706 0.6804650 0.7128038 0.5050805 0.7141956 0.5277631 0.7076047 0.7122833 0.7157884 0.7140071 0.7115956 0.6861722 0.3921803 0.6820155 0.6754480 0.6519456 0.6655937 0.6687784 0.6786526 0.6672616 0.6628651 0.6672098 0.6322513 0.6642238 0.6691893 0.4443469 0.6205972 0.6352593 0.6680534 0.7287637 0.6535931 0.6617212 0.6416245 0.6660142 0.6738554 0.6631749 0.6630954 0.6819255 0.6820936 0.6830091 
SRR11190800_Plant__BSJ-2_NC_024458          2.2199493 1.7719218 2.0374705 2.2065060 2.1697898 2.1156612 2.1084663 1.9918837 2.0429617 1.8571628 1.8709595 1.8871642 1.9165161 1.8870758 1.9062476 1.9080289 0.9089920 0.9077868 0.8936488 0.5753182 0.5947880 0.5869618 0.6028572 0.4826200 0.4779822 0.5499435 0.4969662 0.5789596 0.4965395 0.0142788 0.0000000 0.0000010 0.0061525 0.0065630 0.0068082 0.0177714 0.0170763 0.0068111 0.0070377 0.0070311 0.0143842 0.0139561 0.0137380 0.0117887 0.0133090 0.0130954 0.0126361 0.0126419 0.4132889 0.6482223 0.6510868 0.6407077 0.6270109 0.6452222 0.6716864 0.5102299 0.6793568 0.5331002 0.6734111 0.6758874 0.6808145 0.6775880 0.6761955 0.6442725 0.3966608 0.6386272 0.6305145 0.6068500 0.6222031 0.6247822 0.6385678 0.6275752 0.6245689 0.6256200 0.5936225 0.6244311 0.6378493 0.4490970 0.5836685 0.5988876 0.6300248 0.6784265 0.6172938 0.6222261 0.6004178 0.6249729 0.6326743 0.6221813 0.6220417 0.6423864 0.6432382 0.6432382 
SRR11190791_Plant__BSJ-1_NC_024458          2.2199493 1.7719218 2.0374705 2.2065060 2.1697898 2.1156612 2.1084663 1.9918837 2.0429617 1.8571628 1.8709595 1.8871642 1.9165161 1.8870758 1.9062476 1.9080289 0.9089920 0.9077868 0.8936488 0.5753182 0.5947880 0.5869618 0.6028572 0.4826200 0.4779822 0.5499435 0.4969662 0.5789596 0.4965395 0.0142788 0.0000010 0.0000000 0.0061525 0.0065630 0.0068082 0.0177714 0.0170763 0.0068111 0.0070377 0.0070311 0.0143842 0.0139561 0.0137380 0.0117887 0.0133090 0.0130954 0.0126361 0.0126419 0.4132889 0.6482223 0.6510868 0.6407077 0.6270109 0.6452222 0.6716864 0.5102299 0.6793568 0.5331002 0.6734111 0.6758874 0.6808145 0.6775880 0.6761955 0.6442725 0.3966608 0.6386272 0.6305145 0.6068500 0.6222031 0.6247822 0.6385678 0.6275752 0.6245689 0.6256200 0.5936225 0.6244311 0.6378493 0.4490970 0.5836685 0.5988876 0.6300248 0.6784265 0.6172938 0.6222261 0.6004178 0.6249729 0.6326743 0.6221813 0.6220417 0.6423864 0.6432382 0.6432382 
SRR11190802_Plant__DH-1_NC_024458           2.1771174 1.7112836 1.9562560 2.1707821 2.1064451 2.0622563 2.0598930 1.8996187 1.9733690 1.7798757 1.8230409 1.8247740 1.8464870 1.8247634 1.8398055 1.8323223 0.8799948 0.8796271 0.8656751 0.5514523 0.5635590 0.5666846 0.5813024 0.4613930 0.4573758 0.5289291 0.4748596 0.5533150 0.4745816 0.0084517 0.0061525 0.0061525 0.0000000 0.0002194 0.0002202 0.0063814 0.0054897 0.0008836 0.0006624 0.0008834 0.0054899 0.0052774 0.0050575 0.0037418 0.0050612 0.0048428 0.0041751 0.0041760 0.4004466 0.6203960 0.6242658 0.6159062 0.5988647 0.6190750 0.6405357 0.4868337 0.6508616 0.5093077 0.6465400 0.6497112 0.6541507 0.6515520 0.6501870 0.6215031 0.3943967 0.6144671 0.6144492 0.5906715 0.6072574 0.6098712 0.6222097 0.6115776 0.6079278 0.6106816 0.5784622 0.6081306 0.6189776 0.4349409 0.5678003 0.5805313 0.6102042 0.6572708 0.5994724 0.6036005 0.5821623 0.6053438 0.6130034 0.6035661 0.6033899 0.6229039 0.6234615 0.6237623 
SRR11190801_Plant__DH-2_NC_024458           2.1896459 1.7054997 1.9763493 2.1689659 2.1214962 2.0489545 2.0422885 1.9032601 1.9944767 1.7973615 1.8294317 1.8314474 1.8598081 1.8335309 1.8603918 1.8559248 0.8910599 0.8898109 0.8757674 0.5645500 0.5765225 0.5778241 0.5917846 0.4717509 0.4677080 0.5398215 0.4854717 0.5650059 0.4833159 0.0078659 0.0065630 0.0065630 0.0002194 0.0000000 0.0000010 0.0052486 0.0039240 0.0004390 0.0004395 0.0004390 0.0050241 0.0054724 0.0052535 0.0032831 0.0043753 0.0041579 0.0037140 0.0034943 0.3968657 0.6295656 0.6331666 0.6244649 0.6097497 0.6271021 0.6526524 0.4786747 0.6609853 0.5009055 0.6569819 0.6599093 0.6643685 0.6610944 0.6606830 0.6280521 0.3960144 0.6192836 0.6216182 0.5980317 0.6140130 0.6166201 0.6325023 0.6207462 0.6170776 0.6195264 0.5855661 0.6175727 0.6274120 0.4378821 0.5739295 0.5888782 0.6184428 0.6671335 0.6076444 0.6108194 0.5905861 0.6150376 0.6224495 0.6131009 0.6126462 0.6313448 0.6318981 0.6322030 
SRR11190798_Plant__DH-3_NC_024458           2.1685823 1.6977655 1.9750117 2.1542115 2.1223730 2.0524602 2.0457224 1.8983621 1.9944230 1.8010331 1.8241384 1.8294742 1.8603903 1.8357483 1.8627489 1.8582588 0.8823554 0.8826786 0.8686987 0.5610399 0.5714926 0.5727993 0.5884522 0.4680256 0.4639851 0.5361309 0.4819330 0.5603224 0.4806053 0.0081785 0.0068082 0.0068082 0.0002202 0.0000010 0.0000000 0.0050454 0.0037173 0.0006608 0.0006614 0.0006608 0.0054837 0.0057135 0.0054938 0.0037365 0.0048329 0.0046148 0.0041683 0.0039475 0.3936550 0.6271669 0.6307749 0.6220518 0.6072640 0.6250276 0.6513793 0.4806543 0.6593667 0.5030260 0.6546020 0.6575327 0.6620005 0.6587131 0.6583020 0.6253396 0.3975556 0.6172551 0.6195989 0.5951300 0.6107812 0.6133944 0.6279391 0.6161583 0.6124948 0.6149366 0.5813748 0.6129907 0.6235235 0.4396238 0.5701348 0.5857184 0.6152067 0.6631512 0.6040967 0.6075719 0.5877087 0.6121498 0.6195583 0.6109099 0.6104514 0.6287581 0.6293137 0.6296178 
SRR11190795_Plant__FR-3_NC_024458           2.2499168 1.7704459 2.0354183 2.2260488 2.1774067 2.1002354 2.0952707 1.9851520 2.0461139 1.8508323 1.8887319 1.8860801 1.9350658 1.8960868 1.9064177 1.9064367 0.9213008 0.9200127 0.9047455 0.5783588 0.5907338 0.5943649 0.6106291 0.4807263 0.4766937 0.5508013 0.4969097 0.5783090 0.4941120 0.0209657 0.0177714 0.0177714 0.0063814 0.0052486 0.0050454 0.0000000 0.0119739 0.0068202 0.0068254 0.0068191 0.0189143 0.0182621 0.0180421 0.0147316 0.0169341 0.0167200 0.0158028 0.0158101 0.4166772 0.6543688 0.6570366 0.6495775 0.6351918 0.6533344 0.6781635 0.5067377 0.6871385 0.5295397 0.6854388 0.6879506 0.6929230 0.6890116 0.6875974 0.6520265 0.4181975 0.6416334 0.6370832 0.6139089 0.6315017 0.6340882 0.6475820 0.6362317 0.6325481 0.6343237 0.5997908 0.6327371 0.6443555 0.4466895 0.5889852 0.6026715 0.6329996 0.6831162 0.6212119 0.6263357 0.6047012 0.6301717 0.6379256 0.6270095 0.6268787 0.6462042 0.6458921 0.6470585 
Pitaya_virus_X                              2.2575805 1.7568849 2.0447669 2.2369193 2.1606783 2.0799068 2.0804025 1.9617484 2.0417977 1.8528771 1.8694048 1.8571227 1.8921295 1.8547655 1.8863666 1.8735430 0.9204618 0.9201710 0.9058482 0.5787371 0.5910779 0.5934511 0.6084020 0.4819015 0.4778718 0.5502185 0.4952880 0.5780918 0.4956080 0.0195516 0.0170763 0.0170763 0.0054897 0.0039240 0.0037173 0.0119739 0.0000000 0.0070398 0.0070451 0.0070386 0.0177564 0.0182386 0.0180189 0.0151577 0.0175765 0.0173629 0.0169038 0.0164576 0.4347712 0.6451653 0.6485530 0.6419241 0.6235256 0.6418797 0.6668476 0.4940287 0.6764320 0.5163209 0.6736739 0.6756087 0.6805333 0.6773077 0.6760024 0.6510884 0.4227309 0.6440520 0.6347988 0.6104808 0.6273545 0.6297362 0.6415196 0.6276581 0.6242100 0.6272917 0.5939603 0.6253386 0.6363887 0.4552788 0.5822197 0.5976557 0.6264635 0.6777158 0.6165639 0.6211009 0.5989048 0.6236511 0.6313410 0.6208545 0.6207125 0.6396890 0.6393847 0.6405398 
SRR11603182_GW-peel-3_NC_024458             2.1763251 1.7063223 1.9504849 2.1480700 2.0857299 2.0297386 2.0245476 1.8898627 1.9776371 1.7904461 1.8182628 1.8211827 1.8448723 1.8305120 1.8507159 1.8505194 0.8932434 0.8912881 0.8771610 0.5577778 0.5704068 0.5715951 0.5863041 0.4680611 0.4640269 0.5340003 0.4816976 0.5585364 0.4791271 0.0087264 0.0068111 0.0068111 0.0008836 0.0004390 0.0006608 0.0068202 0.0070398 0.0000000 0.0000010 0.0000010 0.0052658 0.0054943 0.0052745 0.0035176 0.0048340 0.0046159 0.0039506 0.0039514 0.4053796 0.6314747 0.6341501 0.6263548 0.6088431 0.6268169 0.6533777 0.4878456 0.6604429 0.5103817 0.6589231 0.6608133 0.6652964 0.6620075 0.6606206 0.6324344 0.3994796 0.6242974 0.6227426 0.6005011 0.6157922 0.6184135 0.6307529 0.6189955 0.6153144 0.6185719 0.5835372 0.6166112 0.6268771 0.4349206 0.5711024 0.5846627 0.6150347 0.6645181 0.6032607 0.6076518 0.5860226 0.6115937 0.6190349 0.6101950 0.6100308 0.6271159 0.6276731 0.6279768 
SRR11603184_GW-peel-1_NC_024458             2.1617008 1.7137381 1.9468998 2.1436786 2.0821607 2.0239058 2.0187294 1.8853907 1.9760055 1.7848001 1.8139365 1.8157262 1.8419314 1.8275595 1.8451709 1.8449748 0.8920702 0.8894147 0.8753023 0.5555351 0.5693757 0.5705246 0.5845735 0.4672666 0.4632349 0.5325030 0.4802513 0.5557467 0.4776836 0.0087302 0.0070377 0.0070377 0.0006624 0.0004395 0.0006614 0.0068254 0.0070451 0.0000010 0.0000000 0.0000010 0.0052698 0.0052771 0.0050572 0.0035196 0.0048377 0.0046194 0.0039536 0.0039544 0.4103823 0.6283133 0.6309850 0.6231976 0.6061319 0.6250096 0.6495082 0.4936492 0.6572706 0.5164183 0.6556970 0.6571091 0.6620542 0.6587621 0.6573807 0.6301106 0.3994796 0.6219906 0.6204222 0.5981517 0.6134682 0.6160892 0.6286821 0.6169292 0.6132554 0.6165047 0.5812745 0.6145502 0.6245302 0.4402472 0.5688233 0.5821210 0.6127116 0.6620905 0.6006927 0.6060563 0.5844380 0.6085601 0.6167002 0.6076068 0.6074379 0.6228770 0.6234353 0.6237364 
SRR11603183_GW-peel-2_NC_024458             2.1791174 1.7145093 1.9527566 2.1472610 2.0896877 2.0370869 2.0318718 1.8904826 1.9767358 1.7891708 1.8206264 1.8252368 1.8512606 1.8368430 1.8548482 1.8523743 0.8925443 0.8905906 0.8764779 0.5575417 0.5697657 0.5709528 0.5849924 0.4673047 0.4632767 0.5327560 0.4809162 0.5572660 0.4783497 0.0087195 0.0070311 0.0070311 0.0008834 0.0004390 0.0006608 0.0068191 0.0070386 0.0000010 0.0000010 0.0000000 0.0052649 0.0054933 0.0052736 0.0035170 0.0048332 0.0046151 0.0039499 0.0039508 0.4089708 0.6312308 0.6339051 0.6261127 0.6086048 0.6265666 0.6524528 0.4917729 0.6609630 0.5144033 0.6586658 0.6600838 0.6650360 0.6617478 0.6603617 0.6317440 0.3980787 0.6236172 0.6225997 0.6007661 0.6156504 0.6182712 0.6306073 0.6188523 0.6151723 0.6188274 0.5838036 0.6171189 0.6267317 0.4386630 0.5709717 0.5845284 0.6148931 0.6643603 0.6031217 0.6075118 0.5858878 0.6114530 0.6188918 0.6104536 0.6102900 0.6262688 0.6268261 0.6271293 
SRR11190793_Plant__BR-2_NC_024458           2.2446984 1.7717298 2.0389867 2.2192894 2.1738067 2.1150755 2.1056568 1.9912909 2.0474035 1.8481611 1.8820483 1.8913592 1.9137975 1.8839179 1.9166396 1.8999829 0.9146975 0.9162711 0.9020134 0.5826727 0.5927266 0.5940375 0.6075864 0.4838126 0.4798327 0.5531185 0.4977033 0.5809469 0.4976495 0.0153841 0.0143842 0.0143842 0.0054899 0.0050241 0.0054837 0.0189143 0.0177564 0.0052658 0.0052698 0.0052649 0.0000000 0.0106514 0.0104340 0.0089262 0.0104372 0.0102233 0.0095571 0.0091188 0.3996495 0.6548123 0.6574779 0.6480416 0.6327611 0.6520595 0.6782111 0.4872878 0.6845219 0.5103107 0.6813392 0.6845735 0.6895292 0.6863089 0.6847786 0.6525674 0.4206272 0.6455383 0.6388546 0.6162428 0.6306413 0.6332272 0.6474958 0.6345917 0.6309138 0.6331549 0.5993809 0.6311822 0.6437243 0.4499018 0.5885238 0.6031023 0.6344613 0.6823388 0.6214977 0.6254261 0.6042047 0.6298854 0.6377161 0.6271886 0.6270581 0.6475985 0.6477468 0.6484531 
