91
Clover_yellow_mosaic_virus                  0.0000000 1.1116828 1.2555248 1.1591117 1.5746112 1.4236760 1.3863308 1.7791138 1.7929689 1.3369811 1.2022969 1.3277842 1.3223555 1.3077406 1.2661909 1.3077406 1.5623407 1.5679337 1.5679337 1.2063624 1.1781409 1.1646642 1.1107064 1.1615943 1.1615943 1.0622356 1.0622356 1.1159367 1.0894777 1.2575584 1.2821140 1.2821140 1.2326796 1.2700804 1.2582620 1.2387469 1.2720682 1.1831028 1.1831028 1.2958131 1.2899524 1.2899524 1.2546570 1.2743263 1.2743263 1.2973908 1.2973908 1.3748975 1.2611304 1.2611304 1.2295870 1.1620054 1.2103414 1.2822181 1.2039077 1.2469699 1.2815406 1.2441873 1.2382882 1.2382882 1.1946364 1.2306709 1.3558071 1.3952700 1.3375700 1.3396401 1.2550318 1.2815427 1.2928832 1.3049628 1.2659800 1.2565069 1.2565069 1.2642015 1.2368901 1.2642015 1.2941803 1.2656641 1.2330579 1.2350267 1.2768675 1.3050860 1.2687830 1.2438076 1.2439221 1.2403102 1.2530985 1.2897969 1.2751120 1.2846939 1.2846939 
Hydrangea_ringspot_virus                    1.1116828 0.0000000 1.2895243 1.1905087 1.4219452 1.3307260 1.3485519 2.3681091 2.7899623 1.6924035 1.6727103 1.6535358 1.6988394 1.7284714 1.6525168 1.7284714 1.7358778 1.7417161 1.7417161 1.7469163 1.5626099 1.6264263 1.6286234 1.5395710 1.5395710 1.5708074 1.5708074 1.4964610 1.4029199 1.4903226 1.4759025 1.4759025 1.3443170 1.4059843 1.3918367 1.5132730 1.5197121 1.3516545 1.3516545 1.4956129 1.5034859 1.5034859 1.5090210 1.4987176 1.4987176 1.4908476 1.4908476 1.5707774 1.2491210 1.2491210 1.2578838 1.2058864 1.2338720 1.3038535 1.2888009 1.2370673 1.3102251 1.3067700 1.3457196 1.3457196 1.2897930 1.3179238 1.4315322 1.3930453 1.4269420 1.4790954 1.6771304 1.6227474 1.6304409 1.6478262 1.6752548 1.6574679 1.6574679 1.6405650 1.6136277 1.6405650 1.6484877 1.6412216 1.6241725 1.5621549 1.6195478 1.7089119 1.5959176 1.6442602 1.5753132 1.5442706 1.5200248 1.5505318 1.5635348 1.6134329 1.6134329 
Plantago_asiatica_mosaic_virus__KU697313    1.2555248 1.2895243 0.0000000 0.2759670 0.3416923 0.2791862 0.2842151 1.9050093 5.2559627 2.4220766 1.6944873 1.4750829 1.6047819 1.5918260 1.5640105 1.5918260 1.7087061 1.7613790 1.7613790 1.5117362 1.4588813 1.5237791 1.4824169 1.4641439 1.4641439 1.4516994 1.4516994 1.4062520 1.3920355 2.0333314 2.0828804 2.0828804 1.9112753 1.9941455 1.9683095 2.0251588 2.0338502 1.9047319 1.9047319 2.1042565 2.0967369 2.0967369 2.0668338 2.0494125 2.0494125 2.0645881 2.0645881 1.5868272 1.5409930 1.5409930 1.5823864 1.5639330 1.5786310 1.5659820 1.5080420 1.5745580 1.6057490 1.6001756 1.6055483 1.6055483 1.5062665 1.5611062 1.8501474 1.7975785 1.8236589 1.8090033 2.0592823 1.9363676 1.9984363 2.0218277 2.0313300 2.0795529 2.0795529 2.0550776 2.0653526 2.0550776 2.1202676 2.0825851 2.0231857 2.0521188 2.0583594 2.2524021 2.0970620 2.1368571 2.0721945 1.9732705 1.9874570 1.9792757 1.9982123 2.0432994 2.0432994 
Nandina_mosaic_virus                        1.1591117 1.1905087 0.2759670 0.0000000 0.2947933 0.2541793 0.2545430 1.8266524 3.1844587 2.1319737 1.6018161 1.5335734 1.5048951 1.5582890 1.5466571 1.5582890 1.4239906 1.4652838 1.4652838 1.6420289 1.5197313 1.6541085 1.6054284 1.5131043 1.5131043 1.4932813 1.4932813 1.5612221 1.4700402 1.7870138 1.7729567 1.7729567 1.6249497 1.6796398 1.6605958 1.7608682 1.7679610 1.6372822 1.6372822 1.7903280 1.7648497 1.7648497 1.7463735 1.7340724 1.7340724 1.7801016 1.7801016 1.6642971 1.6188034 1.6188034 1.6448462 1.6015853 1.6066998 1.5643091 1.6212477 1.6371304 1.6878726 1.6636849 1.6685559 1.6685559 1.6040854 1.6225411 1.5435506 1.5014953 1.5223739 1.5116660 1.8649585 1.8161410 1.8120895 1.8318007 1.8399305 1.8796082 1.8796082 1.8594184 1.8269407 1.8594184 1.9596286 1.9532942 1.7922991 1.8431471 1.8442241 2.0077364 1.8624228 1.9103962 1.8596641 1.8124646 1.8271864 1.8000446 1.7901685 1.8374364 1.8374364 
Plantago_asiatica_mosaic_virus__LC155795    1.5746112 1.4219452 0.3416923 0.2947933 0.0000000 0.2592698 0.2695894 1.8505469 3.1095884 2.7322614 1.5274360 1.4588344 1.4467397 1.4605573 1.4495901 1.4605573 1.6728780 1.7058262 1.7058262 1.6318105 1.6608513 1.6713074 1.6569540 1.6428673 1.6428673 1.5431871 1.5431871 1.6228631 1.5585699 2.1434273 2.1266754 2.1266754 1.9511471 1.9761993 1.9867982 2.1102744 2.1204043 1.9568971 1.9568971 2.0797105 2.1161044 2.1161044 2.0952416 2.0686404 2.0686404 2.1787425 2.1787425 1.6662651 1.7884482 1.7884482 1.8197444 1.7658397 1.8077427 1.7272606 1.7929794 1.8094652 1.8861955 1.8586917 1.7714260 1.7714260 1.7029171 1.7220792 2.0784861 2.0179922 2.0928318 2.0300539 2.9184935 2.6533321 2.8204963 2.8604090 2.8758140 2.9925131 2.9925131 2.9479584 2.9117840 2.9479584 2.9656286 2.7892470 2.8133991 2.7838662 2.8326183 3.0475834 2.8221785 2.9112907 2.8159999 2.7401434 2.6797940 2.6824952 2.7127884 2.8422452 2.8422452 
Plantago_asiatica_mosaic_virus__KT717325    1.4236760 1.3307260 0.2791862 0.2541793 0.2592698 0.0000000 0.0121056 2.1389106 3.0995498 1.9340933 1.7057260 1.7100216 1.8040496 1.5771205 1.6828989 1.5771205 1.5818904 1.5652062 1.5652062 1.6329125 1.5963758 1.7193310 1.6196816 1.5208086 1.5208086 1.5015209 1.5015209 1.5785560 1.5400578 1.7561009 1.7822791 1.7822791 1.6150394 1.6562561 1.6376209 1.7319406 1.7389030 1.5814705 1.5814705 1.7066758 1.7343065 1.7343065 1.7335834 1.7040092 1.7040092 1.7777343 1.7777343 2.0787592 1.5229063 1.5229063 1.5812516 1.5386097 1.5704950 1.4772313 1.4910251 1.5396337 1.5855131 1.5801905 1.5242551 1.5242551 1.4508943 1.4829025 1.9282094 1.9320637 1.9006955 1.8851363 2.2349134 2.0489070 2.1669592 2.1930090 2.1562433 2.2092864 2.2092864 2.1826291 2.1046695 2.1826291 2.1984697 2.1888530 2.0622262 2.0991338 2.1495827 2.2508956 2.0977854 2.1611678 2.1195756 2.0446544 2.0332144 2.0197772 2.0390373 2.1166414 2.1166414 
Plantago_asiatica_mosaic_virus__KU159093    1.3863308 1.3485519 0.2842151 0.2545430 0.2695894 0.0121056 0.0000000 2.0996182 3.2952947 2.0290710 1.8232309 1.7130446 1.8728591 1.6272354 1.6858140 1.6272354 1.5544326 1.5380510 1.5380510 1.6600284 1.6059415 1.7304562 1.6295267 1.5529780 1.5529780 1.5327610 1.5327610 1.6107688 1.5723312 1.7677925 1.7943926 1.7943926 1.6251250 1.6668567 1.6479391 1.7433268 1.7503789 1.5912742 1.5912742 1.7710521 1.7457401 1.7457401 1.7451091 1.7150997 1.7150997 1.7898934 1.7898934 2.0949857 1.5315413 1.5315413 1.5905982 1.5476215 1.5797792 1.4853721 1.4992885 1.5484696 1.5948878 1.5894720 1.5329047 1.5329047 1.4588062 1.4911206 1.9629405 1.9669575 1.9347295 1.9186269 2.2788337 2.0880136 2.2088099 2.2357356 2.1978672 2.2526693 2.2526693 2.2250389 2.1452259 2.2250389 2.2417128 2.2314344 2.1016080 2.1480869 2.1907749 2.2951668 2.1464071 2.2027686 2.1693500 2.0840329 2.0794975 2.0587401 2.0786548 2.1578862 2.1578862 
Senna_mosaic_virus                          1.7791138 2.3681091 1.9050093 1.8266524 1.8505469 2.1389106 2.0996182 0.0000000 1.4528634 1.3782643 1.0496005 0.9598477 0.9845957 0.9714801 0.9666590 0.9714801 2.1556729 2.1212235 2.1212235 2.9776458 2.5379502 2.6596926 2.6632683 2.2551697 2.2551697 2.2286878 2.2286878 2.4343400 2.1757161 2.0560922 2.1489262 2.1489262 1.9679425 1.9333039 1.9431791 2.1175071 2.0991956 1.8602957 1.8602957 2.1252182 2.0525921 2.0525921 2.0583955 2.0026217 2.0026217 2.0738820 2.0738820 1.7767961 2.0523328 2.0523328 2.0780780 2.0074719 2.0011898 2.0313672 2.0177194 2.1227663 2.1618930 2.0898407 2.2248892 2.2248892 2.1531808 2.2049483 2.2914247 2.4181235 2.3299901 2.5054346 2.4000283 2.2508146 2.3108644 2.2849450 2.4008685 2.3701908 2.3701908 2.3416370 2.3037006 2.3416370 2.3644659 2.3245064 2.2692873 2.3821709 2.2685387 2.4080842 2.4290859 2.3862913 2.4060450 2.4363009 2.4194722 2.3966159 2.4206967 2.4776180 2.4776180 
Babaco_mosaic_virus                         1.7929689 2.7899623 5.2559627 3.1844587 3.1095884 3.0995498 3.2952947 1.4528634 0.0000000 1.5003277 1.1840903 1.2285246 1.2390927 1.1693130 1.2146769 1.1693130 2.7360866 2.8069867 2.8069867 2.0880157 1.9281111 2.1638346 2.1222227 1.8447679 1.8447679 1.8443352 1.8443352 1.9869441 1.7899666 2.0937537 2.1655894 2.1655894 2.0217539 2.0754460 2.0855183 2.1553740 2.1640036 1.9839968 1.9839968 2.1225256 2.0912412 2.0912412 2.0688802 2.0189806 2.0189806 1.9934977 1.9934977 2.4975658 2.4376690 2.4376690 2.5219010 2.2763719 2.4303415 2.2968684 2.3347305 2.3936460 2.3412287 2.3433276 2.4487685 2.4487685 2.3595572 2.3786357 2.3569590 2.3626202 2.3726834 2.3075524 3.0494232 2.9246334 2.9978690 2.9582789 3.0146384 2.8769086 2.8769086 2.8372971 2.7404947 2.8372971 2.9491162 2.9503970 2.7217875 2.8887842 2.9497183 2.9902584 3.0588891 2.8727413 2.9209047 2.9859636 2.9653926 2.8317584 2.8192909 2.9353766 2.9353766 
Papaya_mosaic_virus                         1.3369811 1.6924035 2.4220766 2.1319737 2.7322614 1.9340933 2.0290710 1.3782643 1.5003277 0.0000000 1.0208241 1.4478210 1.4941988 1.3514784 1.3937383 1.3514784 4.3297043 4.2219050 4.2219050 1.9528562 1.7593490 1.8959799 1.8388583 1.6817328 1.6817328 1.6076000 1.6076000 1.7630160 1.6979655 2.1807537 2.1300234 2.1300234 1.9850295 2.0678547 2.0416037 2.1889622 2.1456320 1.9814035 1.9814035 2.2359114 2.2017140 2.2017140 2.1570324 2.1538699 2.1538699 2.2059731 2.2059731 2.0818353 2.0462582 2.0462582 1.9686807 1.9323343 1.9035104 2.0116790 2.0573980 2.0930042 2.1375134 2.0628876 2.0696898 2.0696898 1.9474458 2.0191393 2.8378170 2.8139743 2.8921701 2.9620574 3.3187906 3.0125324 3.3858463 3.3332757 3.3200187 3.1650749 3.1650749 3.1793482 3.1329812 3.1793482 3.3251857 3.3834496 3.0405661 3.2399833 3.1780404 3.1438865 3.1896190 3.2954085 3.2818442 3.2700867 3.2946692 3.3669067 3.3520627 3.3212933 3.3212933 
Alternanthera_mosaic_virus__LC107515        1.2022969 1.6727103 1.6944873 1.6018161 1.5274360 1.7057260 1.8232309 1.0496005 1.1840903 1.0208241 0.0000000 0.3177213 0.2995489 0.3249581 0.3234913 0.3249581 2.0838484 2.0502722 2.0502722 2.1547654 1.9211703 1.9302125 1.9100124 1.8396094 1.8396094 1.7914992 1.7914992 1.9754452 1.8310718 1.6517763 1.6697921 1.6697921 1.5562616 1.6211499 1.6039674 1.6768988 1.6839262 1.5850228 1.5850228 1.6402801 1.6485727 1.6485727 1.6810247 1.6441817 1.6441817 1.6843771 1.6843771 2.1847868 1.9991022 1.9991022 1.9837805 1.8840927 1.9262432 1.9465668 1.9628643 2.0167671 2.1049916 2.0318840 1.9356632 1.9356632 1.8875264 1.9491438 2.9268557 2.8353998 2.9155270 2.8592953 2.7330456 2.6717856 2.6453128 2.7410537 2.7867731 2.7040336 2.7040336 2.6669984 2.6406552 2.6669984 2.8163330 2.9540856 2.8007546 2.6915417 2.7169926 2.9041324 2.7872006 2.8310483 2.7215258 2.7041387 2.7213910 2.7274913 2.7580194 2.8392141 2.8392141 
Alternanthera_mosaic_virus__MH423501        1.3277842 1.6535358 1.4750829 1.5335734 1.4588344 1.7100216 1.7130446 0.9598477 1.2285246 1.4478210 0.3177213 0.0000000 0.0411236 0.0408235 0.0374995 0.0408235 2.0319287 2.0824653 2.0824653 2.6836770 2.4185164 2.4085785 2.5194581 2.2267350 2.2267350 2.2532730 2.2532730 2.4491067 2.1917625 1.9241766 1.9046700 1.9046700 1.8549310 1.9244694 1.9015922 2.0009130 1.9636934 1.8265101 1.8265101 1.9700777 1.9800569 1.9800569 1.9850624 1.9384282 1.9384282 1.9024627 1.9024627 1.8374583 1.8476352 1.8476352 1.8330715 1.6885584 1.7748757 1.6642390 1.7930658 1.8230238 1.8862810 1.8230505 1.8256399 1.8256399 1.7797151 1.8373060 2.9949501 3.0047912 3.2066623 3.0303101 2.9689392 2.9639000 3.0202107 2.9784796 2.9584102 2.9971451 2.9971451 2.9530936 2.9650397 2.9530936 3.0135894 3.2741710 2.9079833 2.8969860 3.0225971 3.2268511 3.1564334 3.1449067 2.9307275 2.9956494 2.9414022 2.9625743 2.9975156 3.1509502 3.1509502 
Alternanthera_mosaic_virus__FJ822136        1.3223555 1.6988394 1.6047819 1.5048951 1.4467397 1.8040496 1.8728591 0.9845957 1.2390927 1.4941988 0.2995489 0.0411236 0.0000000 0.0444455 0.0345442 0.0444455 1.9738437 2.0222715 2.0222715 2.5438024 2.2154089 2.2061895 2.3045612 2.0345843 2.0345843 2.1136124 2.1136124 2.2399866 2.0060988 1.9239375 1.9036876 1.9036876 1.8480042 1.9169565 1.8943082 1.9994565 1.9624257 1.8197482 1.8197482 1.9696457 1.9795827 1.9795827 1.9845630 1.9381287 1.9381287 1.9023105 1.9023105 1.7619209 1.9455060 1.9455060 1.9305084 1.7785362 1.8693849 1.7510797 1.8876506 1.9191339 1.9866567 1.9192121 1.9221050 1.9221050 1.9092643 1.9715946 2.8489586 2.8578177 3.0464957 2.8821905 2.7436114 2.7776267 2.7879044 2.7516450 2.7973670 2.8322019 2.8322019 2.7924447 2.8005027 2.7924447 2.8467181 3.0847877 2.7482058 2.7391986 2.7897449 3.0416219 2.9763888 2.9669854 2.7698455 2.8304889 2.7806310 2.7993508 2.8310476 2.9734037 2.9734037 
Alternanthera_mosaic_virus__GQ179646        1.3077406 1.7284714 1.5918260 1.5582890 1.4605573 1.5771205 1.6272354 0.9714801 1.1693130 1.3514784 0.3249581 0.0408235 0.0444455 0.0000000 0.0215711 0.0000010 2.0695143 2.1214204 2.1214204 2.6511344 2.4998782 2.5708530 2.6935061 2.3334730 2.3334730 2.3324634 2.3324634 2.5788294 2.3058930 1.9923014 1.9707903 1.9707903 1.9140256 1.9784994 1.9544821 2.0721474 2.0328903 1.8849846 1.8849846 2.0406669 2.0510222 2.0510222 2.0568206 2.0076598 2.0076598 1.9700412 1.9700412 1.7534688 1.7939622 1.7939622 1.8019147 1.6399191 1.7448634 1.6370041 1.7414347 1.7704173 1.8310633 1.7704174 1.7728357 1.7728357 1.7592712 1.8160909 3.1922139 3.2034980 3.4243696 3.2305815 3.1977525 3.2394495 3.2566287 3.2089490 3.1859909 3.2303680 3.2303680 3.1801231 3.1981149 3.1801231 3.2495879 3.5424748 3.0905448 3.1202098 3.2595952 3.4892510 3.4114582 3.3968190 3.1583662 3.2292581 3.1687812 3.1934838 3.2330626 3.4019998 3.4019998 
Alternanthera_mosaic_virus__AY863024        1.2661909 1.6525168 1.5640105 1.5466571 1.4495901 1.6828989 1.6858140 0.9666590 1.2146769 1.3937383 0.3234913 0.0374995 0.0345442 0.0215711 0.0000000 0.0215711 2.0003310 2.0498917 2.0498917 2.5095692 2.3690227 2.4692691 2.5842080 2.2702002 2.2702002 2.2868251 2.2868251 2.4743719 2.2237862 1.9535925 1.9327382 1.9327382 1.8764101 1.9471351 1.9237601 2.0312193 1.9931079 1.8477268 1.8477268 2.0005910 2.0107416 2.0107416 2.0160903 1.9683309 1.9683309 1.9316247 1.9316247 1.8180030 1.8840789 1.8840789 1.8692864 1.7214131 1.8097575 1.6958569 1.8280582 1.8587099 1.9238238 1.8587556 1.8614671 1.8614671 1.8482300 1.9086861 3.0523174 3.0626450 3.2716941 3.0888251 3.0952466 3.1326881 3.1509302 3.1057371 3.0839920 3.1260125 3.1260125 3.0783459 3.0936195 3.0783459 3.1440669 3.4238409 3.0325533 3.0198510 3.1536481 3.3729845 3.2981142 3.2848075 3.0561801 3.1247129 3.0667717 3.1073190 3.1453381 3.2904495 3.2904495 
Alternanthera_mosaic_virus__GQ179647        1.3077406 1.7284714 1.5918260 1.5582890 1.4605573 1.5771205 1.6272354 0.9714801 1.1693130 1.3514784 0.3249581 0.0408235 0.0444455 0.0000010 0.0215711 0.0000000 2.0695143 2.1214204 2.1214204 2.6511344 2.4998782 2.5708530 2.6935061 2.3334730 2.3334730 2.3324634 2.3324634 2.5788294 2.3058930 1.9923014 1.9707903 1.9707903 1.9140256 1.9784994 1.9544821 2.0721474 2.0328903 1.8849846 1.8849846 2.0406669 2.0510222 2.0510222 2.0568206 2.0076598 2.0076598 1.9700412 1.9700412 1.7534688 1.7939622 1.7939622 1.8019147 1.6399191 1.7448634 1.6370041 1.7414347 1.7704173 1.8310633 1.7704174 1.7728357 1.7728357 1.7592712 1.8160909 3.1922139 3.2034980 3.4243696 3.2305815 3.1977525 3.2394495 3.2566287 3.2089490 3.1859909 3.2303680 3.2303680 3.1801231 3.1981149 3.1801231 3.2495879 3.5424748 3.0905448 3.1202098 3.2595952 3.4892510 3.4114582 3.3968190 3.1583662 3.2292581 3.1687812 3.1934838 3.2330626 3.4019998 3.4019998 
Opuntia_virus__Strain_CC10                  1.5623407 1.7358778 1.7087061 1.4239906 1.6728780 1.5818904 1.5544326 2.1556729 2.7360866 4.3297043 2.0838484 2.0319287 1.9738437 2.0695143 2.0003310 2.0695143 0.0000000 0.0152137 0.0152137 0.9221947 0.9968660 0.9404200 0.9278119 0.8036763 0.8036763 0.8366809 0.8366809 0.9530171 0.8176998 1.0188424 0.9935124 0.9935124 0.9863009 0.9929955 0.9851247 1.0344511 1.0303182 0.9220462 0.9220462 0.9772289 0.9994910 0.9994910 0.9810542 0.9662042 0.9662042 0.9531549 0.9531549 1.3133911 1.1698589 1.1698589 1.1783858 1.1417381 1.1787028 1.1636017 1.1586579 1.2255510 1.2240458 1.2095372 1.1904647 1.1904647 1.1684282 1.1666171 0.9226833 0.9080680 0.9597940 0.9212331 1.1245153 1.1015505 1.0693344 1.0964757 1.1113288 1.0862278 1.0862278 1.0930330 1.0283147 1.0930330 1.1261291 1.0937054 1.0628909 1.0350442 1.0806583 1.1120704 1.0690443 1.0758438 1.0416649 1.0472518 1.0317094 1.0392384 1.0458969 1.0808751 1.0808751 
Opuntia_virus_X__KY348771                   1.5679337 1.7417161 1.7613790 1.4652838 1.7058262 1.5652062 1.5380510 2.1212235 2.8069867 4.2219050 2.0502722 2.0824653 2.0222715 2.1214204 2.0498917 2.1214204 0.0152137 0.0000000 0.0000010 0.9252425 0.9744933 0.9189916 0.9067930 0.7840724 0.7840724 0.8166370 0.8166370 0.9312568 0.8211445 0.9955077 0.9707529 0.9707529 0.9630676 0.9697011 0.9620859 1.0107534 1.0067398 0.8999879 0.8999879 0.9548240 0.9765384 0.9765384 0.9584342 0.9439349 0.9439349 0.9440591 0.9440591 1.2952068 1.1346346 1.1346346 1.1427712 1.1067384 1.1428114 1.1284124 1.1237671 1.1884996 1.1870449 1.1730712 1.1246956 1.1246956 1.1031359 1.1018871 0.9434711 0.9286025 0.9812730 0.9419892 1.0910691 1.0680179 1.0375367 1.0638106 1.0782426 1.0537696 1.0537696 1.0604782 0.9973559 1.0604782 1.0922951 1.0611597 1.0307245 1.0038798 1.0484693 1.0790037 1.0369590 1.0438610 1.0102314 1.0160258 1.0008779 0.9950333 1.0013174 1.0488267 1.0488267 
Opuntia_virus_X__KU854931                   1.5679337 1.7417161 1.7613790 1.4652838 1.7058262 1.5652062 1.5380510 2.1212235 2.8069867 4.2219050 2.0502722 2.0824653 2.0222715 2.1214204 2.0498917 2.1214204 0.0152137 0.0000010 0.0000000 0.9252425 0.9744933 0.9189916 0.9067930 0.7840724 0.7840724 0.8166370 0.8166370 0.9312568 0.8211445 0.9955077 0.9707529 0.9707529 0.9630676 0.9697011 0.9620859 1.0107534 1.0067398 0.8999879 0.8999879 0.9548240 0.9765384 0.9765384 0.9584342 0.9439349 0.9439349 0.9440591 0.9440591 1.2952068 1.1346346 1.1346346 1.1427712 1.1067384 1.1428114 1.1284124 1.1237671 1.1884996 1.1870449 1.1730712 1.1246956 1.1246956 1.1031359 1.1018871 0.9434711 0.9286025 0.9812730 0.9419892 1.0910691 1.0680179 1.0375367 1.0638106 1.0782426 1.0537696 1.0537696 1.0604782 0.9973559 1.0604782 1.0922951 1.0611597 1.0307245 1.0038798 1.0484693 1.0790037 1.0369590 1.0438610 1.0102314 1.0160258 1.0008779 0.9950333 1.0013174 1.0488267 1.0488267 
Schlumbergera_virus_X__KU854929             1.2063624 1.7469163 1.5117362 1.6420289 1.6318105 1.6329125 1.6600284 2.9776458 2.0880157 1.9528562 2.1547654 2.6836770 2.5438024 2.6511344 2.5095692 2.6511344 0.9221947 0.9252425 0.9252425 0.0000000 0.0965484 0.1163615 0.0933845 0.0659373 0.0659373 0.0690376 0.0690376 0.0947467 0.0686344 0.8491434 0.8482767 0.8482767 0.8010150 0.8381200 0.8320050 0.8459677 0.8584382 0.7685792 0.7685792 0.8798280 0.8698397 0.8698397 0.8512437 0.8377294 0.8377294 0.8323453 0.8323453 0.6191005 0.6432063 0.6432063 0.6649100 0.6390471 0.6672793 0.6786643 0.6233442 0.6477681 0.6588681 0.6580637 0.6539849 0.6539849 0.6189252 0.6385191 0.8114803 0.8341019 0.8087470 0.8283471 0.7141586 0.6769599 0.6972268 0.7025317 0.7051544 0.7165815 0.7165815 0.7122277 0.7100505 0.7122277 0.7313132 0.7244366 0.7252543 0.7208814 0.7300431 0.7393489 0.7402889 0.7388756 0.7151260 0.7455566 0.7366005 0.7022915 0.6965748 0.7306730 0.7306730 
SRR11190802_Plant__DH-1_NC_011659           1.1781409 1.5626099 1.4588813 1.5197313 1.6608513 1.5963758 1.6059415 2.5379502 1.9281111 1.7593490 1.9211703 2.4185164 2.2154089 2.4998782 2.3690227 2.4998782 0.9968660 0.9744933 0.9744933 0.0965484 0.0000000 0.0604716 0.0501879 0.0064660 0.0064660 0.0128967 0.0128967 0.0313203 0.0063800 0.8627620 0.8936463 0.8936463 0.8022592 0.8397848 0.8335954 0.8851944 0.8722690 0.7583480 0.7583480 0.8789265 0.8604823 0.8604823 0.8418362 0.8283646 0.8283646 0.8229348 0.8229348 0.6504645 0.5962007 0.5962007 0.6104144 0.5890722 0.6100923 0.6296062 0.5777836 0.6107049 0.6108020 0.6101090 0.6063345 0.6063345 0.5874109 0.5935507 0.8018353 0.8026928 0.7991390 0.8188138 0.7090448 0.6718190 0.6921534 0.6974334 0.7395706 0.7312936 0.7312936 0.7268077 0.7150038 0.7268077 0.7046605 0.7192739 0.7092327 0.7023294 0.7051169 0.7341814 0.7112756 0.7337129 0.6966090 0.7320782 0.7178546 0.6795897 0.6738878 0.7173741 0.7173741 
Schlumbergera_virus_X__KP090203             1.1646642 1.6264263 1.5237791 1.6541085 1.6713074 1.7193310 1.7304562 2.6596926 2.1638346 1.8959799 1.9302125 2.4085785 2.2061895 2.5708530 2.4692691 2.5708530 0.9404200 0.9189916 0.9189916 0.1163615 0.0604716 0.0000000 0.0341469 0.0130877 0.0130877 0.0162641 0.0162641 0.0249974 0.0228052 0.8913329 0.9232512 0.9232512 0.8324167 0.8806189 0.8740027 0.9144644 0.9011243 0.7846706 0.7846706 0.9080563 0.8890129 0.8890129 0.8699394 0.8559185 0.8559185 0.8504543 0.8504543 0.6632108 0.6473965 0.6473965 0.6627822 0.6318547 0.6536439 0.6832543 0.6277866 0.6630208 0.6631045 0.6622923 0.6581992 0.6581992 0.6385307 0.6448755 0.8168967 0.7960976 0.8361831 0.8341196 0.7169928 0.6720219 0.6879720 0.7052423 0.7478845 0.7398437 0.7398437 0.7352720 0.7209549 0.7352720 0.7126122 0.7274001 0.7173348 0.7102929 0.7330607 0.7629971 0.7193300 0.7419814 0.7045318 0.7403852 0.7259698 0.6947615 0.6890138 0.7254715 0.7254715 
Schlumbergera_virus_X__Strain_K11           1.1107064 1.6286234 1.4824169 1.6054284 1.6569540 1.6196816 1.6295267 2.6632683 2.1222227 1.8388583 1.9100124 2.5194581 2.3045612 2.6935061 2.5842080 2.6935061 0.9278119 0.9067930 0.9067930 0.0933845 0.0501879 0.0341469 0.0000000 0.0130217 0.0130217 0.0227927 0.0227927 0.0280651 0.0193871 0.8849950 0.9166972 0.9166972 0.8263286 0.8619440 0.8555207 0.9079804 0.8947270 0.7788052 0.7788052 0.9016010 0.8826828 0.8826828 0.8636971 0.8497938 0.8497938 0.8414334 0.8414334 0.6442580 0.6106093 0.6106093 0.6250789 0.5950360 0.6160709 0.6445309 0.6099065 0.6253543 0.6254472 0.6247252 0.6208796 0.6208796 0.6018398 0.6080077 0.7855118 0.7863434 0.8041785 0.8022171 0.6954852 0.6513657 0.6788903 0.6840455 0.7255597 0.7173647 0.7173647 0.7129967 0.7011622 0.7129967 0.6910713 0.7054691 0.6954154 0.6861092 0.7110217 0.7401930 0.6975489 0.7197467 0.6804366 0.7180391 0.7014191 0.6779469 0.6722448 0.7036074 0.7036074 
SRR11190798_Plant__DH-3_NC_011659           1.1615943 1.5395710 1.4641439 1.5131043 1.6428673 1.5208086 1.5529780 2.2551697 1.8447679 1.6817328 1.8396094 2.2267350 2.0345843 2.3334730 2.2702002 2.3334730 0.8036763 0.7840724 0.7840724 0.0659373 0.0064660 0.0130877 0.0130217 0.0000000 0.0000010 0.0000010 0.0000010 0.0000010 0.0000010 0.7280933 0.7559629 0.7559629 0.6818958 0.7104626 0.7052744 0.7486304 0.7368493 0.6346305 0.6346305 0.7319491 0.7258989 0.7258989 0.7081909 0.7084626 0.7084626 0.6910215 0.6910215 0.5752145 0.5451414 0.5451414 0.5591063 0.5392054 0.5635886 0.5783113 0.5267320 0.5594621 0.5595798 0.5589553 0.5636753 0.5636753 0.5441670 0.5505225 0.6941261 0.6948724 0.7042010 0.7104463 0.5805391 0.5649975 0.5717415 0.5717415 0.6103424 0.6047801 0.6047801 0.6011187 0.5964217 0.6011187 0.5774909 0.5754094 0.5801834 0.5826379 0.5872550 0.6051876 0.5911046 0.6045571 0.5769310 0.6054913 0.5974579 0.5588300 0.5531480 0.5868469 0.5868469 
SRR11190801_Plant__DH-2_NC_011659           1.1615943 1.5395710 1.4641439 1.5131043 1.6428673 1.5208086 1.5529780 2.2551697 1.8447679 1.6817328 1.8396094 2.2267350 2.0345843 2.3334730 2.2702002 2.3334730 0.8036763 0.7840724 0.7840724 0.0659373 0.0064660 0.0130877 0.0130217 0.0000010 0.0000000 0.0000010 0.0000010 0.0000010 0.0000010 0.7280933 0.7559629 0.7559629 0.6818958 0.7104626 0.7052744 0.7486304 0.7368493 0.6346305 0.6346305 0.7319491 0.7258989 0.7258989 0.7081909 0.7084626 0.7084626 0.6910215 0.6910215 0.5752145 0.5451414 0.5451414 0.5591063 0.5392054 0.5635886 0.5783113 0.5267320 0.5594621 0.5595798 0.5589553 0.5636753 0.5636753 0.5441670 0.5505225 0.6941261 0.6948724 0.7042010 0.7104463 0.5805391 0.5649975 0.5717415 0.5717415 0.6103424 0.6047801 0.6047801 0.6011187 0.5964217 0.6011187 0.5774909 0.5754094 0.5801834 0.5826379 0.5872550 0.6051876 0.5911046 0.6045571 0.5769310 0.6054913 0.5974579 0.5588300 0.5531480 0.5868469 0.5868469 
SRR11603189_RR-peel-3_NC_011659             1.0622356 1.5708074 1.4516994 1.4932813 1.5431871 1.5015209 1.5327610 2.2286878 1.8443352 1.6076000 1.7914992 2.2532730 2.1136124 2.3324634 2.2868251 2.3324634 0.8366809 0.8166370 0.8166370 0.0690376 0.0128967 0.0162641 0.0227927 0.0000010 0.0000010 0.0000000 0.0000010 0.0032165 0.0000010 0.7929187 0.8015176 0.8015176 0.7303417 0.7700173 0.7642808 0.8148390 0.8022339 0.6842353 0.6842353 0.7855707 0.7790190 0.7790190 0.7606226 0.7480747 0.7480747 0.7486371 0.7486371 0.6032911 0.5595210 0.5595210 0.5718107 0.5483026 0.5678453 0.5997948 0.5409493 0.5740225 0.5741352 0.5734845 0.5697355 0.5697355 0.5502967 0.5566267 0.7294023 0.7406064 0.7267797 0.7462020 0.6591821 0.6399033 0.6519070 0.6571076 0.6795972 0.6711781 0.6711781 0.6669424 0.6602046 0.6669424 0.6544159 0.6691030 0.6541930 0.6604163 0.6650453 0.6946395 0.6755119 0.6838295 0.6544654 0.6791014 0.6763304 0.6346087 0.6286860 0.6645785 0.6645785 
SRR11603187_RR-pulp-2_NC_011659             1.0622356 1.5708074 1.4516994 1.4932813 1.5431871 1.5015209 1.5327610 2.2286878 1.8443352 1.6076000 1.7914992 2.2532730 2.1136124 2.3324634 2.2868251 2.3324634 0.8366809 0.8166370 0.8166370 0.0690376 0.0128967 0.0162641 0.0227927 0.0000010 0.0000010 0.0000010 0.0000000 0.0032165 0.0000010 0.7929187 0.8015176 0.8015176 0.7303417 0.7700173 0.7642808 0.8148390 0.8022339 0.6842353 0.6842353 0.7855707 0.7790190 0.7790190 0.7606226 0.7480747 0.7480747 0.7486371 0.7486371 0.6032911 0.5595210 0.5595210 0.5718107 0.5483026 0.5678453 0.5997948 0.5409493 0.5740225 0.5741352 0.5734845 0.5697355 0.5697355 0.5502967 0.5566267 0.7294023 0.7406064 0.7267797 0.7462020 0.6591821 0.6399033 0.6519070 0.6571076 0.6795972 0.6711781 0.6711781 0.6669424 0.6602046 0.6669424 0.6544159 0.6691030 0.6541930 0.6604163 0.6650453 0.6946395 0.6755119 0.6838295 0.6544654 0.6791014 0.6763304 0.6346087 0.6286860 0.6645785 0.6645785 
SRR11603183_GW-peel-2_NC_011659             1.1159367 1.4964610 1.4062520 1.5612221 1.6228631 1.5785560 1.6107688 2.4343400 1.9869441 1.7630160 1.9754452 2.4491067 2.2399866 2.5788294 2.4743719 2.5788294 0.9530171 0.9312568 0.9312568 0.0947467 0.0313203 0.0249974 0.0280651 0.0000010 0.0000010 0.0032165 0.0032165 0.0000000 0.0000010 0.8295572 0.8595440 0.8595440 0.7727643 0.8064766 0.8005758 0.8514003 0.8388266 0.7268846 0.7268846 0.8340506 0.8273057 0.8273057 0.8089864 0.7960383 0.7960383 0.7906003 0.7906003 0.6232253 0.6013847 0.6013847 0.6159153 0.5908395 0.6121151 0.6355085 0.5825972 0.6162046 0.6163016 0.6155868 0.6291157 0.6291157 0.6096439 0.6159462 0.7691458 0.7699617 0.7768072 0.7857775 0.6659972 0.6383955 0.6498531 0.6547960 0.6954527 0.6873413 0.6873413 0.6831747 0.6711369 0.6831747 0.6614705 0.6755661 0.6653744 0.6672570 0.6619734 0.6900828 0.6760205 0.6896661 0.6615729 0.6951267 0.6824950 0.6460830 0.6404027 0.6712128 0.6712128 
SRR11603184_GW-peel-1_NC_011659             1.0894777 1.4029199 1.3920355 1.4700402 1.5585699 1.5400578 1.5723312 2.1757161 1.7899666 1.6979655 1.8310718 2.1917625 2.0060988 2.3058930 2.2237862 2.3058930 0.8176998 0.8211445 0.8211445 0.0686344 0.0063800 0.0228052 0.0193871 0.0000010 0.0000010 0.0000010 0.0000010 0.0000010 0.0000000 0.7753297 0.8044061 0.8044061 0.7282220 0.7516570 0.7461200 0.7966271 0.7843880 0.6736322 0.6736322 0.7795149 0.7730887 0.7730887 0.7549660 0.7426581 0.7426581 0.7371000 0.7371000 0.5852886 0.5721014 0.5721014 0.5865030 0.5664557 0.5825492 0.6061179 0.5533048 0.5868309 0.5869397 0.5862643 0.5909980 0.5909980 0.5713443 0.5777309 0.7302628 0.7333537 0.7379751 0.7493350 0.6234518 0.5955295 0.6076129 0.6123484 0.6526910 0.6445171 0.6445171 0.6405458 0.6279311 0.6405458 0.6186627 0.6182663 0.6220109 0.6242256 0.6192161 0.6570539 0.6330024 0.6468019 0.6184248 0.6478879 0.6395329 0.6052756 0.5995121 0.6283907 0.6283907 
MG210801                                    1.2575584 1.4903226 2.0333314 1.7870138 2.1434273 1.7561009 1.7677925 2.0560922 2.0937537 2.1807537 1.6517763 1.9241766 1.9239375 1.9923014 1.9535925 1.9923014 1.0188424 0.9955077 0.9955077 0.8491434 0.8627620 0.8913329 0.8849950 0.7280933 0.7280933 0.7929187 0.7929187 0.8295572 0.7753297 0.0000000 0.0123658 0.0123658 0.0031187 0.0031089 0.0030988 0.0154082 0.0122903 0.0031678 0.0031678 0.0154794 0.0091787 0.0091787 0.0124248 0.0124200 0.0124200 0.0093201 0.0093201 0.7637974 0.7085115 0.7085115 0.7113440 0.6737240 0.7165985 0.7213464 0.6879260 0.7302568 0.7138261 0.7128618 0.7407299 0.7407299 0.6989108 0.7208419 0.8996132 0.8764013 0.8965703 0.9097713 0.8649972 0.7951208 0.8404060 0.8342234 0.8459099 0.8504290 0.8504290 0.8448076 0.8282729 0.8448076 0.8437521 0.8794062 0.8338382 0.8251979 0.8693153 0.8800782 0.8540702 0.8797186 0.8190682 0.8758971 0.8507604 0.7900949 0.7947145 0.8693800 0.8693800 
SRR11190800_Plant__BSJ-2_NC_024458          1.2821140 1.4759025 2.0828804 1.7729567 2.1266754 1.7822791 1.7943926 2.1489262 2.1655894 2.1300234 1.6697921 1.9046700 1.9036876 1.9707903 1.9327382 1.9707903 0.9935124 0.9707529 0.9707529 0.8482767 0.8936463 0.9232512 0.9166972 0.7559629 0.7559629 0.8015176 0.8015176 0.8595440 0.8044061 0.0123658 0.0000000 0.0000010 0.0062646 0.0062448 0.0062244 0.0218607 0.0186816 0.0063637 0.0063637 0.0187293 0.0123385 0.0123385 0.0156601 0.0156541 0.0156541 0.0124821 0.0124821 0.8046446 0.7402833 0.7402833 0.7509388 0.7046301 0.7491223 0.7333783 0.7188424 0.7629253 0.7458840 0.7448298 0.7530558 0.7530558 0.7104208 0.7327826 0.8857793 0.8629237 0.8827867 0.8957798 0.9111904 0.8421395 0.8856666 0.8790558 0.8912745 0.8961715 0.8961715 0.8901089 0.8734426 0.8901089 0.8893689 0.9266335 0.8794818 0.8700960 0.9161131 0.9273355 0.9003678 0.9269071 0.8638332 0.9229643 0.8966210 0.8330529 0.8380112 0.9159047 0.9159047 
SRR11190791_Plant__BSJ-1_NC_024458          1.2821140 1.4759025 2.0828804 1.7729567 2.1266754 1.7822791 1.7943926 2.1489262 2.1655894 2.1300234 1.6697921 1.9046700 1.9036876 1.9707903 1.9327382 1.9707903 0.9935124 0.9707529 0.9707529 0.8482767 0.8936463 0.9232512 0.9166972 0.7559629 0.7559629 0.8015176 0.8015176 0.8595440 0.8044061 0.0123658 0.0000010 0.0000000 0.0062646 0.0062448 0.0062244 0.0218607 0.0186816 0.0063637 0.0063637 0.0187293 0.0123385 0.0123385 0.0156601 0.0156541 0.0156541 0.0124821 0.0124821 0.8046446 0.7402833 0.7402833 0.7509388 0.7046301 0.7491223 0.7333783 0.7188424 0.7629253 0.7458840 0.7448298 0.7530558 0.7530558 0.7104208 0.7327826 0.8857793 0.8629237 0.8827867 0.8957798 0.9111904 0.8421395 0.8856666 0.8790558 0.8912745 0.8961715 0.8961715 0.8901089 0.8734426 0.8901089 0.8893689 0.9266335 0.8794818 0.8700960 0.9161131 0.9273355 0.9003678 0.9269071 0.8638332 0.9229643 0.8966210 0.8330529 0.8380112 0.9159047 0.9159047 
SRR11190802_Plant__DH-1_NC_024458           1.2326796 1.3443170 1.9112753 1.6249497 1.9511471 1.6150394 1.6251250 1.9679425 2.0217539 1.9850295 1.5562616 1.8549310 1.8480042 1.9140256 1.8764101 1.9140256 0.9863009 0.9630676 0.9630676 0.8010150 0.8022592 0.8324167 0.8263286 0.6818958 0.6818958 0.7303417 0.7303417 0.7727643 0.7282220 0.0031187 0.0062646 0.0062646 0.0000000 0.0000010 0.0000010 0.0062599 0.0000010 0.0000010 0.0000010 0.0062936 0.0000010 0.0000010 0.0031574 0.0031562 0.0031562 0.0031574 0.0031574 0.7317215 0.6854235 0.6854235 0.6781028 0.6504254 0.6931652 0.6783634 0.6649603 0.7070578 0.6906588 0.6897344 0.6976382 0.6976382 0.6567421 0.6781733 0.8278438 0.8057644 0.8133306 0.8257313 0.8376372 0.7677527 0.8105642 0.8045354 0.8277618 0.8204897 0.8204897 0.8150360 0.7982464 0.8150360 0.8137529 0.8517458 0.8036181 0.7952851 0.8390933 0.8497909 0.8238470 0.8494675 0.7891137 0.8456477 0.8207557 0.7607506 0.7652370 0.8393368 0.8393368 
SRR11190801_Plant__DH-2_NC_024458           1.2700804 1.4059843 1.9941455 1.6796398 1.9761993 1.6562561 1.6668567 1.9333039 2.0754460 2.0678547 1.6211499 1.9244694 1.9169565 1.9784994 1.9471351 1.9784994 0.9929955 0.9697011 0.9697011 0.8381200 0.8397848 0.8806189 0.8619440 0.7104626 0.7104626 0.7700173 0.7700173 0.8064766 0.7516570 0.0031089 0.0062448 0.0062448 0.0000010 0.0000000 0.0000010 0.0062401 0.0000010 0.0000010 0.0000010 0.0062736 0.0000010 0.0000010 0.0031474 0.0031461 0.0031461 0.0031474 0.0031474 0.7492068 0.7120556 0.7120556 0.7149888 0.6764241 0.7204045 0.7050127 0.6909369 0.7343758 0.7175176 0.7165222 0.7246525 0.7246525 0.6825442 0.7046185 0.8410932 0.8187703 0.8381842 0.8508615 0.8406571 0.7706347 0.8135270 0.8074721 0.8307611 0.8234790 0.8234790 0.8179992 0.8012054 0.8179992 0.8167368 0.8548249 0.8066060 0.7982275 0.8421423 0.8528637 0.8268707 0.8525361 0.7920490 0.8487098 0.8237519 0.7635725 0.7680805 0.8423678 0.8423678 
SRR11190798_Plant__DH-3_NC_024458           1.2582620 1.3918367 1.9683095 1.6605958 1.9867982 1.6376209 1.6479391 1.9431791 2.0855183 2.0416037 1.6039674 1.9015922 1.8943082 1.9544821 1.9237601 1.9544821 0.9851247 0.9620859 0.9620859 0.8320050 0.8335954 0.8740027 0.8555207 0.7052744 0.7052744 0.7642808 0.7642808 0.8005758 0.7461200 0.0030988 0.0062244 0.0062244 0.0000010 0.0000010 0.0000000 0.0062197 0.0000010 0.0000010 0.0000010 0.0062530 0.0000010 0.0000010 0.0031370 0.0031358 0.0031358 0.0031370 0.0031370 0.7440025 0.7072155 0.7072155 0.7100864 0.6718254 0.7154233 0.7001951 0.6862908 0.7293299 0.7126168 0.7116380 0.7196975 0.7196975 0.6779588 0.6998389 0.8349122 0.8127995 0.8320329 0.8445883 0.8470602 0.7770267 0.8199101 0.8138236 0.8371565 0.8298807 0.8298807 0.8243660 0.8076311 0.8243660 0.8231529 0.8613038 0.8130719 0.8046296 0.8486016 0.8593359 0.8333329 0.8590005 0.7984620 0.8551740 0.8301674 0.7698642 0.7743991 0.8487886 0.8487886 
SRR11190795_Plant__FR-3_NC_024458           1.2387469 1.5132730 2.0251588 1.7608682 2.1102744 1.7319406 1.7433268 2.1175071 2.1553740 2.1889622 1.6768988 2.0009130 1.9994565 2.0721474 2.0312193 2.0721474 1.0344511 1.0107534 1.0107534 0.8459677 0.8851944 0.9144644 0.9079804 0.7486304 0.7486304 0.8148390 0.8148390 0.8514003 0.7966271 0.0154082 0.0218607 0.0218607 0.0062599 0.0062401 0.0062197 0.0000000 0.0091908 0.0063588 0.0063588 0.0250191 0.0185424 0.0185424 0.0219655 0.0219571 0.0219571 0.0188325 0.0188325 0.7972828 0.7234851 0.7234851 0.7484913 0.6886181 0.7319205 0.7250640 0.7025081 0.7456406 0.7289318 0.7279261 0.7359878 0.7359878 0.6942098 0.7161187 0.8965703 0.8734200 0.8935362 0.9067011 0.8769598 0.8065253 0.8524756 0.8461875 0.8579997 0.8626123 0.8626123 0.8568819 0.8403317 0.8568819 0.8815845 0.8916207 0.8587760 0.8371892 0.8817537 0.8926251 0.8663950 0.8922478 0.8310324 0.8883979 0.8629735 0.8016196 0.8063225 0.8817464 0.8817464 
Pitaya_virus_X                              1.2720682 1.5197121 2.0338502 1.7679610 2.1204043 1.7389030 1.7503789 2.0991956 2.1640036 2.1456320 1.6839262 1.9636934 1.9624257 2.0328903 1.9931079 2.0328903 1.0303182 1.0067398 1.0067398 0.8584382 0.8722690 0.9011243 0.8947270 0.7368493 0.7368493 0.8022339 0.8022339 0.8388266 0.7843880 0.0122903 0.0186816 0.0186816 0.0000010 0.0000010 0.0000010 0.0091908 0.0000000 0.0031697 0.0031697 0.0218263 0.0154056 0.0154056 0.0187711 0.0187639 0.0187639 0.0156467 0.0156467 0.7912300 0.7429101 0.7429101 0.7460956 0.7073967 0.7517598 0.7360441 0.7215224 0.7654956 0.7485018 0.7474462 0.7556498 0.7556498 0.7131319 0.7354325 0.9098358 0.8864211 0.9067636 0.9200849 0.8898478 0.8188204 0.8651348 0.8587349 0.8706810 0.8753932 0.8753932 0.8695470 0.8529797 0.8695470 0.8686644 0.9047789 0.8587876 0.8497655 0.8948055 0.9057920 0.8793257 0.9053961 0.8435792 0.9015166 0.8757866 0.8136993 0.8184908 0.8947223 0.8947223 
SRR11603182_GW-peel-3_NC_024458             1.1831028 1.3516545 1.9047319 1.6372822 1.9568971 1.5814705 1.5912742 1.8602957 1.9839968 1.9814035 1.5850228 1.8265101 1.8197482 1.8849846 1.8477268 1.8849846 0.9220462 0.8999879 0.8999879 0.7685792 0.7583480 0.7846706 0.7788052 0.6346305 0.6346305 0.6842353 0.6842353 0.7268846 0.6736322 0.0031678 0.0063637 0.0063637 0.0000010 0.0000010 0.0000010 0.0063588 0.0031697 0.0000000 0.0000010 0.0063936 0.0000010 0.0000010 0.0032078 0.0032065 0.0032065 0.0032078 0.0032078 0.7284735 0.6729883 0.6729883 0.6755425 0.6337827 0.6704755 0.6658003 0.6524958 0.6946617 0.6782033 0.6772962 0.6852262 0.6852262 0.6442267 0.6657062 0.7989376 0.7770812 0.7961061 0.8113704 0.8251155 0.7546857 0.7978609 0.7918478 0.8151747 0.8078308 0.8078308 0.8024027 0.7853582 0.8024027 0.8010100 0.8391901 0.8033822 0.7824207 0.8264718 0.8493748 0.8110942 0.8369216 0.7761765 0.8330714 0.8080720 0.7478363 0.7478363 0.8155637 0.8155637 
SRR11603184_GW-peel-1_NC_024458             1.1831028 1.3516545 1.9047319 1.6372822 1.9568971 1.5814705 1.5912742 1.8602957 1.9839968 1.9814035 1.5850228 1.8265101 1.8197482 1.8849846 1.8477268 1.8849846 0.9220462 0.8999879 0.8999879 0.7685792 0.7583480 0.7846706 0.7788052 0.6346305 0.6346305 0.6842353 0.6842353 0.7268846 0.6736322 0.0031678 0.0063637 0.0063637 0.0000010 0.0000010 0.0000010 0.0063588 0.0031697 0.0000010 0.0000000 0.0063936 0.0000010 0.0000010 0.0032078 0.0032065 0.0032065 0.0032078 0.0032078 0.7284735 0.6729883 0.6729883 0.6755425 0.6337827 0.6704755 0.6658003 0.6524958 0.6946617 0.6782033 0.6772962 0.6852262 0.6852262 0.6442267 0.6657062 0.7989376 0.7770812 0.7961061 0.8113704 0.8251155 0.7546857 0.7978609 0.7918478 0.8151747 0.8078308 0.8078308 0.8024027 0.7853582 0.8024027 0.8010100 0.8391901 0.8033822 0.7824207 0.8264718 0.8493748 0.8110942 0.8369216 0.7761765 0.8330714 0.8080720 0.7478363 0.7478363 0.8155637 0.8155637 
SRR11190793_Plant__BR-2_NC_024458           1.2958131 1.4956129 2.1042565 1.7903280 2.0797105 1.7066758 1.7710521 2.1252182 2.1225256 2.2359114 1.6402801 1.9700777 1.9696457 2.0406669 2.0005910 2.0406669 0.9772289 0.9548240 0.9548240 0.8798280 0.8789265 0.9080563 0.9016010 0.7319491 0.7319491 0.7855707 0.7855707 0.8340506 0.7795149 0.0154794 0.0187293 0.0187293 0.0062936 0.0062736 0.0062530 0.0250191 0.0218263 0.0063936 0.0063936 0.0000000 0.0061368 0.0061368 0.0093467 0.0093431 0.0093431 0.0093771 0.0093771 0.7733536 0.6984076 0.6984076 0.7011212 0.6640183 0.7062319 0.6915406 0.6781606 0.7197987 0.7036138 0.7026804 0.7104843 0.7104843 0.6700697 0.6912567 0.8715477 0.8490049 0.8686002 0.8814100 0.8584859 0.7891439 0.8340899 0.8279837 0.8623708 0.8440197 0.8440197 0.8384742 0.8220058 0.8384742 0.8373786 0.8727126 0.8274905 0.8161669 0.8627085 0.8733786 0.8446822 0.8730295 0.8100807 0.8689135 0.8414690 0.7839215 0.7884808 0.8624905 0.8624905 
SRR11190796_Plant__FR-2_NC_024458           1.2899524 1.5034859 2.0967369 1.7648497 2.1161044 1.7343065 1.7457401 2.0525921 2.0912412 2.2017140 1.6485727 1.9800569 1.9795827 2.0510222 2.0107416 2.0510222 0.9994910 0.9765384 0.9765384 0.8698397 0.8604823 0.8890129 0.8826828 0.7258989 0.7258989 0.7790190 0.7790190 0.8273057 0.7730887 0.0091787 0.0123385 0.0123385 0.0000010 0.0000010 0.0000010 0.0185424 0.0154056 0.0000010 0.0000010 0.0061368 0.0000000 0.0000010 0.0030785 0.0030774 0.0030774 0.0030884 0.0030884 0.7826376 0.7065119 0.7065119 0.7093253 0.6717502 0.7145595 0.6996132 0.6859623 0.7282215 0.7118134 0.7108537 0.7187667 0.7187667 0.6777768 0.6992675 0.8911633 0.8681334 0.8881463 0.9012412 0.8776271 0.8070949 0.8527852 0.8464867 0.8816294 0.8629372 0.8629372 0.8571970 0.8406261 0.8571970 0.8562266 0.8923166 0.8463190 0.8374781 0.8821091 0.8929968 0.8667284 0.8926186 0.8313130 0.8887631 0.8632997 0.8018544 0.8065648 0.8820996 0.8820996 
