92
Clover_yellow_mosaic_virus                  0.0000000 1.9680531 1.9632097 1.9889978 2.0944074 1.9408648 1.9122603 1.9958617 1.8643960 1.9263143 1.8957834 1.9769771 1.9713555 1.9543419 1.9763382 1.9861595 2.1537680 2.1793880 2.1545973 2.2403330 2.2463064 2.2909070 2.2755559 1.9511778 1.9380175 2.1255066 1.9831925 2.1992655 1.9857127 2.3469183 2.2292769 2.2292769 2.1861280 2.1988311 2.1776561 2.2595053 2.2671431 2.1853686 2.1706739 2.1881747 2.2542090 2.2313865 2.2285129 2.2346146 2.2355770 2.2339928 2.2536090 2.2520920 1.4103803 2.1495173 2.1590748 2.1813370 2.0534404 2.0632601 2.1207690 1.3315962 2.1724609 1.3090531 2.1382214 2.1445779 2.1524789 2.1516866 2.1514537 2.2760497 1.5484976 2.2732565 2.2942895 2.1970113 2.2898909 2.2857551 2.2684888 2.2529605 2.2486239 2.2627803 2.1603195 2.2437186 2.2779641 1.5037629 2.1224980 2.1760478 2.2469562 2.3857049 2.2123962 2.2226974 2.1512117 2.2554113 2.2817771 2.2624012 2.2600886 2.2827393 2.2862325 2.2883866 
Hydrangea_ringspot_virus                    1.9680531 0.0000000 1.2079287 1.3819238 1.3251122 1.3458074 1.3440616 1.6980238 1.7496732 1.6002953 1.5697188 1.5545317 1.5877204 1.5807544 1.6046690 1.6256615 1.7692271 1.7443452 1.7275879 1.7954304 1.8380750 1.7999452 1.8514027 1.6090090 1.5904350 1.7709492 1.6252665 1.8267261 1.6236992 1.7612655 1.7822066 1.7822066 1.7210119 1.7151479 1.7073607 1.7805794 1.7669885 1.7160018 1.7234698 1.7242416 1.7819451 1.7467440 1.7459976 1.7532886 1.7647407 1.7606301 1.7602840 1.7602840 1.3384079 1.5814898 1.5951169 1.6014946 1.5884528 1.5895832 1.6654650 1.3268220 1.6602352 1.3608739 1.6299189 1.6240829 1.6318755 1.6229079 1.6210924 1.7035650 1.5274262 1.7429847 1.6649749 1.6242980 1.6915857 1.6804776 1.7013096 1.6968035 1.6952246 1.6983642 1.6396259 1.6966685 1.6838155 1.3731839 1.5908697 1.6170727 1.6657376 1.7412463 1.6445924 1.6518096 1.6025622 1.6749861 1.6843443 1.6639368 1.6592396 1.6836251 1.6821617 1.6836251 
Plantago_asiatica_mosaic_virus__KU697313    1.9632097 1.2079287 0.0000000 0.3948554 0.4112655 0.4001120 0.3919111 1.9640709 2.1886493 1.9546162 1.7939817 1.8207888 1.8446499 1.8590028 1.8973479 1.8953062 2.1511823 2.1016960 2.0937727 2.1041274 2.1806536 2.1210440 2.1512751 1.8890414 1.8763623 2.0325076 1.8618240 2.0884123 1.8820298 2.1799824 2.0455718 2.0455718 1.9639003 1.9840850 1.9826960 2.0436045 2.0528881 1.9580544 1.9544451 1.9603122 2.0471170 2.0385863 2.0353223 2.0192708 2.0285683 2.0293923 2.0364954 2.0364954 1.6597719 1.8245300 1.8364959 1.7937769 1.7771561 1.8217140 1.8805264 1.6044689 1.8780531 1.5838379 1.8733071 1.8735416 1.8811122 1.8726388 1.8670973 1.9127942 1.7377514 1.9248921 1.9033806 1.8585690 1.9189468 1.9115934 1.9321991 1.9124759 1.9084696 1.9129536 1.8067584 1.8939338 1.8590242 1.6849517 1.7639249 1.8131234 1.8813962 1.9983768 1.8255117 1.8447567 1.8136784 1.8763874 1.8750567 1.8555007 1.8548174 1.8991654 1.8981791 1.8999671 
Nandina_mosaic_virus                        1.9889978 1.3819238 0.3948554 0.0000000 0.3899142 0.4166051 0.4089095 2.1924464 2.2085916 1.9509928 1.8859266 1.8969479 1.9342360 1.8866559 1.9033078 1.9246063 2.1146905 2.0569138 2.0765856 2.0938794 2.1833439 2.1569124 2.2009766 1.9288215 1.9175929 2.0578443 1.9027657 2.1369591 1.9087010 2.4293918 2.2154764 2.2154764 2.1795353 2.1777092 2.1628251 2.2352024 2.2460108 2.1567368 2.1523129 2.1559080 2.2283584 2.2129079 2.2120329 2.2008299 2.2183799 2.2159586 2.2077627 2.2077627 1.8025964 1.8225024 1.8293438 1.7849237 1.7327546 1.7689156 1.8717595 1.5620022 1.8760607 1.6229825 1.8642149 1.8711729 1.8774928 1.8602991 1.8604058 2.1515924 1.8141965 2.1521976 2.0520334 2.0388389 2.0737533 2.0582383 2.1515092 2.1160870 2.1162885 2.1376426 2.0614353 2.1145891 2.0768352 1.9521796 1.9789087 2.0428449 2.0997105 2.2746364 2.0535006 2.0516061 2.0046455 2.0812437 2.0878560 2.0613570 2.0609102 2.0973664 2.0961119 2.0982225 
Plantago_asiatica_mosaic_virus__LC155795    2.0944074 1.3251122 0.4112655 0.3899142 0.0000000 0.4328504 0.4266861 2.0577218 2.0522104 1.8766047 1.8304827 1.8615597 1.8954508 1.8984216 1.9236645 1.9577279 2.1605714 2.1509267 2.1284613 2.1443873 2.2807777 2.1695250 2.2359787 1.9122544 1.9122296 2.0512220 1.9178699 2.1163316 1.9428926 2.3230980 2.1779630 2.1779630 2.1142679 2.1294143 2.1302099 2.1856676 2.1687964 2.0935651 2.0899942 2.0975312 2.1820631 2.1847812 2.1816314 2.1609229 2.1738925 2.1715306 2.1730461 2.1730461 1.7262170 1.8577646 1.8753259 1.8453080 1.8177681 1.8267403 1.9103535 1.9604947 1.8751274 1.9027004 1.8926045 1.8862624 1.8938484 1.8858798 1.8850387 2.1106608 2.0758848 2.1252264 1.9532220 1.9001711 1.9232820 1.9152829 1.9996189 1.9782930 1.9724600 1.9832096 1.9047036 1.9610780 1.9671917 1.8473387 1.8666405 1.9021677 1.9823673 2.0990511 1.9287314 1.9509014 1.9134564 1.9550804 1.9891979 1.9809661 1.9804527 1.9693467 1.9702787 1.9721778 
Plantago_asiatica_mosaic_virus__KT717325    1.9408648 1.3458074 0.4001120 0.4166051 0.4328504 0.0000000 0.0133375 2.1244568 2.1070416 1.9479603 1.8380592 1.7763439 1.7973711 1.7785673 1.8463689 1.8330591 2.2373238 2.2190808 2.2300771 2.1292740 2.1625979 2.1351137 2.1740743 1.8912087 1.8908627 2.0162284 1.8645113 2.1045817 1.8948050 2.2240820 2.1241158 2.1241158 2.0703810 2.0569935 2.0604935 2.1086044 2.0880453 2.0376757 2.0318128 2.0450247 2.1235050 2.1059990 2.1025934 2.1156377 2.1232575 2.1241951 2.1068576 2.1068576 1.7038619 1.8189077 1.8220954 1.8463445 1.7751547 1.8145863 1.8895630 1.6293429 1.9131589 1.6669112 1.8557393 1.8755019 1.8824577 1.8551555 1.8552861 2.1120287 1.9667233 2.1245954 2.0290747 1.9753072 2.0462397 2.0367992 2.0734787 2.0150379 2.0097876 2.0143945 1.9621944 2.0092763 2.0283848 1.8428407 1.9312522 1.9361863 2.0374428 2.1586315 1.9844988 2.0037262 1.9554918 1.9903900 2.0001113 1.9950739 1.9997662 2.0235964 2.0196203 2.0216065 
Plantago_asiatica_mosaic_virus__KU159093    1.9122603 1.3440616 0.3919111 0.4089095 0.4266861 0.0133375 0.0000000 2.1166286 2.1451416 1.9782713 1.8242255 1.7693105 1.7962582 1.7735608 1.8408723 1.8330958 2.2098430 2.1865230 2.2015034 2.1535697 2.2042681 2.1584158 2.1916982 1.9092954 1.9090111 2.0361659 1.8812225 2.1303565 1.9171226 2.2226638 2.1168509 2.1168509 2.0679615 2.0502544 2.0536728 2.1035976 2.0885461 2.0323953 2.0265472 2.0397200 2.1139898 2.0991227 2.0957299 2.1057460 2.1163060 2.1172355 2.1029189 2.1029189 1.7259507 1.8117835 1.8149759 1.8413214 1.7732734 1.8136839 1.8751770 1.6362116 1.9034264 1.6199872 1.8441638 1.8637870 1.8707073 1.8435638 1.8436984 2.1171419 2.0139007 2.1277933 2.0309905 1.9772081 2.0481971 2.0387360 2.0765721 2.0222707 2.0170067 2.0216250 1.9724905 2.0168540 2.0359660 1.8238295 1.9413736 1.9462741 2.0472868 2.1722324 1.9944932 2.0109285 1.9625552 1.9978663 2.0072636 2.0022633 2.0069918 2.0308357 2.0268363 2.0288342 
Senna_mosaic_virus                          1.9958617 1.6980238 1.9640709 2.1924464 2.0577218 2.1244568 2.1166286 0.0000000 0.8622754 0.8585839 0.9367477 0.9842322 0.9759272 0.9756479 0.9850003 0.9957038 2.0425835 2.0459364 2.0542657 2.0155975 1.9923797 2.0342083 2.0479696 1.7911517 1.7974181 1.9344185 1.8265242 1.9827032 1.7756835 2.0148716 2.0007676 2.0007676 1.9078781 1.9115804 1.9065970 1.9940024 1.9704986 1.8981039 1.8936008 1.8987145 2.0002168 1.9929678 1.9904200 1.9807998 1.9728738 1.9725731 1.9889026 1.9875062 1.5021757 2.0447959 2.0478941 1.9805427 1.9295344 1.9381127 2.0795581 1.5548592 2.0678645 1.5796223 1.9988852 1.9962587 2.0033818 1.9882797 1.9888323 1.9527504 1.5323624 1.9871168 2.0208308 1.9858836 2.0608786 2.0510832 2.0335346 2.0086243 2.0076763 2.0294441 1.9738008 2.0381515 2.0664632 1.5562273 1.9303688 1.9764280 2.0284141 2.1715457 2.0041210 2.0181342 1.9504772 2.0396793 2.0743589 2.0406851 2.0319185 2.0712947 2.0686123 2.0704728 
Babaco_mosaic_virus                         1.8643960 1.7496732 2.1886493 2.2085916 2.0522104 2.1070416 2.1451416 0.8622754 0.0000000 0.7887267 0.8518338 0.9366120 0.9243786 0.9322519 0.9360813 0.9401771 2.0814569 2.0773457 2.0884593 2.1078874 2.0678448 2.0726619 2.0805681 1.8230818 1.8202549 1.9578482 1.8087268 2.0442327 1.8526453 2.1161188 2.0495464 2.0495464 1.9795121 2.0007308 2.0006393 2.0527093 2.0483431 1.9837711 1.9821326 1.9828972 2.0539881 2.0501120 2.0474631 2.0182028 2.0337090 2.0334437 2.0434288 2.0394518 1.3091346 2.0685227 2.0769958 2.0109064 1.9447577 1.9248557 2.1240585 1.5748340 2.1293975 1.5295830 2.0772139 2.0845347 2.0913161 2.0955800 2.0914555 2.1008516 1.5967093 2.1017160 2.1602765 2.0660306 2.1304384 2.1303343 2.1676954 2.1445235 2.1402443 2.1601412 2.0743209 2.1369500 2.1735742 1.5595109 2.0276633 2.0626946 2.1118915 2.2256356 2.1085294 2.1104242 2.0434614 2.1419979 2.1707300 2.1168487 2.1150947 2.1557605 2.1528438 2.1548420 
Papaya_mosaic_virus                         1.9263143 1.6002953 1.9546162 1.9509928 1.8766047 1.9479603 1.9782713 0.8585839 0.7887267 0.0000000 0.8781563 0.8966379 0.8869694 0.8959397 0.8876284 0.8877123 1.8764715 1.9085410 1.8921755 1.8991815 1.8737916 1.8605598 1.8658319 1.6217443 1.6128272 1.7501519 1.6503515 1.8400740 1.6586915 1.9280583 1.8655237 1.8655237 1.7876992 1.8052988 1.8089372 1.8591448 1.8612252 1.7982961 1.7926273 1.7970064 1.8564304 1.8649666 1.8642608 1.8457523 1.8494766 1.8472507 1.8649644 1.8636311 1.2112826 1.8030953 1.7969866 1.7905357 1.6972258 1.7110584 1.8782345 1.3635081 1.8520778 1.3822326 1.8152431 1.8253355 1.8334059 1.8260909 1.8282148 1.9954883 1.3460931 1.9968039 1.8321129 1.7508097 1.8140453 1.8145406 1.8222914 1.7900188 1.7822240 1.8005679 1.7497626 1.8025328 1.7986490 1.5349759 1.7161268 1.7530047 1.7982630 1.8920577 1.7588168 1.7854544 1.7280128 1.8077194 1.8013557 1.7630466 1.7623406 1.8070991 1.8066510 1.8081478 
Alternanthera_mosaic_virus__LC107515        1.8957834 1.5697188 1.7939817 1.8859266 1.8304827 1.8380592 1.8242255 0.9367477 0.8518338 0.8781563 0.0000000 0.3451183 0.3453623 0.3537028 0.3501508 0.3608787 1.9385975 1.9887622 1.9953541 2.0012625 1.9808077 1.9974556 2.0105753 1.7401159 1.7349471 1.8889641 1.7345207 1.9676778 1.7793531 1.8301897 1.8767525 1.8767525 1.8284038 1.8349583 1.8296056 1.8945784 1.8751597 1.8236631 1.8193144 1.8260324 1.8878751 1.8785160 1.8761163 1.8659760 1.8873711 1.8845001 1.8816263 1.8782661 1.3413191 1.7707031 1.7746932 1.7849202 1.7336888 1.7239654 1.8948533 1.4351982 1.8912271 1.4940862 1.8396501 1.8298865 1.8299306 1.8400108 1.8430515 1.8669085 1.4910130 1.8686744 1.7690668 1.7209901 1.7396075 1.7337285 1.7729745 1.7384241 1.7375933 1.7597461 1.6972938 1.7531328 1.7513605 1.4347714 1.6404543 1.7060086 1.7391912 1.8489047 1.7441258 1.7238244 1.6824943 1.7526308 1.7702367 1.7564895 1.7538515 1.7907900 1.7903561 1.7880515 
Alternanthera_mosaic_virus__MH423501        1.9769771 1.5545317 1.8207888 1.8969479 1.8615597 1.7763439 1.7693105 0.9842322 0.9366120 0.8966379 0.3451183 0.0000000 0.0561077 0.0624092 0.0547517 0.0691190 1.9509075 1.9542966 1.9578361 2.0977773 2.0629662 2.0741523 2.0371530 1.7592705 1.7535929 1.9267051 1.7897408 2.0146445 1.8396595 1.8633849 1.8930190 1.8930190 1.8302700 1.8369987 1.8349575 1.8918900 1.8629003 1.8266034 1.8211183 1.8306805 1.8972867 1.8807981 1.8783985 1.8547629 1.8868773 1.8846053 1.8746969 1.8713548 1.3596694 1.8271582 1.8208615 1.8287539 1.7344428 1.7778592 1.9273983 1.3431015 1.8948386 1.3713085 1.8649854 1.8634257 1.8702501 1.8733194 1.8830635 1.8537694 1.2808394 1.8540034 1.7986242 1.7247675 1.7851671 1.7845456 1.8201014 1.7958400 1.7947978 1.8102712 1.7207140 1.8000288 1.7848739 1.2830294 1.6855609 1.7194046 1.7780427 1.9111277 1.7640857 1.7695044 1.7309145 1.7853847 1.8027842 1.7627628 1.7585034 1.7873096 1.7901532 1.7878504 
Alternanthera_mosaic_virus__FJ822136        1.9713555 1.5877204 1.8446499 1.9342360 1.8954508 1.7973711 1.7962582 0.9759272 0.9243786 0.8869694 0.3453623 0.0561077 0.0000000 0.0398611 0.0709582 0.0821962 1.9692703 1.9670464 1.9649567 2.1084703 2.0694258 2.0538271 2.0506783 1.7806180 1.7744401 1.9348218 1.8098810 2.0209141 1.8467245 1.8786796 1.9223365 1.9223365 1.8519148 1.8653694 1.8659001 1.9410099 1.8979440 1.8502821 1.8473333 1.8567106 1.9196435 1.8997773 1.8973493 1.8799576 1.9068003 1.9045095 1.8995818 1.8961921 1.3867532 1.8832255 1.8768423 1.8884075 1.7905824 1.8442932 1.9899335 1.4415250 1.9559938 1.4720542 1.9252931 1.9272769 1.9306950 1.9337843 1.9439481 1.8717427 1.3298895 1.8746172 1.8855791 1.8028441 1.8758410 1.8749065 1.8882159 1.8584835 1.8574831 1.8654402 1.7853741 1.8617595 1.8660477 1.3538453 1.7685983 1.7785502 1.8558391 1.9949571 1.8278334 1.8480382 1.7945149 1.8478446 1.8642609 1.8162540 1.8119171 1.8482730 1.8514971 1.8491060 
Alternanthera_mosaic_virus__GQ179646        1.9543419 1.5807544 1.8590028 1.8866559 1.8984216 1.7785673 1.7735608 0.9756479 0.9322519 0.8959397 0.3537028 0.0624092 0.0398611 0.0000000 0.0616282 0.0567299 1.9870704 1.9942878 1.9943171 2.1256365 2.0640504 2.0829197 2.0955035 1.7991531 1.7913932 1.9804152 1.8398468 2.0703171 1.8830119 1.8429602 1.8948943 1.8948943 1.8321821 1.8410461 1.8432250 1.9039705 1.8624406 1.8379617 1.8349911 1.8443409 1.8917537 1.8871043 1.8846937 1.8641333 1.8935819 1.8913019 1.8813319 1.8779746 1.4537897 1.8649882 1.8587244 1.8849997 1.7817249 1.8265920 1.9732969 1.5118416 1.9490105 1.5116174 1.9158178 1.9166342 1.9241660 1.9242471 1.9322321 1.8716309 1.4695684 1.8815269 1.8974984 1.8066871 1.8615118 1.8708808 1.8921586 1.8531772 1.8521725 1.8606908 1.7855029 1.8595838 1.8830091 1.3539391 1.7703696 1.7864259 1.8556266 1.9895990 1.8292308 1.8435778 1.7935969 1.8597756 1.8716006 1.8206595 1.8163149 1.8521035 1.8553348 1.8529372 
Alternanthera_mosaic_virus__AY863024        1.9763382 1.6046690 1.8973479 1.9033078 1.9236645 1.8463689 1.8408723 0.9850003 0.9360813 0.8876284 0.3501508 0.0547517 0.0709582 0.0616282 0.0000000 0.0401953 2.0142683 2.0078678 2.0128187 2.1383490 2.1426161 2.1469807 2.1169745 1.8074658 1.8014686 1.9768159 1.8375345 2.0479832 1.8899471 1.8983859 1.9120430 1.9120430 1.8452344 1.8659594 1.8682668 1.9121827 1.8921613 1.8561903 1.8506169 1.8603456 1.9225610 1.9121864 1.9097409 1.8858611 1.9205726 1.9147310 1.9076095 1.9042052 1.4815509 1.8854019 1.8787191 1.8832292 1.8048331 1.8517061 1.9984259 1.5071726 1.9802287 1.5225399 1.9417661 1.9398415 1.9468517 1.9479416 1.9560463 1.8867830 1.5085177 1.9010613 1.8913238 1.8103570 1.8697236 1.8731446 1.8895288 1.8613474 1.8569303 1.8775198 1.7944374 1.8717519 1.8898310 1.3664090 1.7801763 1.7919929 1.8533238 1.9939865 1.8337558 1.8562318 1.8084604 1.8642831 1.8720212 1.8375784 1.8332167 1.8588345 1.8620712 1.8596677 
Alternanthera_mosaic_virus__GQ179647        1.9861595 1.6256615 1.8953062 1.9246063 1.9577279 1.8330591 1.8330958 0.9957038 0.9401771 0.8877123 0.3608787 0.0691190 0.0821962 0.0567299 0.0401953 0.0000000 2.0016563 2.0099942 2.0126816 2.1369625 2.1124455 2.1285965 2.0887344 1.7896046 1.7839189 1.9683139 1.8361697 2.0383515 1.8816449 1.8774683 1.9136955 1.9136955 1.8375931 1.8613172 1.8636007 1.9120538 1.8790953 1.8558509 1.8502784 1.8577115 1.9056357 1.9025255 1.9000932 1.8777860 1.9129018 1.9070839 1.9020468 1.8986522 1.4407687 1.8775408 1.8709088 1.8899541 1.8012819 1.8474978 1.9858803 1.4860414 1.9625519 1.4858551 1.9265933 1.9267841 1.9349666 1.9326853 1.9407115 1.9162564 1.4893705 1.9171899 1.8957634 1.8141430 1.8788087 1.8868092 1.8960798 1.8565409 1.8555400 1.8668898 1.7920136 1.8631809 1.8925438 1.3610352 1.7792834 1.7985001 1.8681078 2.0081505 1.8424507 1.8603846 1.8145380 1.8718288 1.8758943 1.8474193 1.8430425 1.8626523 1.8681944 1.8657815 
Opuntia_virus__Strain_CC10                  2.1537680 1.7692271 2.1511823 2.1146905 2.1605714 2.2373238 2.2098430 2.0425835 2.0814569 1.8764715 1.9385975 1.9509075 1.9692703 1.9870704 2.0142683 2.0016563 0.0000000 0.0433080 0.0366580 0.8853527 0.9102301 0.9062477 0.9082510 0.7588091 0.7546928 0.8480419 0.7782036 0.8837975 0.7817393 0.9312980 0.9139372 0.9139372 0.8847001 0.8958594 0.8870763 0.9263148 0.9254951 0.8980573 0.8968728 0.8973553 0.9196544 0.9202940 0.9191606 0.9008324 0.9033979 0.9027922 0.9103261 0.9095033 0.4665635 0.8906837 0.8919383 0.8918730 0.8468534 0.8590101 0.9117170 0.4341157 0.9187926 0.4512937 0.8937382 0.8988730 0.9038464 0.8885544 0.8897028 0.9096486 0.4821483 0.9157929 0.9093746 0.8859101 0.9111383 0.9066618 0.9186561 0.9072624 0.9079273 0.9106804 0.8738668 0.9122311 0.9203500 0.5002915 0.8525161 0.8707629 0.9022487 0.9652334 0.8910522 0.8977230 0.8686438 0.9106673 0.9065808 0.8941882 0.8946855 0.9157532 0.9150867 0.9157696 
Opuntia_virus_X__KY348771                   2.1793880 1.7443452 2.1016960 2.0569138 2.1509267 2.2190808 2.1865230 2.0459364 2.0773457 1.9085410 1.9887622 1.9542966 1.9670464 1.9942878 2.0078678 2.0099942 0.0433080 0.0000000 0.0086832 0.8742356 0.9208546 0.9145770 0.9208291 0.7720345 0.7665980 0.8514752 0.7840463 0.8892526 0.7944104 0.9283980 0.9126632 0.9126632 0.8842722 0.8945319 0.8873409 0.9249659 0.9251376 0.8960315 0.8941427 0.8953311 0.9211871 0.9209741 0.9198394 0.9007319 0.9032196 0.9026134 0.9111050 0.9102813 0.4827296 0.8923464 0.8925844 0.8990739 0.8487885 0.8598682 0.9194559 0.4487859 0.9164254 0.4609030 0.8962015 0.9003099 0.9052907 0.8936820 0.8948390 0.9134632 0.4946872 0.9220416 0.9147179 0.8955074 0.9221613 0.9185867 0.9152079 0.9073573 0.9080231 0.9109129 0.8775307 0.9139735 0.9236075 0.5247790 0.8565309 0.8762527 0.9090012 0.9791524 0.8988901 0.9051708 0.8751397 0.9133202 0.9131512 0.8993204 0.8999104 0.9225851 0.9219092 0.9225985 
Opuntia_virus_X__KU854931                   2.1545973 1.7275879 2.0937727 2.0765856 2.1284613 2.2300771 2.2015034 2.0542657 2.0884593 1.8921755 1.9953541 1.9578361 1.9649567 1.9943171 2.0128187 2.0126816 0.0366580 0.0086832 0.0000000 0.8705444 0.9209921 0.9136769 0.9199258 0.7685572 0.7617182 0.8510315 0.7837570 0.8870411 0.7917255 0.9176102 0.8984347 0.8984347 0.8702338 0.8804006 0.8732740 0.9095932 0.9107214 0.8818161 0.8799425 0.8811303 0.9068371 0.9047805 0.9036627 0.8856740 0.8899538 0.8893462 0.8968677 0.8960515 0.4827296 0.8926161 0.8928536 0.8986120 0.8489346 0.8600146 0.9133725 0.4487859 0.9161743 0.4609030 0.8967727 0.8999304 0.9049086 0.8931599 0.8943159 0.9205796 0.4946872 0.9273507 0.9058708 0.8862684 0.9131731 0.9096614 0.9146566 0.9039950 0.9046528 0.9075360 0.8737097 0.9097749 0.9200527 0.5247790 0.8527267 0.8742371 0.9057755 0.9756512 0.8951501 0.9009809 0.8706467 0.9100599 0.9120295 0.8960979 0.8966799 0.9194509 0.9187795 0.9194657 
Schlumbergera_virus_X__KU854929             2.2403330 1.7954304 2.1041274 2.0938794 2.1443873 2.1292740 2.1535697 2.0155975 2.1078874 1.8991815 2.0012625 2.0977773 2.1084703 2.1256365 2.1383490 2.1369625 0.8853527 0.8742356 0.8705444 0.0000000 0.1844563 0.1660388 0.1754060 0.1272956 0.1246685 0.1560994 0.1321544 0.1696512 0.1289866 0.6301045 0.5783573 0.5783573 0.5543040 0.5675087 0.5639766 0.5814178 0.5817878 0.5606834 0.5584230 0.5604454 0.5857686 0.5851217 0.5847435 0.5725722 0.5784653 0.5774960 0.5783052 0.5776829 0.4660667 0.6774302 0.6814916 0.6819752 0.6430671 0.6451437 0.6909085 0.4116492 0.6969360 0.4150370 0.6855439 0.6835974 0.6888536 0.6834852 0.6818717 0.7410799 0.4048586 0.7429223 0.7189734 0.6924620 0.7190228 0.7208648 0.7320260 0.7209105 0.7195359 0.7169887 0.6784508 0.7239832 0.7066828 0.4462347 0.6526981 0.6756269 0.7032394 0.7643891 0.6866474 0.6982435 0.6692341 0.7086416 0.7147463 0.6883157 0.6883633 0.7206091 0.7206589 0.7211807 
SRR11190802_Plant__DH-1_NC_011659           2.2463064 1.8380750 2.1806536 2.1833439 2.2807777 2.1625979 2.2042681 1.9923797 2.0678448 1.8737916 1.9808077 2.0629662 2.0694258 2.0640504 2.1426161 2.1124455 0.9102301 0.9208546 0.9209921 0.1844563 0.0000000 0.0655777 0.0869147 0.0269511 0.0270385 0.0714333 0.0449238 0.0866794 0.0326323 0.6423322 0.5979715 0.5979715 0.5665050 0.5795705 0.5745086 0.5938855 0.5942277 0.5733953 0.5723567 0.5727491 0.5958784 0.5935940 0.5928028 0.5856745 0.5910293 0.5900535 0.5901081 0.5894795 0.4598670 0.6876759 0.6903696 0.6962635 0.6630973 0.6648725 0.7167292 0.4825490 0.7258958 0.4624307 0.7183754 0.7108197 0.7184154 0.7153938 0.7124701 0.7674769 0.4079405 0.7574399 0.7375275 0.7188326 0.7473282 0.7442938 0.7548129 0.7305328 0.7283308 0.7321797 0.6878215 0.7317176 0.7308830 0.4834891 0.6788413 0.6984409 0.7276739 0.7868261 0.7057814 0.7241226 0.6949682 0.7323081 0.7425552 0.7137026 0.7109555 0.7506317 0.7510838 0.7510838 
Schlumbergera_virus_X__KP090203             2.2909070 1.7999452 2.1210440 2.1569124 2.1695250 2.1351137 2.1584158 2.0342083 2.0726619 1.8605598 1.9974556 2.0741523 2.0538271 2.0829197 2.1469807 2.1285965 0.9062477 0.9145770 0.9136769 0.1660388 0.0655777 0.0000000 0.0536397 0.0261766 0.0244957 0.0521260 0.0327184 0.0621882 0.0277296 0.6381536 0.5900588 0.5900588 0.5696223 0.5808477 0.5757909 0.5975081 0.5965844 0.5745755 0.5734967 0.5739282 0.5971819 0.5947448 0.5939535 0.5908346 0.5978748 0.5979304 0.5973058 0.5966739 0.4791313 0.6887442 0.6922499 0.6972041 0.6552218 0.6646058 0.7101039 0.4742571 0.7182059 0.4551145 0.7080382 0.7041592 0.7113315 0.7083104 0.7046473 0.7684929 0.4052325 0.7539309 0.7469636 0.7243084 0.7503957 0.7487902 0.7599344 0.7411425 0.7389595 0.7428155 0.6983695 0.7431867 0.7292053 0.4898295 0.6782891 0.6999894 0.7282288 0.7848881 0.7097338 0.7266560 0.6968805 0.7374574 0.7420512 0.7132279 0.7114255 0.7505853 0.7511665 0.7511665 
Schlumbergera_virus_X__Strain_K11           2.2755559 1.8514027 2.1512751 2.2009766 2.2359787 2.1740743 2.1916982 2.0479696 2.0805681 1.8658319 2.0105753 2.0371530 2.0506783 2.0955035 2.1169745 2.0887344 0.9082510 0.9208291 0.9199258 0.1754060 0.0869147 0.0536397 0.0000000 0.0296635 0.0282243 0.0474618 0.0309457 0.0549742 0.0297310 0.6483261 0.6061171 0.6061171 0.5843889 0.5949576 0.5915991 0.6139464 0.6116928 0.5894301 0.5876868 0.5881088 0.6108736 0.6068519 0.6060505 0.6001314 0.6065379 0.6066009 0.6064185 0.6057819 0.4606625 0.6954908 0.6974017 0.6942599 0.6638366 0.6709033 0.7171105 0.4556003 0.7252596 0.4370270 0.7116111 0.7082181 0.7160889 0.7140427 0.7096554 0.7708155 0.4081065 0.7613773 0.7403267 0.7246862 0.7498463 0.7481221 0.7593346 0.7417535 0.7388418 0.7438496 0.6988414 0.7423119 0.7332047 0.4742271 0.6819654 0.7033899 0.7332247 0.7877738 0.7149418 0.7258474 0.6954204 0.7375426 0.7432744 0.7206271 0.7188249 0.7516377 0.7522176 0.7522176 
SRR11190798_Plant__DH-3_NC_011659           1.9511778 1.6090090 1.8890414 1.9288215 1.9122544 1.8912087 1.9092954 1.7911517 1.8230818 1.6217443 1.7401159 1.7592705 1.7806180 1.7991531 1.8074658 1.7896046 0.7588091 0.7720345 0.7685572 0.1272956 0.0269511 0.0261766 0.0296635 0.0000000 0.0000010 0.0062366 0.0026757 0.0071298 0.0009666 0.5173109 0.4849732 0.4849732 0.4635973 0.4740389 0.4702890 0.4830794 0.4842517 0.4703180 0.4695180 0.4695555 0.4861645 0.4828741 0.4828741 0.4780878 0.4832835 0.4830467 0.4834187 0.4828133 0.4494910 0.5761635 0.5779767 0.5829072 0.5565101 0.5563756 0.5975140 0.4302441 0.6014601 0.4070307 0.5916368 0.5865871 0.5921257 0.5916497 0.5882444 0.6535449 0.3796152 0.6463572 0.6294652 0.6108254 0.6339112 0.6326798 0.6389464 0.6228075 0.6199509 0.6232753 0.5858557 0.6241809 0.6134842 0.4673006 0.5720116 0.5918407 0.6132649 0.6713784 0.6032770 0.6113353 0.5882642 0.6218684 0.6231282 0.6005726 0.5987075 0.6301652 0.6311812 0.6307538 
SRR11190801_Plant__DH-2_NC_011659           1.9380175 1.5904350 1.8763623 1.9175929 1.9122296 1.8908627 1.9090111 1.7974181 1.8202549 1.6128272 1.7349471 1.7535929 1.7744401 1.7913932 1.8014686 1.7839189 0.7546928 0.7665980 0.7617182 0.1246685 0.0270385 0.0244957 0.0282243 0.0000010 0.0000000 0.0055147 0.0021892 0.0057025 0.0009670 0.5121253 0.4803085 0.4803085 0.4595569 0.4699725 0.4662251 0.4790232 0.4801985 0.4662604 0.4654630 0.4655042 0.4821670 0.4788143 0.4788143 0.4740355 0.4792249 0.4789863 0.4793562 0.4787521 0.4335805 0.5755678 0.5776348 0.5823909 0.5566846 0.5572741 0.5948982 0.4129163 0.5996900 0.3952013 0.5898496 0.5848001 0.5903450 0.5898620 0.5864558 0.6484505 0.3693376 0.6412831 0.6246458 0.6053143 0.6287031 0.6274898 0.6340906 0.6176318 0.6147823 0.6181025 0.5811820 0.6194270 0.6075182 0.4553061 0.5675743 0.5871491 0.6081426 0.6649888 0.5981706 0.6059319 0.5829157 0.6168504 0.6179565 0.5954665 0.5936015 0.6249797 0.6259951 0.6255677 
SRR11603189_RR-peel-3_NC_011659             2.1255066 1.7709492 2.0325076 2.0578443 2.0512220 2.0162284 2.0361659 1.9344185 1.9578482 1.7501519 1.8889641 1.9267051 1.9348218 1.9804152 1.9768159 1.9683139 0.8480419 0.8514752 0.8510315 0.1560994 0.0714333 0.0521260 0.0474618 0.0062366 0.0055147 0.0000000 0.0000010 0.0035944 0.0021349 0.5848621 0.5527979 0.5527979 0.5316134 0.5426039 0.5388894 0.5536611 0.5530605 0.5367368 0.5352282 0.5354838 0.5559947 0.5527044 0.5527044 0.5487539 0.5522503 0.5522678 0.5544818 0.5538549 0.4454005 0.6389283 0.6401826 0.6477640 0.6145786 0.6205836 0.6623807 0.4260909 0.6715707 0.4134803 0.6593619 0.6539342 0.6602515 0.6581524 0.6533950 0.7271969 0.3865418 0.7226858 0.7017808 0.6824115 0.7040140 0.7040662 0.7099480 0.6948783 0.6922774 0.6943342 0.6549334 0.6970881 0.6802499 0.4702016 0.6380542 0.6546900 0.6866256 0.7433716 0.6706569 0.6819213 0.6545058 0.6882132 0.6954499 0.6680933 0.6670603 0.7020443 0.7026294 0.7026294 
SRR11603187_RR-pulp-2_NC_011659             1.9831925 1.6252665 1.8618240 1.9027657 1.9178699 1.8645113 1.8812225 1.8265242 1.8087268 1.6503515 1.7345207 1.7897408 1.8098810 1.8398468 1.8375345 1.8361697 0.7782036 0.7840463 0.7837570 0.1321544 0.0449238 0.0327184 0.0309457 0.0026757 0.0021892 0.0000010 0.0000000 0.0020962 0.0009618 0.5391395 0.4994447 0.4994447 0.4771633 0.4878689 0.4843087 0.4993884 0.4977396 0.4840624 0.4826054 0.4832746 0.5001821 0.4975748 0.4975748 0.4939793 0.4977035 0.4976746 0.4986300 0.4980173 0.4276310 0.5928510 0.5924405 0.6028176 0.5725551 0.5760200 0.6210812 0.4124146 0.6251508 0.3999892 0.6139650 0.6093298 0.6145195 0.6127144 0.6085206 0.6692711 0.3715290 0.6599519 0.6469104 0.6281184 0.6456973 0.6458971 0.6550891 0.6363712 0.6337859 0.6388254 0.6020004 0.6405515 0.6241035 0.4431261 0.5866442 0.6056425 0.6259753 0.6828308 0.6155431 0.6257059 0.6013301 0.6325788 0.6360162 0.6137319 0.6126517 0.6426825 0.6436950 0.6432695 
SRR11603183_GW-peel-2_NC_011659             2.1992655 1.8267261 2.0884123 2.1369591 2.1163316 2.1045817 2.1303565 1.9827032 2.0442327 1.8400740 1.9676778 2.0146445 2.0209141 2.0703171 2.0479832 2.0383515 0.8837975 0.8892526 0.8870411 0.1696512 0.0866794 0.0621882 0.0549742 0.0071298 0.0057025 0.0035944 0.0020962 0.0000000 0.0000010 0.6137850 0.5820333 0.5820333 0.5561795 0.5679766 0.5632565 0.5813773 0.5811451 0.5614543 0.5586395 0.5601750 0.5840297 0.5791137 0.5787322 0.5748214 0.5801612 0.5802021 0.5819204 0.5812896 0.4709857 0.6729352 0.6741537 0.6795721 0.6483808 0.6534816 0.6946448 0.4553467 0.7061331 0.4367675 0.6945743 0.6883727 0.6944734 0.6919854 0.6869427 0.7505683 0.4078340 0.7447660 0.7239397 0.7041275 0.7319145 0.7303744 0.7351855 0.7189072 0.7160148 0.7176260 0.6764604 0.7195827 0.7073074 0.4819048 0.6618428 0.6793170 0.7111828 0.7722601 0.6954339 0.7067656 0.6793496 0.7128252 0.7206016 0.6932262 0.6914223 0.7258021 0.7263810 0.7263810 
SRR11603184_GW-peel-1_NC_011659             1.9857127 1.6236992 1.8820298 1.9087010 1.9428926 1.8948050 1.9171226 1.7756835 1.8526453 1.6586915 1.7793531 1.8396595 1.8467245 1.8830119 1.8899471 1.8816449 0.7817393 0.7944104 0.7917255 0.1289866 0.0326323 0.0277296 0.0297310 0.0009666 0.0009670 0.0021349 0.0009618 0.0000010 0.0000000 0.5345998 0.4990165 0.4990165 0.4768930 0.4857020 0.4829749 0.4965732 0.4980689 0.4814776 0.4800234 0.4806938 0.5001293 0.4968397 0.4968397 0.4924162 0.4984879 0.4982562 0.4976235 0.4970095 0.4357234 0.5916579 0.5924951 0.6011102 0.5741045 0.5770574 0.6120666 0.4182462 0.6233212 0.4002106 0.6110944 0.6076807 0.6128776 0.6090596 0.6048674 0.6622247 0.3532567 0.6517173 0.6415980 0.6217259 0.6440869 0.6436244 0.6519233 0.6362833 0.6334105 0.6362275 0.5973111 0.6379519 0.6268697 0.4399027 0.5836231 0.6040259 0.6265739 0.6808888 0.6137729 0.6216570 0.6002293 0.6321582 0.6365374 0.6124921 0.6114075 0.6421851 0.6432011 0.6427741 
MG210801                                    2.3469183 1.7612655 2.1799824 2.4293918 2.3230980 2.2240820 2.2226638 2.0148716 2.1161188 1.9280583 1.8301897 1.8633849 1.8786796 1.8429602 1.8983859 1.8774683 0.9312980 0.9283980 0.9176102 0.6301045 0.6423322 0.6381536 0.6483261 0.5173109 0.5121253 0.5848621 0.5391395 0.6137850 0.5345998 0.0000000 0.0142928 0.0142928 0.0084597 0.0078733 0.0081864 0.0209878 0.0195718 0.0087347 0.0087385 0.0087278 0.0153993 0.0154135 0.0154135 0.0130047 0.0143369 0.0143406 0.0135113 0.0132383 0.4184169 0.6939843 0.6973857 0.6796571 0.6615282 0.6837977 0.7163571 0.5068020 0.7188036 0.5299430 0.7111141 0.7158397 0.7193694 0.7175750 0.7151404 0.6903205 0.3975655 0.6861424 0.6796410 0.6559876 0.6697472 0.6729581 0.6829180 0.6714173 0.6669783 0.6713484 0.6361093 0.6683398 0.6733667 0.4506718 0.6243840 0.6391696 0.6722152 0.7334283 0.6576217 0.6658139 0.6455677 0.6701629 0.6780738 0.6673087 0.6672336 0.6862238 0.6863921 0.6873148 
SRR11190800_Plant__BSJ-2_NC_024458          2.2292769 1.7822066 2.0455718 2.2154764 2.1779630 2.1241158 2.1168509 2.0007676 2.0495464 1.8655237 1.8767525 1.8930190 1.9223365 1.8948943 1.9120430 1.9136955 0.9139372 0.9126632 0.8984347 0.5783573 0.5979715 0.5900588 0.6061171 0.4849732 0.4803085 0.5527979 0.4994447 0.5820333 0.4990165 0.0142928 0.0000000 0.0000010 0.0061570 0.0065678 0.0068133 0.0177860 0.0170901 0.0068161 0.0070428 0.0070363 0.0143954 0.0139668 0.0137486 0.0117976 0.0133193 0.0131055 0.0126457 0.0126515 0.4136615 0.6512097 0.6540911 0.6436528 0.6298423 0.6481936 0.6748186 0.5120111 0.6833474 0.5353447 0.6765552 0.6790544 0.6840239 0.6807753 0.6793673 0.6478142 0.4021158 0.6421380 0.6340347 0.6102170 0.6256841 0.6282844 0.6421952 0.6310958 0.6280599 0.6291142 0.5968766 0.6279140 0.6414615 0.4555008 0.5868674 0.6022010 0.6335741 0.6823453 0.6207303 0.6257103 0.6037333 0.6284719 0.6362429 0.6256760 0.6255391 0.6460370 0.6468941 0.6468941 
SRR11190791_Plant__BSJ-1_NC_024458          2.2292769 1.7822066 2.0455718 2.2154764 2.1779630 2.1241158 2.1168509 2.0007676 2.0495464 1.8655237 1.8767525 1.8930190 1.9223365 1.8948943 1.9120430 1.9136955 0.9139372 0.9126632 0.8984347 0.5783573 0.5979715 0.5900588 0.6061171 0.4849732 0.4803085 0.5527979 0.4994447 0.5820333 0.4990165 0.0142928 0.0000010 0.0000000 0.0061570 0.0065678 0.0068133 0.0177860 0.0170901 0.0068161 0.0070428 0.0070363 0.0143954 0.0139668 0.0137486 0.0117976 0.0133193 0.0131055 0.0126457 0.0126515 0.4136615 0.6512097 0.6540911 0.6436528 0.6298423 0.6481936 0.6748186 0.5120111 0.6833474 0.5353447 0.6765552 0.6790544 0.6840239 0.6807753 0.6793673 0.6478142 0.4021158 0.6421380 0.6340347 0.6102170 0.6256841 0.6282844 0.6421952 0.6310958 0.6280599 0.6291142 0.5968766 0.6279140 0.6414615 0.4555008 0.5868674 0.6022010 0.6335741 0.6823453 0.6207303 0.6257103 0.6037333 0.6284719 0.6362429 0.6256760 0.6255391 0.6460370 0.6468941 0.6468941 
SRR11190802_Plant__DH-1_NC_024458           2.1861280 1.7210119 1.9639003 2.1795353 2.1142679 2.0703810 2.0679615 1.9078781 1.9795121 1.7876992 1.8284038 1.8302700 1.8519148 1.8321821 1.8452344 1.8375931 0.8847001 0.8842722 0.8702338 0.5543040 0.5665050 0.5696223 0.5843889 0.4635973 0.4595569 0.5316134 0.4771633 0.5561795 0.4768930 0.0084597 0.0061570 0.0061570 0.0000000 0.0002196 0.0002203 0.0063863 0.0054937 0.0008842 0.0006628 0.0008840 0.0054939 0.0052813 0.0050612 0.0037445 0.0050649 0.0048463 0.0041781 0.0041790 0.4006695 0.6231760 0.6270745 0.6186695 0.6014895 0.6218486 0.6434508 0.4883449 0.6546305 0.5112732 0.6494871 0.6526863 0.6571642 0.6545529 0.6531723 0.6248749 0.3999148 0.6178004 0.6178613 0.5939300 0.6106398 0.6132751 0.6257239 0.6149855 0.6113018 0.6140730 0.5816089 0.6115011 0.6224623 0.4411831 0.5708873 0.5837159 0.6136143 0.6610302 0.6027822 0.6069550 0.5853511 0.6087046 0.6164331 0.6069308 0.6067571 0.6264112 0.6269712 0.6272747 
SRR11190801_Plant__DH-2_NC_024458           2.1988311 1.7151479 1.9840850 2.1777092 2.1294143 2.0569935 2.0502544 1.9115804 2.0007308 1.8052988 1.8349583 1.8369987 1.8653694 1.8410461 1.8659594 1.8613172 0.8958594 0.8945319 0.8804006 0.5675087 0.5795705 0.5808477 0.5949576 0.4740389 0.4699725 0.5426039 0.4878689 0.5679766 0.4857020 0.0078733 0.0065678 0.0065678 0.0002196 0.0000000 0.0000010 0.0052525 0.0039267 0.0004393 0.0004398 0.0004393 0.0050277 0.0054764 0.0052573 0.0032855 0.0043784 0.0041609 0.0037167 0.0034968 0.3970484 0.6324296 0.6360575 0.6273059 0.6124652 0.6299499 0.6556683 0.4800765 0.6648540 0.5027546 0.6600206 0.6629742 0.6674721 0.6641759 0.6637606 0.6314729 0.4015761 0.6226523 0.6250822 0.6013444 0.6174447 0.6200732 0.6360934 0.6242267 0.6205241 0.6229865 0.5887705 0.6210181 0.6309587 0.4442136 0.5770642 0.5921305 0.6219147 0.6709698 0.6110219 0.6142273 0.5938367 0.6184708 0.6259495 0.6165374 0.6160826 0.6349220 0.6354778 0.6357855 
SRR11190798_Plant__DH-3_NC_024458           2.1776561 1.7073607 1.9826960 2.1628251 2.1302099 2.0604935 2.0536728 1.9065970 2.0006393 1.8089372 1.8296056 1.8349575 1.8659001 1.8432250 1.8682668 1.8636007 0.8870763 0.8873409 0.8732740 0.5639766 0.5745086 0.5757909 0.5915991 0.4702890 0.4662251 0.5388894 0.4843087 0.5632565 0.4829749 0.0081864 0.0068133 0.0068133 0.0002203 0.0000010 0.0000000 0.0050492 0.0037200 0.0006612 0.0006618 0.0006612 0.0054878 0.0057178 0.0054979 0.0037391 0.0048365 0.0046182 0.0041714 0.0039503 0.3938069 0.6300141 0.6336490 0.6248760 0.6099625 0.6278599 0.6543869 0.4820821 0.6632243 0.5049050 0.6576227 0.6605796 0.6650862 0.6617766 0.6613616 0.6287358 0.4031585 0.6206041 0.6230472 0.5984143 0.6141830 0.6168177 0.6314909 0.6195996 0.6159023 0.6183576 0.5845427 0.6163971 0.6270357 0.4460032 0.5732351 0.5889399 0.6186484 0.6669513 0.6074414 0.6109498 0.5909310 0.6155543 0.6230295 0.6143279 0.6138693 0.6323093 0.6328673 0.6331743 
SRR11190795_Plant__FR-3_NC_024458           2.2595053 1.7805794 2.0436045 2.2352024 2.1856676 2.1086044 2.1035976 1.9940024 2.0527093 1.8591448 1.8945784 1.8918900 1.9410099 1.9039705 1.9121827 1.9120538 0.9263148 0.9249659 0.9095932 0.5814178 0.5938855 0.5975081 0.6139464 0.4830794 0.4790232 0.5536611 0.4993884 0.5813773 0.4965732 0.0209878 0.0177860 0.0177860 0.0063863 0.0052525 0.0050492 0.0000000 0.0119835 0.0068255 0.0068306 0.0068243 0.0189304 0.0182774 0.0180572 0.0147434 0.0169482 0.0167338 0.0158157 0.0158230 0.4170771 0.6574199 0.6601033 0.6525986 0.6380914 0.6563755 0.6813687 0.5084889 0.6912075 0.5317525 0.6886901 0.6912253 0.6962410 0.6923029 0.6908730 0.6556179 0.4240337 0.6451590 0.6406585 0.6173390 0.6350633 0.6376710 0.6512752 0.6398133 0.6360955 0.6378795 0.6030866 0.6362803 0.6480191 0.4530297 0.5922226 0.6060115 0.6365712 0.6870688 0.6246819 0.6298583 0.6080481 0.6337069 0.6415309 0.6305388 0.6304106 0.6498877 0.6495727 0.6507472 
Pitaya_virus_X                              2.2671431 1.7669885 2.0528881 2.2460108 2.1687964 2.0880453 2.0885461 1.9704986 2.0483431 1.8612252 1.8751597 1.8629003 1.8979440 1.8624406 1.8921613 1.8790953 0.9254951 0.9251376 0.9107214 0.5817878 0.5942277 0.5965844 0.6116928 0.4842517 0.4801985 0.5530605 0.4977396 0.5811451 0.4980689 0.0195718 0.0170901 0.0170901 0.0054937 0.0039267 0.0037200 0.0119835 0.0000000 0.0070451 0.0070504 0.0070439 0.0177709 0.0182537 0.0180338 0.0151697 0.0175908 0.0173770 0.0169176 0.0164708 0.4353639 0.6481338 0.6515423 0.6448779 0.6263303 0.6448265 0.6699539 0.4956224 0.6804081 0.5183629 0.6768246 0.6787783 0.6837454 0.6804977 0.6791838 0.6546815 0.4286336 0.6476044 0.6383506 0.6138796 0.6308723 0.6332737 0.6451606 0.6311744 0.6276940 0.6307925 0.5972128 0.6288250 0.6399867 0.4617641 0.5854014 0.6009576 0.6299797 0.6816124 0.6199923 0.6245704 0.6022006 0.6271312 0.6348904 0.6243302 0.6241908 0.6433108 0.6430037 0.6441668 
SRR11603182_GW-peel-3_NC_024458             2.1853686 1.7160018 1.9580544 2.1567368 2.0935651 2.0376757 2.0323953 1.8981039 1.9837711 1.7982961 1.8236631 1.8266034 1.8502821 1.8379617 1.8561903 1.8558509 0.8980573 0.8960315 0.8818161 0.5606834 0.5733953 0.5745755 0.5894301 0.4703180 0.4662604 0.5367368 0.4840624 0.5614543 0.4814776 0.0087347 0.0068161 0.0068161 0.0008842 0.0004393 0.0006612 0.0068255 0.0070451 0.0000000 0.0000010 0.0000010 0.0052696 0.0054983 0.0052784 0.0035201 0.0048376 0.0046193 0.0039534 0.0039543 0.4056637 0.6343495 0.6370404 0.6292022 0.6115476 0.6296568 0.6563983 0.4893656 0.6643007 0.5123571 0.6619683 0.6638779 0.6683999 0.6650887 0.6636861 0.6359020 0.4051006 0.6277176 0.6262265 0.6038446 0.6192485 0.6218913 0.6343369 0.6224654 0.6187502 0.6220258 0.5867283 0.6200505 0.6304256 0.4411753 0.5742238 0.5878865 0.6184874 0.6683392 0.6066074 0.6110432 0.5892474 0.6150076 0.6225157 0.6136137 0.6134521 0.6306681 0.6312277 0.6315342 
SRR11603184_GW-peel-1_NC_024458             2.1706739 1.7234698 1.9544451 2.1523129 2.0899942 2.0318128 2.0265472 1.8936008 1.9821326 1.7926273 1.8193144 1.8211183 1.8473333 1.8349911 1.8506169 1.8502784 0.8968728 0.8941427 0.8799425 0.5584230 0.5723567 0.5734967 0.5876868 0.4695180 0.4654630 0.5352282 0.4826054 0.5586395 0.4800234 0.0087385 0.0070428 0.0070428 0.0006628 0.0004398 0.0006618 0.0068306 0.0070504 0.0000010 0.0000000 0.0000010 0.0052736 0.0052809 0.0050609 0.0035221 0.0048412 0.0046228 0.0039564 0.0039573 0.4107198 0.6311594 0.6338466 0.6260164 0.6088150 0.6278348 0.6524957 0.4952425 0.6610971 0.5184731 0.6587128 0.6601410 0.6651279 0.6618136 0.6604165 0.6335585 0.4051006 0.6253912 0.6238821 0.6014709 0.6169005 0.6195429 0.6322428 0.6203757 0.6166679 0.6199354 0.5844403 0.6179663 0.6280544 0.4466017 0.5719210 0.5853188 0.6161402 0.6658865 0.6040132 0.6094298 0.5876450 0.6119446 0.6201568 0.6109990 0.6108326 0.6263856 0.6269463 0.6272502 
SRR11603183_GW-peel-2_NC_024458             2.1881747 1.7242416 1.9603122 2.1559080 2.0975312 2.0450247 2.0397200 1.8987145 1.9828972 1.7970064 1.8260324 1.8306805 1.8567106 1.8443409 1.8603456 1.8577115 0.8973553 0.8953311 0.8811303 0.5604454 0.5727491 0.5739282 0.5881088 0.4695555 0.4655042 0.5354838 0.4832746 0.5601750 0.4806938 0.0087278 0.0070363 0.0070363 0.0008840 0.0004393 0.0006612 0.0068243 0.0070439 0.0000010 0.0000010 0.0000000 0.0052687 0.0054973 0.0052775 0.0035195 0.0048367 0.0046185 0.0039528 0.0039536 0.4092956 0.6341042 0.6367940 0.6289588 0.6113080 0.6294051 0.6554679 0.4933425 0.6648249 0.5164307 0.6617095 0.6631437 0.6681378 0.6648274 0.6634257 0.6352067 0.4036626 0.6270325 0.6260831 0.6041111 0.6191062 0.6217484 0.6341907 0.6223216 0.6186076 0.6222829 0.5869962 0.6205619 0.6302797 0.4449742 0.5740927 0.5877519 0.6183453 0.6681807 0.6064680 0.6109028 0.5891122 0.6148664 0.6223721 0.6138738 0.6137128 0.6298157 0.6303754 0.6306813 
SRR11190793_Plant__BR-2_NC_024458           2.2542090 1.7819451 2.0471170 2.2283584 2.1820631 2.1235050 2.1139898 2.0002168 2.0539881 1.8564304 1.8878751 1.8972867 1.9196435 1.8917537 1.9225610 1.9056357 0.9196544 0.9211871 0.9068371 0.5857686 0.5958784 0.5971819 0.6108736 0.4861645 0.4821670 0.5559947 0.5001821 0.5840297 0.5001293 0.0153993 0.0143954 0.0143954 0.0054939 0.0050277 0.0054878 0.0189304 0.0177709 0.0052696 0.0052736 0.0052687 0.0000000 0.0106596 0.0104421 0.0089329 0.0104452 0.0102311 0.0095644 0.0091257 0.3998540 0.6578527 0.6605338 0.6510371 0.6356351 0.6550756 0.6813898 0.4887553 0.6885552 0.5121823 0.6845422 0.6878046 0.6928033 0.6895609 0.6880160 0.6561809 0.4264432 0.6491121 0.6424584 0.6197028 0.6342078 0.6368149 0.6512045 0.6381781 0.6344661 0.6367244 0.6026963 0.6347371 0.6474055 0.4563334 0.5917795 0.6064675 0.6380652 0.6863072 0.6249795 0.6289552 0.6075689 0.6334346 0.6413423 0.6307407 0.6306128 0.6513091 0.6514577 0.6521691 
