94
Clover_yellow_mosaic_virus                  0.0000000 2.0665552 2.8600472 3.2911438 3.3567014 2.8356662 2.8669209 2.3349462 2.5262804 2.9228587 2.1128463 2.3058723 2.3908023 2.2832647 2.3612475 2.2843852 2.7345277 2.8237404 2.8237404 3.1097181 2.7928821 2.8424835 3.0747295 2.6782899 2.6772319 2.8438577 2.5924857 2.9705174 2.6150097 2.4712499 2.4540288 2.4540288 2.3769143 2.3970450 2.3910362 2.4891339 2.5384257 2.4309738 2.4278213 2.4539119 2.5519787 2.4740661 2.4710699 2.4706229 2.5093702 2.5093702 2.5089279 2.5244548 3.5506730 3.1907953 3.1661631 3.4359611 3.0416631 2.9829798 3.2527787 3.4280365 3.4895391 3.3947942 3.3922716 3.3981910 3.4169527 3.3911519 3.3850789 3.3850789 3.0121483 2.9999446 2.9023053 3.0058304 2.5552737 2.4756601 2.3906408 2.3857620 2.6615794 2.6505576 2.6279354 2.6317852 2.5998630 2.6197300 2.6208434 2.6913282 2.5364821 2.6698217 2.6559799 3.1318107 2.7410961 2.6007240 2.5805868 2.6136734 2.7020617 2.6255333 2.6308635 2.7129612 2.7329296 2.7129612 
Hydrangea_ringspot_virus                    2.0665552 0.0000000 1.7498220 1.7021602 1.8812170 1.7467171 1.7491565 2.6775940 2.8685398 2.4998175 2.1681693 2.0625057 2.1223485 2.2132372 2.1098786 2.1967671 2.0930812 1.9699082 1.9699082 2.4135541 2.4284451 2.4357173 2.6440264 2.2891081 2.2793798 2.2943731 2.2427611 2.5529949 2.2563568 2.5335343 2.6322342 2.6322342 2.5555179 2.5708676 2.5616788 2.6236008 2.6734570 2.4666977 2.4064723 2.4310840 2.6272421 2.6249584 2.5885058 2.5156284 2.5597818 2.5597818 2.5340878 2.5490711 3.1795639 2.6970080 2.6738239 2.8877785 2.8392415 2.7232173 2.7243317 2.8723929 2.9287948 2.9647400 2.9386610 2.8582793 2.8861991 2.8253756 2.7971187 2.7971187 2.7789914 2.7128903 2.8664672 2.8242234 2.5351393 2.5418105 2.4132659 2.3540956 2.7231492 2.6796849 2.6860207 2.6255627 2.6477788 2.6667587 2.5797025 2.5930871 2.5535906 2.5352403 2.6707727 2.8409613 2.6555192 2.6267660 2.5911127 2.4925774 2.6025095 2.6723842 2.7049043 2.6776615 2.6563520 2.6602147 
Plantago_asiatica_mosaic_virus__KU697313    2.8600472 1.7498220 0.0000000 0.3405578 0.3852283 0.3246147 0.3210212 2.6654966 2.7536439 3.5993030 2.3802944 2.9955356 2.8389752 3.0395655 2.9386955 3.0517189 3.4772732 3.3167257 3.3167257 3.3924109 3.7362844 3.4856278 3.4935760 3.3427130 3.3443365 3.3990527 3.3696556 3.5549062 3.1828566 3.4520151 3.4797548 3.4797548 3.3292488 3.3706101 3.3395022 3.5166964 3.5506452 3.4387155 3.3400771 3.3797851 3.5955283 3.4958058 3.4638711 3.5652740 3.7416797 3.7416797 3.6992840 3.7277521 3.3274707 2.8205129 2.7936759 3.0162164 2.7194046 2.7094571 2.7025436 3.0870639 2.9210098 2.8907568 2.8574110 2.7794886 2.7554468 2.7792813 2.7832650 2.7832650 3.0807347 3.1827040 3.1435252 3.1848650 2.9848296 2.9929704 2.9939715 2.9391865 3.0665487 3.0209881 2.9940795 2.9378703 2.8571575 2.9107551 3.0180704 3.1076116 2.9691655 2.9196078 3.0809713 3.3758927 3.0059839 3.0390650 3.0737589 2.8752070 3.0160890 3.0744171 3.1152367 3.0360165 3.0257496 3.0360165 
Nandina_mosaic_virus                        3.2911438 1.7021602 0.3405578 0.0000000 0.3143919 0.3898461 0.3938388 2.9638379 2.4427119 3.2955413 2.7198383 2.6779776 2.7357312 2.7926182 2.8325568 2.7436460 3.0541083 2.9721994 2.9721994 3.1169027 3.3414820 3.6812692 3.5016926 3.2020972 3.2025862 3.3163391 3.1549999 3.4981378 3.1486917 3.6667744 3.7334665 3.7334665 3.6694968 3.7387574 3.7044057 3.7705938 3.8072916 3.7483004 3.6240137 3.6676937 3.9927867 3.7486351 3.7199574 3.8088515 3.9312390 3.9312390 3.8866036 3.9169738 3.5567851 3.0818353 3.0526732 3.1581549 2.8453444 2.7856542 2.8221397 3.1044160 3.1172416 2.9378970 2.9041481 2.9692561 2.9705552 2.9960815 3.0011148 3.0011148 3.6174462 3.4846855 3.7631655 3.5529335 3.1515075 3.0595435 3.0430137 2.9768820 3.1305990 3.1152071 3.0739286 3.0965189 3.0227926 3.0788337 3.0247293 3.0788727 2.9202982 2.9256653 3.0123862 3.1155501 2.8880343 2.8799535 2.9976565 2.8511835 2.9650698 3.0100079 3.0495497 3.0417119 3.0315419 3.0417119 
Plantago_asiatica_mosaic_virus__LC155795    3.3567014 1.8812170 0.3852283 0.3143919 0.0000000 0.4689918 0.4645450 3.1052317 2.4348444 3.1397894 2.8827484 2.8517380 2.8125930 2.9500848 2.8965304 2.9876059 3.1293074 3.0302917 3.0302917 3.0837497 2.9726656 3.0906289 3.0765391 2.8109133 2.8406368 2.9050311 2.7801489 2.9933394 2.7390700 3.3285332 3.3493766 3.3493766 3.2654845 3.3641782 3.3384371 3.3867922 3.3884513 3.4099250 3.3505941 3.3899135 3.4932913 3.2521436 3.2228622 3.2790367 3.3822884 3.3822884 3.3501477 3.3745213 3.2050687 2.9283978 2.9051847 2.9973349 2.8779033 2.7708030 2.7738521 2.8189674 2.8492320 2.8171909 2.7853172 2.7064186 2.6949183 2.6794292 2.7113572 2.7113572 3.1164699 3.0702606 3.1959967 3.2092760 2.6761417 2.7546641 2.8056171 2.7452870 2.7812268 2.7562356 2.6928892 2.6953835 2.6747099 2.7097597 2.6720647 2.7919988 2.6005275 2.6272401 2.7360441 2.9120863 2.6993731 2.6857214 2.7574712 2.5773233 2.6925874 2.6969250 2.7442287 2.7362111 2.6638568 2.7362111 
Plantago_asiatica_mosaic_virus__KT717325    2.8356662 1.7467171 0.3246147 0.3898461 0.4689918 0.0000000 0.0016287 3.0311481 3.1457933 3.1465508 2.5452490 3.0303543 3.2438482 3.1455933 3.2184304 3.0892082 3.6084481 3.5233522 3.5233522 3.2938949 3.4376884 3.3505711 3.4809902 3.0749001 3.1309491 3.3206123 3.0978294 3.5568060 3.0748106 3.0716401 2.9312823 2.9312823 2.8184523 2.9017143 2.8792922 2.9964615 3.0245799 2.9434460 2.8893796 2.9226489 3.1186304 3.0979027 3.0697500 3.0581278 3.0887129 3.0887129 3.0593857 3.0809962 3.3612006 2.9017660 2.8786710 3.0519142 2.8031554 2.6968827 2.6663774 2.9664867 3.0596193 3.0863554 3.0214004 2.9130634 2.8875647 2.9124271 2.9486130 2.9486130 3.2294550 3.3399910 3.3274891 3.3471005 2.9363245 2.9962278 2.9690547 2.9366896 2.9892974 2.9292354 2.8912592 2.8697021 2.8105635 2.8476080 2.9465784 2.9406877 2.8976493 2.8163331 3.0127842 3.2545295 2.8777427 2.8449824 2.8434887 2.8380893 2.8888899 2.9392084 2.9780691 2.9038784 2.9260123 2.9038784 
Plantago_asiatica_mosaic_virus__KU159093    2.8669209 1.7491565 0.3210212 0.3938388 0.4645450 0.0016287 0.0000000 3.0640113 3.1479096 3.1511347 2.5489859 3.0642827 3.2806478 3.1810511 3.2548676 3.1239436 3.5645969 3.4807086 3.4807086 3.2547722 3.3965086 3.3106321 3.4392852 3.0369379 3.0918325 3.2801345 3.0593878 3.5137374 3.0370648 3.0357766 2.8973783 2.8973783 2.7853844 2.8678633 2.8457135 2.9616584 2.9893959 2.9087483 2.8554986 2.8882976 3.0820868 3.0616378 3.0338304 3.0222427 3.0525658 3.0525658 3.0236311 3.0448727 3.3981734 2.9344914 2.9111453 3.0849368 2.8360353 2.6968827 2.6947764 2.9985026 3.0928353 3.1199046 3.0541321 2.8794726 2.8543859 2.8789465 2.9145289 2.9145289 3.1915106 3.3004860 3.2881689 3.3074791 2.9021740 2.9607803 2.9343685 2.9023523 2.9546561 2.8950469 2.8577130 2.8364236 2.7779762 2.8145998 2.9122570 2.9067218 2.8629872 2.7832847 2.9773996 3.2156611 2.8440703 2.8116056 2.8098150 2.8048122 2.8552631 2.9045930 2.9430022 2.8699870 2.8918545 2.8699870 
Senna_mosaic_virus                          2.3349462 2.6775940 2.6654966 2.9638379 3.1052317 3.0311481 3.0640113 0.0000000 0.8347999 0.7545732 0.6939391 0.6719158 0.6846789 0.6620450 0.6665014 0.6674730 2.9020552 2.8321326 2.8321326 3.5067137 3.4186915 3.3804431 3.2498771 3.0528121 3.0254765 3.1974170 3.1968584 3.3627120 3.0447634 2.5863118 2.6019096 2.6019096 2.5361183 2.6026166 2.5662256 2.5938258 2.6155353 2.4181430 2.4140272 2.4386312 2.7441752 2.7379880 2.6965802 2.6831423 2.7663171 2.7663171 2.7271288 2.7437544 3.0164772 2.9234915 2.9022436 2.9868625 2.8729517 2.7609101 2.9543878 3.0009178 2.9618533 2.9047017 2.9834802 2.9864543 2.9948588 2.9610010 2.9289397 2.9289397 3.0542245 2.9601838 3.1870971 2.9762186 3.1849686 3.1383783 3.1432425 3.1660268 3.1471271 3.1360573 3.1358989 3.0930493 3.1051435 3.1150515 3.0956580 3.1623302 2.9155048 3.0691519 3.0727537 3.2192817 3.0385727 2.9629045 2.9994628 3.0043869 3.1353551 3.0557212 3.0884534 3.0876086 3.1063794 3.1110172 
Babaco_mosaic_virus                         2.5262804 2.8685398 2.7536439 2.4427119 2.4348444 3.1457933 3.1479096 0.8347999 0.0000000 0.7486139 0.6948780 0.6975615 0.7478723 0.7725405 0.7377238 0.7733083 2.8357951 2.8948363 2.8948363 2.5599866 2.4797597 2.5680320 2.4909977 2.2804042 2.2992637 2.3446556 2.1786607 2.5087289 2.3365881 2.0300220 2.0717927 2.0717927 2.1006350 2.0877685 2.0793575 2.1205905 2.1604266 2.0554501 2.0169714 2.0373274 2.1630345 2.0745274 2.0488442 2.1319477 2.1870831 2.1870831 2.1561505 2.1682098 3.1265718 2.6921197 2.6681978 2.6133518 2.5230937 2.4278970 2.6057590 2.6742072 2.6623904 2.6528961 2.7033836 2.5682544 2.5940303 2.5803959 2.5511031 2.5511031 2.9996592 2.9941333 2.9682414 2.8932720 2.9308911 2.8778526 2.8747865 2.8811073 3.0577780 2.9587191 2.9589713 2.9907845 2.9168305 2.9636075 2.9144294 2.8370415 2.8069146 2.7903732 2.8238737 3.1440988 2.8479665 2.8602819 2.8504844 2.7767019 2.8273046 2.8533487 2.8968962 2.8912165 2.8758785 2.8912165 
Papaya_mosaic_virus                         2.9228587 2.4998175 3.5993030 3.2955413 3.1397894 3.1465508 3.1511347 0.7545732 0.7486139 0.0000000 0.5765986 0.6247362 0.6263754 0.6038616 0.6151210 0.6039950 2.7458436 2.6968323 2.6968323 2.5893410 2.5169074 2.4696818 2.5768011 2.3863484 2.4018364 2.4402497 2.3051566 2.4976997 2.3149939 2.1745161 2.2878881 2.2878881 2.2037845 2.2591412 2.2532891 2.2516514 2.2950342 2.1739663 2.1521166 2.1530184 2.3286421 2.2227037 2.1878396 2.3133273 2.3711990 2.3711990 2.3363870 2.3502103 2.3026259 2.4484752 2.4299939 2.5872221 2.4422756 2.2797102 2.5530320 2.4795538 2.5668547 2.5878086 2.6570795 2.5848764 2.6110676 2.5621415 2.5546738 2.5546738 2.8666487 2.7177372 2.9078972 2.7815541 2.6565146 2.5523268 2.4989085 2.5156499 2.7190448 2.7809347 2.7816070 2.7314807 2.6650745 2.7202513 2.7619111 2.6381891 2.5985547 2.6347328 2.6283337 2.7839437 2.6181375 2.6432505 2.5741352 2.5640666 2.6684104 2.4912759 2.5297307 2.6021165 2.5887332 2.6021165 
Alternanthera_mosaic_virus__LC107515        2.1128463 2.1681693 2.3802944 2.7198383 2.8827484 2.5452490 2.5489859 0.6939391 0.6948780 0.5765986 0.0000000 0.3094740 0.3113308 0.3234262 0.3211272 0.3269541 2.7685472 2.7506099 2.7506099 2.2030782 2.3339656 2.3043206 2.2771768 2.0525219 2.0682430 2.1551759 2.0170560 2.2955412 2.0812416 1.8402310 1.8286915 1.8286915 1.7419688 1.8189480 1.8027386 1.8639961 1.8454733 1.7563874 1.7290765 1.7467501 1.9347105 1.8669604 1.8504757 1.8579731 1.8877902 1.8877902 1.8362002 1.8461752 2.0556581 1.7564172 1.7401182 1.9660190 1.7349210 1.6382921 1.8255509 1.8739593 1.9242277 1.8488222 1.8498825 1.8269709 1.8757057 1.8494254 1.8607101 1.8607101 1.8324371 1.8658298 1.8703741 1.8092377 2.1219974 1.9931321 2.0282392 2.0201471 2.0481775 2.0910174 2.0929777 2.0875555 2.0431084 2.0975341 2.0356391 2.0773333 2.0107893 2.0850712 2.1080786 2.3927004 2.0999423 2.0971816 2.0670709 2.0748123 2.0555910 2.0295246 2.0538250 2.0738852 2.0895011 2.0738852 
Alternanthera_mosaic_virus__MH423501        2.3058723 2.0625057 2.9955356 2.6779776 2.8517380 3.0303543 3.0642827 0.6719158 0.6975615 0.6247362 0.3094740 0.0000000 0.0704668 0.0831376 0.0660458 0.0831361 2.3621220 2.1959182 2.1959182 1.9741475 1.8806939 1.9594955 2.0272476 1.7691572 1.7988242 1.8889904 1.7345247 2.0356757 1.8343098 2.1449493 2.2207797 2.2207797 2.2400360 2.2642826 2.2472298 2.2424068 2.2622637 2.0879131 2.1027505 2.1252443 2.3463619 2.2504318 2.2305405 2.2567833 2.2920317 2.2920317 2.2575180 2.2711161 2.3044556 2.2786770 2.2608004 2.2890812 2.2669547 2.1566007 2.2495815 2.3251493 2.3664037 2.3167738 2.3573274 2.2985175 2.3629651 2.3276987 2.3122709 2.3122709 2.0411915 2.1241529 2.1264583 2.1268307 2.0508276 1.9481656 1.9853619 1.9758619 2.0457183 2.0869186 2.0679499 2.0444474 2.0027717 2.0540671 1.9523301 2.0140574 1.8819004 1.9333097 2.0020003 2.2630678 1.9705087 1.9891704 1.9523012 1.9186096 1.9663801 1.9458608 1.9690192 1.9731576 1.9704801 1.9731576 
Alternanthera_mosaic_virus__FJ822136        2.3908023 2.1223485 2.8389752 2.7357312 2.8125930 3.2438482 3.2806478 0.6846789 0.7478723 0.6263754 0.3113308 0.0704668 0.0000000 0.0702375 0.0534750 0.0702368 2.4332128 2.2683796 2.2683796 1.9056042 1.8109402 1.8282509 1.8753985 1.6739071 1.6831523 1.7782853 1.6550197 1.8832694 1.7180606 1.9863563 2.1350359 2.1350359 2.0695270 2.0751296 2.0595005 2.0752820 2.0934687 1.9502127 1.9210253 1.9412081 2.1522104 2.0448879 2.0268299 2.0477599 2.0802577 2.0802577 2.0496535 2.0614367 2.3601349 2.3144943 2.2962997 2.4244503 2.2860863 2.1745447 2.3109038 2.2727697 2.3385411 2.3343764 2.3753259 2.2722547 2.3358910 2.3011269 2.2846855 2.2846855 1.8406959 1.9326406 1.8641476 1.8647531 2.0873707 1.9440354 1.9998161 1.9744614 2.0553954 2.0406021 2.0222236 2.0168962 1.9583761 2.0085288 1.9493655 2.0302598 1.8881037 1.9917254 1.9785161 2.2859486 2.0025698 1.9628637 1.9639746 1.9193475 2.0121952 1.9690058 1.9924301 1.9875424 1.9848325 1.9875424 
Alternanthera_mosaic_virus__GQ179646        2.2832647 2.2132372 3.0395655 2.7926182 2.9500848 3.1455933 3.1810511 0.6620450 0.7725405 0.6038616 0.3234262 0.0831376 0.0702375 0.0000000 0.0384837 0.0064640 2.4521729 2.1760681 2.1760681 1.8632288 1.7536972 1.8056738 1.9054453 1.6753862 1.6846682 1.8054861 1.6580968 1.9089368 1.7205594 1.9285567 2.0721920 2.0721920 1.9886404 2.0130265 1.9978527 2.0144603 2.0320565 1.8847266 1.9003887 1.9011849 2.0633072 1.9610954 1.9437882 2.0255728 2.0577665 2.0577665 2.0275760 2.0391685 2.4305686 2.2262030 2.2087086 2.3727981 2.2071652 2.1239805 2.2430588 2.2904211 2.2661371 2.2187980 2.2593456 2.1187098 2.1776606 2.1457882 2.1313699 2.1313699 1.9190238 1.9976368 1.9611317 1.9457900 2.0220580 1.9225404 1.9378329 1.9334484 2.0162712 2.0013666 1.9834756 1.9781816 1.9207422 1.9699404 1.8921203 1.9901083 1.8224926 1.9510677 1.9199960 2.2373335 1.9258423 1.8875702 1.8870339 1.8438534 2.0156126 1.8995568 1.9222066 1.9270833 1.9245053 1.9270833 
Alternanthera_mosaic_virus__AY863024        2.3612475 2.1098786 2.9386955 2.8325568 2.8965304 3.2184304 3.2548676 0.6665014 0.7377238 0.6151210 0.3211272 0.0660458 0.0534750 0.0384837 0.0000000 0.0384841 2.3882921 2.1185043 2.1185043 1.8913811 1.7658847 1.8870302 1.9186379 1.7200574 1.7299477 1.8015756 1.6695986 1.9585555 1.7663812 1.9553418 2.1012661 2.1012661 2.0393607 2.0414783 2.0261002 2.0426143 2.0604788 1.9113802 1.9272702 1.9280804 2.0922147 1.9884077 1.9708682 2.0541026 2.0866627 2.0866627 2.0559629 2.0677917 2.3038747 2.1073994 2.0908621 2.2946172 2.1316291 2.0520084 2.1697278 2.1498692 2.1936912 2.1481378 2.1854244 2.0729625 2.1304335 2.1180058 2.1026964 2.1026964 1.8538869 1.9276145 1.8942002 1.8947742 1.9601146 1.8637775 1.9175753 1.8933648 1.9905739 1.9756421 1.9581118 1.9528543 1.8973588 1.9447171 1.8699180 1.9664496 1.8007804 1.9086556 1.8972395 2.1891574 1.9195961 1.8815397 1.8653369 1.8402072 1.9553445 1.8795383 1.9019045 1.9057296 1.9032036 1.9057296 
Alternanthera_mosaic_virus__GQ179647        2.2843852 2.1967671 3.0517189 2.7436460 2.9876059 3.0892082 3.1239436 0.6674730 0.7733083 0.6039950 0.3269541 0.0831361 0.0702368 0.0064640 0.0384841 0.0000000 2.4543705 2.1762216 2.1762216 1.8648517 1.7426262 1.7941783 1.8932395 1.6642235 1.6733498 1.7936842 1.6469994 1.8966468 1.7090815 1.9701125 2.1174016 2.1174016 2.0327297 2.0572288 2.0417271 2.0581988 2.0762240 1.9260525 1.9420781 1.9428965 2.1082525 2.0034910 1.9858120 2.0699056 2.1026903 2.1026903 2.0716862 2.0836545 2.4327337 2.2069716 2.1896210 2.3531563 2.1872676 2.1049608 2.2245473 2.2715230 2.2474170 2.2005061 2.2406971 2.1420848 2.2017803 2.1694516 2.1548946 2.1548946 1.9021633 1.9799754 1.9438418 1.9286746 2.0238386 1.9242516 1.9395369 1.9351530 2.0164058 2.0015020 1.9836102 1.9783163 1.9208778 1.9700752 1.8937817 1.9918443 1.8241454 1.9528126 1.9216888 2.2393212 1.9275507 1.8892537 1.8887313 1.8454998 2.0173923 1.9012485 1.9239130 1.9287840 1.9262028 1.9287840 
Opuntia_virus__Strain_CC10                  2.7345277 2.0930812 3.4772732 3.0541083 3.1293074 3.6084481 3.5645969 2.9020552 2.8357951 2.7458436 2.7685472 2.3621220 2.4332128 2.4521729 2.3882921 2.4543705 0.0000000 0.0395087 0.0395087 1.1638812 1.1071778 1.1265908 1.1478884 1.0147265 0.9890132 1.0134868 0.9553197 1.0807082 0.9661806 1.4715313 1.5025054 1.5025054 1.4656089 1.4738645 1.4578951 1.4950831 1.5202281 1.4693316 1.4633891 1.4639048 1.5074192 1.4735354 1.4854341 1.4937197 1.4990693 1.4990693 1.5366794 1.5261562 1.4516918 1.4073921 1.4016576 1.5246449 1.4422295 1.3388455 1.4738155 1.5267582 1.4866370 1.4961265 1.4936127 1.4835168 1.4836665 1.4822541 1.4770948 1.4770948 1.6569079 1.6663026 1.6915237 1.7264027 1.4501679 1.4360579 1.4397117 1.4525913 1.5329778 1.5124206 1.4878758 1.4714275 1.4639006 1.4761312 1.4466069 1.4671623 1.4289974 1.4065923 1.4927319 1.6055818 1.4725660 1.4761561 1.4490578 1.4276534 1.4716326 1.4341210 1.4500327 1.4922475 1.4763151 1.4850312 
Opuntia_virus_X__KY348771                   2.8237404 1.9699082 3.3167257 2.9721994 3.0302917 3.5233522 3.4807086 2.8321326 2.8948363 2.6968323 2.7506099 2.1959182 2.2683796 2.1760681 2.1185043 2.1762216 0.0395087 0.0000000 0.0000010 1.2267309 1.1612783 1.1722208 1.1944113 1.0490657 1.0303989 1.0476157 0.9967339 1.1078883 1.0095849 1.4824758 1.4893994 1.4893994 1.4636996 1.4849679 1.4688036 1.5063490 1.5318470 1.4678404 1.4618812 1.4623984 1.5188606 1.5174231 1.5125679 1.5050903 1.5104224 1.5104224 1.5485505 1.5379016 1.5108698 1.3403192 1.3348421 1.4659243 1.3588111 1.2732247 1.4186011 1.4712909 1.4097742 1.4187414 1.4164479 1.3972122 1.4078477 1.4067010 1.4016141 1.4016141 1.5398198 1.5484832 1.5936307 1.6429374 1.4532771 1.4391644 1.4346075 1.4321374 1.5475114 1.4908959 1.4668207 1.4423692 1.4558586 1.4680420 1.4601236 1.4944334 1.4526531 1.4308314 1.5068201 1.6209834 1.4864912 1.4901969 1.4629253 1.4411240 1.4854602 1.4395323 1.4555346 1.4772058 1.4795051 1.4882450 
Opuntia_virus_X__KU854931                   2.8237404 1.9699082 3.3167257 2.9721994 3.0302917 3.5233522 3.4807086 2.8321326 2.8948363 2.6968323 2.7506099 2.1959182 2.2683796 2.1760681 2.1185043 2.1762216 0.0395087 0.0000010 0.0000000 1.2267309 1.1612783 1.1722208 1.1944113 1.0490657 1.0303989 1.0476157 0.9967339 1.1078883 1.0095849 1.4824758 1.4893994 1.4893994 1.4636996 1.4849679 1.4688036 1.5063490 1.5318470 1.4678404 1.4618812 1.4623984 1.5188606 1.5174231 1.5125679 1.5050903 1.5104224 1.5104224 1.5485505 1.5379016 1.5108698 1.3403192 1.3348421 1.4659243 1.3588111 1.2732247 1.4186011 1.4712909 1.4097742 1.4187414 1.4164479 1.3972122 1.4078477 1.4067010 1.4016141 1.4016141 1.5398198 1.5484832 1.5936307 1.6429374 1.4532771 1.4391644 1.4346075 1.4321374 1.5475114 1.4908959 1.4668207 1.4423692 1.4558586 1.4680420 1.4601236 1.4944334 1.4526531 1.4308314 1.5068201 1.6209834 1.4864912 1.4901969 1.4629253 1.4411240 1.4854602 1.4395323 1.4555346 1.4772058 1.4795051 1.4882450 
Schlumbergera_virus_X__KU854929             3.1097181 2.4135541 3.3924109 3.1169027 3.0837497 3.2938949 3.2547722 3.5067137 2.5599866 2.5893410 2.2030782 1.9741475 1.9056042 1.8632288 1.8913811 1.8648517 1.1638812 1.2267309 1.2267309 0.0000000 0.1377706 0.1332618 0.1369525 0.0981191 0.0927182 0.1257061 0.0961233 0.1338998 0.0950545 0.5823739 0.5761306 0.5761306 0.5693064 0.5614427 0.5529579 0.5834928 0.5877730 0.5657973 0.5650957 0.5652236 0.5904094 0.6059030 0.5977920 0.5754000 0.5900497 0.5900497 0.5933817 0.5951198 0.7986427 0.7588665 0.7515168 0.8329591 0.7374797 0.7195812 0.8213478 0.8585753 0.8580821 0.8290639 0.8338280 0.8177590 0.8111814 0.8125679 0.7928101 0.7928101 0.6740099 0.7083433 0.6882569 0.6845766 0.7146603 0.6915756 0.6894366 0.6890240 0.7160793 0.7108638 0.7051296 0.7007058 0.6816474 0.6978242 0.7020478 0.6953419 0.6651362 0.6744144 0.6871459 0.8285361 0.6682122 0.6686750 0.6671794 0.6843305 0.6943108 0.6858252 0.6989557 0.7090424 0.7137298 0.7122428 
SRR11190802_Plant__DH-1_NC_011659           2.7928821 2.4284451 3.7362844 3.3414820 2.9726656 3.4376884 3.3965086 3.4186915 2.4797597 2.5169074 2.3339656 1.8806939 1.8109402 1.7536972 1.7658847 1.7426262 1.1071778 1.1612783 1.1612783 0.1377706 0.0000000 0.0742910 0.0724192 0.0211490 0.0213290 0.0554685 0.0295895 0.0660999 0.0226448 0.5815541 0.5752825 0.5752825 0.5518032 0.5697057 0.5664360 0.5905490 0.5999952 0.5679122 0.5706421 0.5707711 0.5900026 0.5861750 0.5782342 0.5608110 0.5752474 0.5752474 0.5724510 0.5741027 0.8222928 0.7517488 0.7457749 0.8436630 0.7972455 0.7581766 0.8767662 0.8818238 0.9013700 0.8845749 0.8897068 0.8382577 0.8380402 0.8394176 0.8248972 0.8248972 0.6995378 0.7404202 0.7143126 0.7044357 0.6443163 0.6298707 0.6399883 0.6437397 0.6442435 0.6434967 0.6434371 0.6472749 0.6290185 0.6446767 0.6351668 0.6600903 0.6077428 0.6300857 0.6401071 0.7568477 0.6316664 0.6183299 0.5999750 0.6292695 0.6429626 0.6298628 0.6422423 0.6424010 0.6420580 0.6454399 
Schlumbergera_virus_X__KP090203             2.8424835 2.4357173 3.4856278 3.6812692 3.0906289 3.3505711 3.3106321 3.3804431 2.5680320 2.4696818 2.3043206 1.9594955 1.8282509 1.8056738 1.8870302 1.7941783 1.1265908 1.1722208 1.1722208 0.1332618 0.0742910 0.0000000 0.0433881 0.0244468 0.0194917 0.0331635 0.0209993 0.0370585 0.0208535 0.5502722 0.5531859 0.5531859 0.5280661 0.5344818 0.5330019 0.5603393 0.5687910 0.5367153 0.5422083 0.5423310 0.5720328 0.5678558 0.5604051 0.5405409 0.5575177 0.5575177 0.5547927 0.5563877 0.7728102 0.7409212 0.7375161 0.8171006 0.7583825 0.7237331 0.8247572 0.8356460 0.8413267 0.8260879 0.8374029 0.7938650 0.7936645 0.7950688 0.7755356 0.7755356 0.6509511 0.6790362 0.6701348 0.6509081 0.6413910 0.6372332 0.6410201 0.6506925 0.6651074 0.6752135 0.6697759 0.6600380 0.6465783 0.6622150 0.6511688 0.6763620 0.6130570 0.6449111 0.6523268 0.7651661 0.6481011 0.6375517 0.6316510 0.6445075 0.6684189 0.6498367 0.6625083 0.6678932 0.6675191 0.6709978 
Schlumbergera_virus_X__Strain_K11           3.0747295 2.6440264 3.4935760 3.5016926 3.0765391 3.4809902 3.4392852 3.2498771 2.4909977 2.5768011 2.2771768 2.0272476 1.8753985 1.9054453 1.9186379 1.8932395 1.1478884 1.1944113 1.1944113 0.1369525 0.0724192 0.0433881 0.0000000 0.0243806 0.0195143 0.0349756 0.0210320 0.0437379 0.0224745 0.6245545 0.6278848 0.6278848 0.5896607 0.6081280 0.6036167 0.6358301 0.6451935 0.6068115 0.6127956 0.6129369 0.6391452 0.6392753 0.6312604 0.6145899 0.6328761 0.6328761 0.6297824 0.6316739 0.7673064 0.7460740 0.7388048 0.8144820 0.7588275 0.7272637 0.8343978 0.8460974 0.8447532 0.8422729 0.8471329 0.8095999 0.8030744 0.8044686 0.7848268 0.7848268 0.6605448 0.6991831 0.6847010 0.6652136 0.6652750 0.6568930 0.6648760 0.6741455 0.6677721 0.6624001 0.6571040 0.6579466 0.6394386 0.6548781 0.6651763 0.6908456 0.6242283 0.6463024 0.6620090 0.7758516 0.6482491 0.6438506 0.6379704 0.6511247 0.6680357 0.6595867 0.6723570 0.6777459 0.6822783 0.6808654 
SRR11190798_Plant__DH-3_NC_011659           2.6782899 2.2891081 3.3427130 3.2020972 2.8109133 3.0749001 3.0369379 3.0528121 2.2804042 2.3863484 2.0525219 1.7691572 1.6739071 1.6753862 1.7200574 1.6642235 1.0147265 1.0490657 1.0490657 0.0981191 0.0211490 0.0244468 0.0243806 0.0000000 0.0000010 0.0032495 0.0000010 0.0080266 0.0000010 0.4927917 0.4958526 0.4958526 0.4759986 0.4909437 0.4876548 0.5014975 0.5098257 0.4794534 0.4822153 0.4823319 0.5094384 0.5015158 0.4937002 0.4881270 0.4996230 0.4996230 0.4970457 0.4985184 0.7085558 0.6433617 0.6376723 0.6973054 0.6609806 0.6263940 0.7175764 0.7191477 0.7245939 0.7225122 0.7210012 0.6856655 0.6854912 0.6870732 0.6749774 0.6749774 0.6082256 0.6264030 0.6123873 0.6030841 0.5530559 0.5436389 0.5439588 0.5569581 0.5481884 0.5511981 0.5465852 0.5497584 0.5325173 0.5475284 0.5464830 0.5642741 0.5240241 0.5343128 0.5484858 0.6420777 0.5351831 0.5303910 0.5124764 0.5403215 0.5464169 0.5381497 0.5499696 0.5504828 0.5532518 0.5535130 
SRR11190801_Plant__DH-2_NC_011659           2.6772319 2.2793798 3.3443365 3.2025862 2.8406368 3.1309491 3.0918325 3.0254765 2.2992637 2.4018364 2.0682430 1.7988242 1.6831523 1.6846682 1.7299477 1.6733498 0.9890132 1.0303989 1.0303989 0.0927182 0.0213290 0.0194917 0.0195143 0.0000010 0.0000000 0.0032544 0.0000010 0.0015998 0.0000010 0.4827575 0.4901711 0.4901711 0.4659285 0.4807888 0.4820070 0.4913504 0.4996082 0.4721690 0.4720540 0.4721690 0.4991990 0.4913296 0.4835574 0.4780296 0.4894656 0.4894656 0.4869351 0.4883764 0.6925460 0.6327891 0.6327891 0.6949437 0.6582492 0.6211878 0.7153002 0.7229919 0.7223488 0.7141658 0.7187390 0.6832338 0.6830591 0.6846549 0.6725020 0.6725020 0.5972164 0.6099610 0.6013473 0.5921197 0.5423376 0.5329042 0.5333304 0.5461938 0.5376025 0.5404496 0.5359107 0.5372065 0.5260810 0.5350341 0.5358146 0.5535494 0.5115202 0.5204979 0.5359700 0.6305866 0.5227525 0.5228158 0.5066598 0.5277970 0.5357297 0.5274381 0.5391700 0.5397260 0.5425014 0.5427526 
SRR11603189_RR-peel-3_NC_011659             2.8438577 2.2943731 3.3990527 3.3163391 2.9050311 3.3206123 3.2801345 3.1974170 2.3446556 2.4402497 2.1551759 1.8889904 1.7782853 1.8054861 1.8015756 1.7936842 1.0134868 1.0476157 1.0476157 0.1257061 0.0554685 0.0331635 0.0349756 0.0032495 0.0032544 0.0000000 0.0000010 0.0030566 0.0032091 0.5457108 0.5489849 0.5489849 0.5139897 0.5369672 0.5383122 0.5559982 0.5646490 0.5267941 0.5282326 0.5283557 0.5589563 0.5440489 0.5411965 0.5357118 0.5531010 0.5531010 0.5503199 0.5519442 0.7356783 0.6931285 0.6931285 0.7673601 0.7107390 0.6700783 0.7814585 0.7987031 0.7908982 0.7881196 0.7992755 0.7561003 0.7559076 0.7573827 0.7379212 0.7379212 0.6358757 0.6536193 0.6552947 0.6405805 0.5969067 0.5878793 0.5920617 0.6058840 0.5967866 0.6004989 0.5955948 0.6025800 0.5855608 0.5947043 0.5858108 0.6054707 0.5610511 0.5754729 0.5925467 0.6994187 0.5792420 0.5839005 0.5676020 0.5846089 0.5878048 0.5781293 0.5901091 0.5966450 0.5993628 0.5996649 
SRR11603187_RR-pulp-2_NC_011659             2.5924857 2.2427611 3.3696556 3.1549999 2.7801489 3.0978294 3.0593878 3.1968584 2.1786607 2.3051566 2.0170560 1.7345247 1.6550197 1.6580968 1.6695986 1.6469994 0.9553197 0.9967339 0.9967339 0.0961233 0.0295895 0.0209993 0.0210320 0.0000010 0.0000010 0.0000010 0.0000000 0.0000010 0.0000010 0.5004884 0.5035940 0.5035940 0.4796021 0.5003405 0.5016091 0.5093030 0.5177089 0.4886394 0.4899833 0.4901015 0.5131346 0.5027424 0.4998745 0.4958603 0.5074312 0.5074312 0.5048119 0.5063126 0.6812406 0.6476966 0.6476966 0.7100263 0.6688471 0.6294392 0.7319905 0.7454114 0.7433859 0.7350591 0.7458597 0.7037084 0.7035281 0.7050937 0.6893000 0.6893000 0.6026348 0.6254463 0.6219150 0.6073290 0.5555302 0.5505913 0.5508437 0.5639768 0.5527352 0.5558174 0.5511685 0.5579027 0.5412548 0.5502829 0.5447289 0.5688968 0.5254472 0.5340825 0.5512423 0.6526975 0.5379561 0.5410491 0.5247948 0.5431018 0.5465511 0.5427414 0.5546098 0.5551052 0.5578743 0.5581400 
SRR11603183_GW-peel-2_NC_011659             2.9705174 2.5529949 3.5549062 3.4981378 2.9933394 3.5568060 3.5137374 3.3627120 2.5087289 2.4976997 2.2955412 2.0356757 1.8832694 1.9089368 1.9585555 1.8966468 1.0807082 1.1078883 1.1078883 0.1338998 0.0660999 0.0370585 0.0437379 0.0080266 0.0015998 0.0030566 0.0000010 0.0000000 0.0000010 0.5696609 0.5726857 0.5726857 0.5383314 0.5583239 0.5568722 0.5800471 0.5887322 0.5471002 0.5526723 0.5527978 0.5830580 0.5769655 0.5741271 0.5598644 0.5771917 0.5771917 0.5743655 0.5760365 0.7920044 0.7545334 0.7510701 0.8325814 0.7813488 0.7307048 0.8476221 0.8651902 0.8574236 0.8484665 0.8663270 0.8211234 0.8209109 0.8223090 0.8021338 0.8021338 0.6704896 0.6890209 0.6902233 0.6752506 0.6491151 0.6402334 0.6440138 0.6585493 0.6532957 0.6578487 0.6525557 0.6538390 0.6301796 0.6455746 0.6490207 0.6551688 0.6050500 0.6160231 0.6361884 0.7567045 0.6181023 0.6169283 0.6064358 0.6253583 0.6373408 0.6277379 0.6401115 0.6466502 0.6463013 0.6497069 
SRR11603184_GW-peel-1_NC_011659             2.6150097 2.2563568 3.1828566 3.1486917 2.7390700 3.0748106 3.0370648 3.0447634 2.3365881 2.3149939 2.0812416 1.8343098 1.7180606 1.7205594 1.7663812 1.7090815 0.9661806 1.0095849 1.0095849 0.0950545 0.0226448 0.0208535 0.0224745 0.0000010 0.0000010 0.0032091 0.0000010 0.0000010 0.0000000 0.5138042 0.5169684 0.5169684 0.4896697 0.5076009 0.5088875 0.5227556 0.5312473 0.5036018 0.5034816 0.5036018 0.5308997 0.5252594 0.5223704 0.5092652 0.5208983 0.5208983 0.5182228 0.5197635 0.6904366 0.6416602 0.6416602 0.6903319 0.6508361 0.6232028 0.7174816 0.7237302 0.7230959 0.7150243 0.7254917 0.6845181 0.6843456 0.6859162 0.6705278 0.6705278 0.5820728 0.6039609 0.6006310 0.5866074 0.5398505 0.5353630 0.5357578 0.5484271 0.5377128 0.5405046 0.5360556 0.5425477 0.5319407 0.5407683 0.5356479 0.5533453 0.5088804 0.5248678 0.5361139 0.6368773 0.5185717 0.5229089 0.5070801 0.5248350 0.5389594 0.5333234 0.5392509 0.5438572 0.5465814 0.5468319 
MG210801                                    2.4712499 2.5335343 3.4520151 3.6667744 3.3285332 3.0716401 3.0357766 2.5863118 2.0300220 2.1745161 1.8402310 2.1449493 1.9863563 1.9285567 1.9553418 1.9701125 1.4715313 1.4824758 1.4824758 0.5823739 0.5815541 0.5502722 0.6245545 0.4927917 0.4827575 0.5457108 0.5004884 0.5696609 0.5138042 0.0000000 0.0165519 0.0165519 0.0091811 0.0090675 0.0090930 0.0119929 0.0165705 0.0060968 0.0060865 0.0060882 0.0181681 0.0243949 0.0213123 0.0152260 0.0197572 0.0197572 0.0166455 0.0166705 0.7609199 0.6548375 0.6566080 0.7879849 0.6585748 0.6296180 0.7535058 0.7827042 0.7916125 0.7882385 0.8006354 0.7545814 0.7603360 0.7552568 0.7447601 0.7447601 0.6853062 0.6647264 0.6830043 0.6653537 0.7533199 0.7205245 0.7361085 0.7294933 0.7355847 0.7470132 0.7467198 0.7381181 0.7321159 0.7404197 0.7463454 0.7233186 0.6963644 0.7140551 0.7250900 0.8138494 0.7240113 0.7114937 0.7100473 0.7151443 0.7316999 0.7325540 0.7464198 0.7397584 0.7331583 0.7459670 
SRR11190800_Plant__BSJ-2_NC_024458          2.4540288 2.6322342 3.4797548 3.7334665 3.3493766 2.9312823 2.8973783 2.6019096 2.0717927 2.2878881 1.8286915 2.2207797 2.1350359 2.0721920 2.1012661 2.1174016 1.5025054 1.4893994 1.4893994 0.5761306 0.5752825 0.5531859 0.6278848 0.4958526 0.4901711 0.5489849 0.5035940 0.5726857 0.5169684 0.0165519 0.0000000 0.0000010 0.0045550 0.0060096 0.0060264 0.0089572 0.0134995 0.0045542 0.0060711 0.0060728 0.0196764 0.0227779 0.0197103 0.0151864 0.0181640 0.0181640 0.0181461 0.0181734 0.7624304 0.6540744 0.6558423 0.7934318 0.6470012 0.6239126 0.7541428 0.7764699 0.7853075 0.7819488 0.7942666 0.7484798 0.7595769 0.7604301 0.7498733 0.7498733 0.6893410 0.6686371 0.6973530 0.6895982 0.7446172 0.7121021 0.7276045 0.7210433 0.7271526 0.7383696 0.7380924 0.7353793 0.7293871 0.7376769 0.7377375 0.7150352 0.6937063 0.7113675 0.7224006 0.8167298 0.7213141 0.7088178 0.7016675 0.7124574 0.7232339 0.7239941 0.7377325 0.7311903 0.7246670 0.7373432 
SRR11190791_Plant__BSJ-1_NC_024458          2.4540288 2.6322342 3.4797548 3.7334665 3.3493766 2.9312823 2.8973783 2.6019096 2.0717927 2.2878881 1.8286915 2.2207797 2.1350359 2.0721920 2.1012661 2.1174016 1.5025054 1.4893994 1.4893994 0.5761306 0.5752825 0.5531859 0.6278848 0.4958526 0.4901711 0.5489849 0.5035940 0.5726857 0.5169684 0.0165519 0.0000010 0.0000000 0.0045550 0.0060096 0.0060264 0.0089572 0.0134995 0.0045542 0.0060711 0.0060728 0.0196764 0.0227779 0.0197103 0.0151864 0.0181640 0.0181640 0.0181461 0.0181734 0.7624304 0.6540744 0.6558423 0.7934318 0.6470012 0.6239126 0.7541428 0.7764699 0.7853075 0.7819488 0.7942666 0.7484798 0.7595769 0.7604301 0.7498733 0.7498733 0.6893410 0.6686371 0.6973530 0.6895982 0.7446172 0.7121021 0.7276045 0.7210433 0.7271526 0.7383696 0.7380924 0.7353793 0.7293871 0.7376769 0.7377375 0.7150352 0.6937063 0.7113675 0.7224006 0.8167298 0.7213141 0.7088178 0.7016675 0.7124574 0.7232339 0.7239941 0.7377325 0.7311903 0.7246670 0.7373432 
SRR11190802_Plant__DH-1_NC_024458           2.3769143 2.5555179 3.3292488 3.6694968 3.2654845 2.8184523 2.7853844 2.5361183 2.1006350 2.2037845 1.7419688 2.2400360 2.0695270 1.9886404 2.0393607 2.0327297 1.4656089 1.4636996 1.4636996 0.5693064 0.5518032 0.5280661 0.5896607 0.4759986 0.4659285 0.5139897 0.4796021 0.5383314 0.4896697 0.0091811 0.0045550 0.0045550 0.0000000 0.0000010 0.0000010 0.0000010 0.0030310 0.0000010 0.0000010 0.0000010 0.0107435 0.0122744 0.0091918 0.0061694 0.0092220 0.0092220 0.0092004 0.0092144 0.7573354 0.6393983 0.6411528 0.7761009 0.6442813 0.6207173 0.7308221 0.7652525 0.7618504 0.7645958 0.7707305 0.7309915 0.7421132 0.7430175 0.7323574 0.7323574 0.6567866 0.6365049 0.6598507 0.6522807 0.7285416 0.7066879 0.7167565 0.7101125 0.7073052 0.7182806 0.7180380 0.7094629 0.7034602 0.7117647 0.7269949 0.7041822 0.6747721 0.6925797 0.7057454 0.7886971 0.6993898 0.6868148 0.6884653 0.6956093 0.7123337 0.7129899 0.7268886 0.7203450 0.7137676 0.7265708 
SRR11190801_Plant__DH-2_NC_024458           2.3970450 2.5708676 3.3706101 3.7387574 3.3641782 2.9017143 2.8678633 2.6026166 2.0877685 2.2591412 1.8189480 2.2642826 2.0751296 2.0130265 2.0414783 2.0572288 1.4738645 1.4849679 1.4849679 0.5614427 0.5697057 0.5344818 0.6081280 0.4909437 0.4807888 0.5369672 0.5003405 0.5583239 0.5076009 0.0090675 0.0060096 0.0060096 0.0000010 0.0000000 0.0000010 0.0000010 0.0044989 0.0000010 0.0000010 0.0000010 0.0106103 0.0136873 0.0106294 0.0060837 0.0091076 0.0091076 0.0090991 0.0091128 0.7618703 0.6522368 0.6540157 0.7757383 0.6520359 0.6220797 0.7367720 0.7647045 0.7673977 0.7640532 0.7762591 0.7308055 0.7418091 0.7427046 0.7321565 0.7321565 0.6551466 0.6351250 0.6529604 0.6455370 0.7430399 0.7158501 0.7258452 0.7192115 0.7254025 0.7367218 0.7364442 0.7278115 0.7217801 0.7301237 0.7360883 0.7042776 0.6858902 0.7036713 0.7148254 0.8036552 0.7137042 0.7011263 0.6996041 0.7047759 0.7214266 0.7221766 0.7360679 0.7294643 0.7228727 0.7356858 
SRR11190798_Plant__DH-3_NC_024458           2.3910362 2.5616788 3.3395022 3.7044057 3.3384371 2.8792922 2.8457135 2.5662256 2.0793575 2.2532891 1.8027386 2.2472298 2.0595005 1.9978527 2.0261002 2.0417271 1.4578951 1.4688036 1.4688036 0.5529579 0.5664360 0.5330019 0.6036167 0.4876548 0.4820070 0.5383122 0.5016091 0.5568722 0.5088875 0.0090930 0.0060264 0.0060264 0.0000010 0.0000010 0.0000000 0.0000010 0.0045113 0.0000010 0.0000010 0.0000010 0.0106402 0.0137259 0.0106594 0.0061009 0.0091333 0.0091333 0.0091247 0.0091385 0.7581113 0.6558035 0.6558035 0.7719397 0.6482031 0.6183453 0.7330571 0.7609404 0.7636195 0.7602797 0.7724572 0.7270916 0.7380711 0.7389753 0.7284337 0.7284337 0.6585751 0.6384103 0.6563668 0.6488919 0.7471844 0.7198131 0.7298486 0.7231714 0.7293706 0.7408210 0.7405347 0.7318471 0.7257806 0.7341730 0.7401686 0.7080728 0.6896755 0.7075536 0.7187455 0.8082765 0.7176323 0.7030499 0.7015363 0.7086605 0.7254000 0.7261965 0.7401863 0.7335077 0.7268619 0.7397727 
SRR11190795_Plant__FR-3_NC_024458           2.4891339 2.6236008 3.5166964 3.7705938 3.3867922 2.9964615 2.9616584 2.5938258 2.1205905 2.2516514 1.8639961 2.2424068 2.0752820 2.0144603 2.0426143 2.0581988 1.4950831 1.5063490 1.5063490 0.5834928 0.5905490 0.5603393 0.6358301 0.5014975 0.4913504 0.5559982 0.5093030 0.5800471 0.5227556 0.0119929 0.0089572 0.0089572 0.0000010 0.0000010 0.0000010 0.0000000 0.0044427 0.0000010 0.0000010 0.0000010 0.0150801 0.0181558 0.0151064 0.0105912 0.0135728 0.0135728 0.0135597 0.0135800 0.7822728 0.6631251 0.6649283 0.7989678 0.6615580 0.6379201 0.7594370 0.7935707 0.7907869 0.7874122 0.7998087 0.7537517 0.7649186 0.7657625 0.7551639 0.7551639 0.6822180 0.6617152 0.6799301 0.6723441 0.7417101 0.7080145 0.7247613 0.7182178 0.7243332 0.7354812 0.7352095 0.7266955 0.7207456 0.7289763 0.7348609 0.7122646 0.6853330 0.7028815 0.7138936 0.8014145 0.7127839 0.7003722 0.6988651 0.7039723 0.7204032 0.7211324 0.7348295 0.7283264 0.7218280 0.7344612 
Pitaya_virus_X                              2.5384257 2.6734570 3.5506452 3.8072916 3.3884513 3.0245799 2.9893959 2.6155353 2.1604266 2.2950342 1.8454733 2.2622637 2.0934687 2.0320565 2.0604788 2.0762240 1.5202281 1.5318470 1.5318470 0.5877730 0.5999952 0.5687910 0.6451935 0.5098257 0.4996082 0.5646490 0.5177089 0.5887322 0.5312473 0.0165705 0.0134995 0.0134995 0.0030310 0.0044989 0.0045113 0.0044427 0.0000000 0.0045524 0.0045455 0.0045455 0.0196987 0.0228040 0.0197327 0.0121221 0.0151033 0.0151033 0.0150886 0.0151112 0.7878130 0.6631251 0.6649283 0.8046316 0.6667758 0.6429563 0.7763238 0.7991772 0.7963873 0.8048932 0.8175739 0.7705579 0.7819646 0.7827799 0.7720348 0.7720348 0.6974474 0.6765265 0.6950869 0.6873568 0.7584253 0.7241511 0.7410814 0.7344304 0.7405146 0.7520773 0.7517744 0.7431260 0.7370967 0.7454388 0.7513881 0.7281540 0.7011864 0.7189405 0.7299897 0.8194243 0.7289238 0.7163555 0.7149358 0.7200295 0.7366478 0.7375579 0.7515091 0.7447721 0.7381220 0.7510187 
SRR11603182_GW-peel-3_NC_024458             2.4309738 2.4666977 3.4387155 3.7483004 3.4099250 2.9434460 2.9087483 2.4181430 2.0554501 2.1739663 1.7563874 2.0879131 1.9502127 1.8847266 1.9113802 1.9260525 1.4693316 1.4678404 1.4678404 0.5657973 0.5679122 0.5367153 0.6068115 0.4794534 0.4721690 0.5267941 0.4886394 0.5471002 0.5036018 0.0060968 0.0045542 0.0045542 0.0000010 0.0000010 0.0000010 0.0000010 0.0045524 0.0000000 0.0000010 0.0000010 0.0076412 0.0138527 0.0107577 0.0061574 0.0092175 0.0092175 0.0076625 0.0076741 0.7314626 0.6406586 0.6424128 0.7577596 0.6465952 0.6266233 0.7236335 0.7418041 0.7552876 0.7519493 0.7640977 0.7240779 0.7330741 0.7306836 0.7201273 0.7201273 0.6604479 0.6400722 0.6582126 0.6458994 0.7263832 0.6993909 0.7024925 0.7028321 0.7022403 0.7201218 0.7198756 0.7075975 0.7016077 0.7098946 0.7195535 0.6902852 0.6783600 0.6836823 0.7017627 0.7884678 0.6918190 0.6880440 0.6763184 0.6894282 0.6981361 0.7023719 0.7160771 0.7059765 0.6995282 0.7121071 
SRR11603184_GW-peel-1_NC_024458             2.4278213 2.4064723 3.3400771 3.6240137 3.3505941 2.8893796 2.8554986 2.4140272 2.0169714 2.1521166 1.7290765 2.1027505 1.9210253 1.9003887 1.9272702 1.9420781 1.4633891 1.4618812 1.4618812 0.5650957 0.5706421 0.5422083 0.6127956 0.4822153 0.4720540 0.5282326 0.4899833 0.5526723 0.5034816 0.0060865 0.0060711 0.0060711 0.0000010 0.0000010 0.0000010 0.0000010 0.0045455 0.0000010 0.0000000 0.0000010 0.0076283 0.0138292 0.0107394 0.0061469 0.0092018 0.0092018 0.0076495 0.0076611 0.7378959 0.6408656 0.6426199 0.7579038 0.6468107 0.6268392 0.7238029 0.7444954 0.7554338 0.7520983 0.7642364 0.7242474 0.7332375 0.7308483 0.7202996 0.7202996 0.6460902 0.6261372 0.6439286 0.6318597 0.7295249 0.7024890 0.7055740 0.7059160 0.7052970 0.7232514 0.7229990 0.7074231 0.7014348 0.7097196 0.7226706 0.6933059 0.6781929 0.6835147 0.7015912 0.7860106 0.6916502 0.6878753 0.6793941 0.6892595 0.7012096 0.7054804 0.7192125 0.7090752 0.7026086 0.7152174 
SRR11603183_GW-peel-2_NC_024458             2.4539119 2.4310840 3.3797851 3.6676937 3.3899135 2.9226489 2.8882976 2.4386312 2.0373274 2.1530184 1.7467501 2.1252443 1.9412081 1.9011849 1.9280804 1.9428965 1.4639048 1.4623984 1.4623984 0.5652236 0.5707711 0.5423310 0.6129369 0.4823319 0.4721690 0.5283557 0.4901015 0.5527978 0.5036018 0.0060882 0.0060728 0.0060728 0.0000010 0.0000010 0.0000010 0.0000010 0.0045455 0.0000010 0.0000010 0.0000000 0.0076304 0.0138330 0.0107424 0.0061486 0.0092044 0.0092044 0.0076516 0.0076632 0.7467679 0.6464107 0.6481848 0.7640854 0.6526460 0.6324958 0.7297321 0.7534351 0.7615906 0.7582334 0.7704684 0.7301939 0.7392434 0.7368272 0.7262269 0.7262269 0.6514187 0.6313277 0.6492317 0.6370832 0.7355391 0.7083419 0.7114043 0.7117519 0.7110791 0.7292242 0.7289594 0.7132919 0.7072748 0.7155990 0.7286177 0.6989856 0.6839389 0.6892536 0.7073855 0.7924728 0.6973960 0.6936308 0.6851374 0.6950143 0.7070123 0.7113618 0.7251848 0.7149484 0.7084285 0.7211304 
