"","MG210801","AY800279","KT717325","KU159093","KU697313","LC155795","LC107517","LC107515","AY863024","GQ179646","GQ179647","FJ822136","MH423501","AF308158","AY366207","KP090203","KU854929","LC128411","AY366208","JF930326","JX524226","KX196173","JF937699","KX883791","Schlumbergera_truncata_15H02_sty__NC_002815","MF978248","JF930327","AY366209","KU854931","KY348771","Hylocereus_polyrhizus_SRR11190795__NC_011659","Hylocereus_polyrhizus_SRR11190797__NC_011659","Schlumbergera_truncata_15H05_pol__NC_002815","Hylocereus_polyrhizus_SRR11190796__NC_011659","Hylocereus_polyrhizus_SRR11190795__NC_006059","Hylocereus_polyrhizus_SRR11190801__NC_002815","Schlumbergera_truncata_19JSF_sty__NC_002815","Hylocereus_undatus_SRR11190792__NC_002815","Hylocereus_polyrhizus_SRR11190802__NC_002815","Hylocereus_undatus_SRR11190793__NC_002815","Schlumbergera_truncata_15H04_sty__NC_002815","Hylocereus_undatus_SRR11603190__NC_002815","Schlumbergera_truncata_15H04_pol__NC_002815","Hylocereus_polyrhizus_SRR11190796__NC_006059","Hylocereus_undatus_SRR11190799__NC_002815","Hylocereus_undatus_SRR11603187__NC_002815","Hylocereus_undatus_SRR11603191__NC_002815","Hylocereus_polyrhizus_SRR11190796__NC_002815","Hylocereus_polyrhizus_SRR11190797__NC_002815","Hylocereus_undatus_SRR11603182__NC_002815","Hylocereus_undatus_SRR11603186__NC_002815","Hylocereus_undatus_SRR11603189__NC_002815","Schlumbergera_truncata_15H03_sty__NC_002815_a","Schlumbergera_truncata_15H06_pol__NC_002815","Hylocereus_undatus_SRR11190791__NC_002815","Hylocereus_undatus_SRR11190800__NC_002815","Hylocereus_polyrhizus_SRR11190798__NC_002815","Hylocereus_undatus_SRR11603183__NC_002815","Hylocereus_undatus_SRR11603184__NC_002815","Schlumbergera_truncata_15H03_pol__NC_002815","Hylocereus_polyrhizus_SRR11190795__NC_002815","Schlumbergera_truncata_15H03_sty__NC_002815_b","Schlumbergera_truncata_15H04_pet__NC_002815","Hylocereus_polyrhizus_SRR11190802__NC_006059","Schlumbergera_truncata_15H06_sty__NC_002815","Hylocereus_polyrhizus_SRR11190798__NC_006059","Hylocereus_polyrhizus_SRR11190801__NC_006059","Hylocereus_polyrhizus_SRR11190797__NC_006059","Hylocereus_polyrhizus_SRR11190798__NC_011659","Hylocereus_polyrhizus_SRR11190802__NC_011659","Hylocereus_polyrhizus_SRR11190801__NC_011659","Hylocereus_undatus_SRR11603187__NC_011659","Hylocereus_undatus_SRR11603184__NC_011659","Hylocereus_undatus_SRR11603186__NC_006059","Hylocereus_undatus_SRR11603187__NC_006059","Hylocereus_undatus_SRR11603190__NC_006059","Hylocereus_undatus_SRR11603183__NC_011659","Hylocereus_undatus_SRR11603189__NC_006059","Hylocereus_undatus_SRR11603191__NC_006059","Hylocereus_undatus_SRR11603189__NC_011659","Hylocereus_undatus_SRR11190793__NC_024458","Hylocereus_undatus_SRR11190792__NC_024458","Hylocereus_polyrhizus_SRR11190797__NC_024458","Hylocereus_undatus_SRR11190799__NC_024458","Hylocereus_polyrhizus_SRR11190802__NC_024458","Hylocereus_undatus_SRR11190800__NC_024458","Hylocereus_undatus_SRR11603191__NC_024458","Hylocereus_undatus_SRR11190791__NC_024458","Hylocereus_undatus_SRR11603184__NC_024458","Hylocereus_undatus_SRR11603189__NC_024458","Hylocereus_polyrhizus_SRR11190795__NC_024458","Hylocereus_undatus_SRR11603183__NC_024458","Hylocereus_polyrhizus_SRR11190796__NC_024458","Hylocereus_polyrhizus_SRR11190798__NC_024458","Hylocereus_polyrhizus_SRR11190801__NC_024458","Hylocereus_undatus_SRR11603182__NC_024458","Hylocereus_undatus_SRR11603186__NC_024458","Hylocereus_undatus_SRR11603187__NC_024458","Hylocereus_undatus_SRR11603190__NC_024458","CYMRNA"
"MG210801",0,0.463359407163442,0.462104187946885,0.461082737487232,0.46326073682068,0.473041709053917,0.439108409321175,0.445340333770861,0.45029020782625,0.444860513012544,0.44879236098109,0.448708348932984,0.44945713216024,0.313021400072543,0.300852839774995,0.297744634412514,0.300127018689893,0.31261326567597,0.319544797687861,0.321467293097217,0.463432835820896,0.462633451957295,0.307845624207284,0.305852509512593,0.318181818181818,0.466131740996455,0.0177355786456467,0.359272727272727,0.357090909090909,0.357818181818182,0.280607149990014,0.291891891891892,0.305907172995781,0.290516431924883,0.286205073995772,0.30830405030516,0.306496910690882,0.299981156962502,0.306412862687119,0.310899780541331,0.311743119266055,0.310711665443874,0.311869381764814,0.30625,0.311735718196751,0.303284807764091,0.310174152153987,0.308455882352941,0.303137840866642,0.311481413660502,0.311229162850339,0.310130060450632,0.312454212454212,0.311448427212875,0.311747537395111,0.312112367748997,0.308274842999631,0.302208083832335,0.309528180649899,0.312042459736457,0.310124269005848,0.31241973949734,0.312247891455812,0.313334552771173,0.309515062454078,0.311652620007329,0.312122874382885,0.309716218755873,0.268542199488491,0.300563329093222,0.266693006716713,0.273187840997662,0.272940257711831,0.317330423713402,0.317836468885673,0.317445879570675,0.292157584683358,0.317391304347826,0.317546724732353,0.284499054820416,0.0157649587961304,0.0159767610748003,0.0156109815180334,0.0150483697599427,0.00840950639853748,0.0150483697599427,0.0135232600072124,0.0150483697599427,0.00804681784930505,0.0150889168313275,0.0180938731637406,0.00803946647177051,0.0161406025824964,0.00820568927789934,0.00799709196655761,0.00804681784930505,0.0138315070953835,0.0150916277398491,0.0136592379583034,0.478109543872504
"AY800279",0.463359407163442,0,0.225373904074265,0.224170534639849,0.217070238708569,0.222412318220701,0.399929836870724,0.448125544899738,0.451944880516309,0.449851735566021,0.452293738008024,0.452214858737356,0.450122078828043,0.462746466585238,0.459940652818991,0.459222961148057,0.450864025135277,0.461283571677712,0.451646628332462,0.454260324098275,0.45893888986167,0.466806063774177,0.454656435298221,0.456226020230206,0.560606060606061,0.469391304347826,0.456968641114983,0.457222512632863,0.455654295173375,0.454434570482663,0.455174927113703,0.460999123575811,0.443169968717414,0.461484470959818,0.433601609657948,0.454982206405694,0.451891891891892,0.44967414916727,0.45377107364685,0.456640281442392,0.454818213907519,0.459354611179686,0.454914416799012,0.441703216374269,0.457879957879958,0.454970339744742,0.460549489256781,0.455510348487529,0.452735426008969,0.456851003874604,0.45939756913863,0.45892101551481,0.454529432499119,0.454257565095004,0.457894736842105,0.457879957879958,0.454949351341745,0.453125,0.455316142705758,0.454561465304685,0.457519788918206,0.454641722555595,0.454850088183422,0.447112837718524,0.45409604519774,0.44881331916401,0.449116607773852,0.444688644688645,0.442035815268615,0.459709840936899,0.441605148589816,0.439788599471499,0.441414331389882,0.448342396070865,0.449642171408623,0.448553900087642,0.456217937378383,0.449667948269836,0.448601398601399,0.450745183569611,0.457491289198606,0.464271213966707,0.454688318491357,0.454529616724739,0.451933309684285,0.454529616724739,0.45500700280112,0.454529616724739,0.451498492640539,0.456149545772187,0.456794425087108,0.45198440822112,0.454799301919721,0.452696728558798,0.453502735133227,0.452224782839922,0.455705049799056,0.455959454736106,0.455594405594406,0.453800557880056
"KT717325",0.462104187946885,0.225373904074265,0,0.0116968977792846,0.218166383701188,0.239137813985065,0.39726507713885,0.451931404815521,0.453994108473401,0.450528504591925,0.451048345174147,0.450970200970201,0.448891198891199,0.460991678224688,0.46072481359459,0.459492350486787,0.458817409398301,0.460058915265985,0.446580086580087,0.45038961038961,0.461070559610706,0.470669666032186,0.460578755848207,0.461791717206723,0.545454545454545,0.475952421996208,0.45577289250476,0.461418685121107,0.459515570934256,0.458304498269896,0.455497382198953,0.460560682570085,0.449005938548928,0.460693742374063,0.435961203680676,0.454834718048436,0.452299982101307,0.450458550620392,0.453711867395521,0.457008039147151,0.458705944239874,0.456727400140154,0.458800841514726,0.441619756673325,0.455972101133391,0.452436194895592,0.456613016095171,0.455711775043937,0.45234277569927,0.454943132108486,0.457122856142807,0.456392294220666,0.456487480301173,0.457612305540989,0.456161757015862,0.455972101133391,0.454449152542373,0.450669045495094,0.453939287594315,0.456517935258093,0.457182803215659,0.456601788532351,0.458734886980901,0.446394104228812,0.457288195053499,0.444385779655051,0.44434691011236,0.443655561623885,0.442073741343814,0.46205938530995,0.442585980078933,0.443277704856554,0.443220022413149,0.444928546531893,0.447181266261925,0.44531522117729,0.457564575645756,0.446664350243224,0.445197151294077,0.451985559566787,0.456465293404881,0.461817449123514,0.455412907702984,0.4554266920547,0.45215859030837,0.4554266920547,0.456173913043478,0.4554266920547,0.451470847278492,0.456438736549809,0.456292193179851,0.452129531854981,0.455522802150165,0.452565003513703,0.452760736196319,0.452016200035217,0.455902777777778,0.45632922382358,0.455981941309255,0.45963270963271
"KU159093",0.461082737487232,0.224170534639849,0.0116968977792846,0,0.216129032258065,0.237780040733198,0.397089761570827,0.451758184652694,0.453647548085254,0.451048345174147,0.450875064980073,0.451143451143451,0.448717948717949,0.460818307905687,0.460204612450147,0.458623087621697,0.45864400901682,0.459712354877837,0.444329004329004,0.448138528138528,0.462113312478276,0.46963142412182,0.461271876624502,0.462484837983019,0.545454545454545,0.476641958283055,0.455080491604639,0.458996539792388,0.457612456747405,0.456228373702422,0.456038996208702,0.461083057635382,0.447714949651433,0.461216663761548,0.434717731907486,0.454481173767014,0.452120995167353,0.450098903074987,0.453359195909011,0.456833275078644,0.458355251621953,0.456377014716188,0.458450210378682,0.439622298892319,0.455623365300785,0.452257719079065,0.456263121063681,0.455008787346221,0.45180830215571,0.454593175853018,0.456772838641932,0.456042031523643,0.456137278935388,0.457262716308338,0.455813142757539,0.455623365300785,0.45409604519774,0.450312221231044,0.453588348833129,0.456167979002625,0.457008039147151,0.456251095914431,0.458384440161206,0.444814879803474,0.456937379407122,0.442625835973249,0.442591292134831,0.442199162570544,0.441137937488302,0.46205938530995,0.441646307085134,0.442340146259141,0.442659693686963,0.442662948762635,0.444752818733738,0.442877046325322,0.457037427517132,0.444232105628909,0.442765329164495,0.4514440433213,0.4554266920547,0.460407011887971,0.454545454545455,0.454214990479488,0.450925110132159,0.454214990479488,0.454782608695652,0.454214990479488,0.450413951030474,0.455397431447414,0.454907391379609,0.451073565645899,0.454655800242761,0.451510892480675,0.45170902716915,0.450959675999296,0.454513888888889,0.455287376280604,0.454592811251953,0.458246708246708
"KU697313",0.46326073682068,0.217070238708569,0.218166383701188,0.216129032258065,0,0.232660674919451,0.383068042679727,0.442085275332298,0.452911698634871,0.450492483151892,0.453948505270434,0.44713199723566,0.448341395991707,0.450570342205323,0.461777931511588,0.460898213976071,0.459183673469388,0.449473138711349,0.441932700603969,0.443658326143227,0.464403256539061,0.458951362538806,0.449645880117464,0.450682328554154,0.545454545454545,0.477804542326222,0.456082830025884,0.460437855542148,0.457852094466471,0.45767971039476,0.454102795311091,0.460055574852379,0.433307632999229,0.46,0.428394449950446,0.444229074889868,0.44264049955397,0.437869822485207,0.443135876252417,0.444947735191638,0.447649012410418,0.447432762836186,0.447570779447746,0.434593812194681,0.446723448635495,0.44147990039132,0.448203697244506,0.445067461012791,0.442352105169657,0.445917655268667,0.447836706210747,0.446403631284916,0.445976610228661,0.447116222338386,0.446741963509991,0.446723448635495,0.444033790918691,0.441401387159879,0.444114045828232,0.446188731903018,0.445644599303136,0.446075860863485,0.447685589519651,0.437139360027977,0.446231858716559,0.437916520519116,0.438068579426172,0.438055505169599,0.443427931292009,0.463456875649463,0.442632170978628,0.442782348541511,0.442228848304137,0.439388676623828,0.440622299049265,0.439430753210691,0.457062740974413,0.440270083102493,0.439501471351913,0.452565256525653,0.456773080241588,0.462758482232483,0.454686959529575,0.45504745470233,0.450026348146847,0.45504745470233,0.453883495145631,0.45504745470233,0.450043898156277,0.455190311418685,0.455220017256255,0.450526315789474,0.454796888504754,0.451313485113835,0.452035645640398,0.450842696629214,0.454655590169609,0.454907391379609,0.454734291154578,0.449335404798895
"LC155795",0.473041709053917,0.222412318220701,0.239137813985065,0.237780040733198,0.232660674919451,0,0.40457083042568,0.454247237569061,0.456822107081174,0.454749568221071,0.459067357512953,0.452598860300466,0.453116905543084,0.459917069799585,0.462150017283097,0.458672673713395,0.461285862426547,0.457433949231566,0.448585231193927,0.448067632850242,0.4625520110957,0.472394755003451,0.461750992920048,0.464168537385598,0.545454545454545,0.472016531771999,0.465068138692427,0.459972394755003,0.459109730848861,0.458937198067633,0.458611361587015,0.465116279069767,0.450295402003596,0.465253648366921,0.435961203680676,0.454993834771887,0.448983232251159,0.44962352097526,0.453171674573889,0.455067920585162,0.452035645640398,0.455831005586592,0.452131376659679,0.44255473131898,0.455430060816681,0.451440768409819,0.456146469049695,0.45446584938704,0.452495116320369,0.455797733217088,0.456226020230206,0.455322862129145,0.452451579131042,0.452011844626372,0.455098141393087,0.455430060816681,0.45478536242083,0.45074679943101,0.453575799965029,0.452659110723627,0.456461163357715,0.452210379171763,0.452243757639253,0.445979020979021,0.451144904736934,0.449412589864983,0.450061220920063,0.444142183532826,0.44214259051885,0.463828314295604,0.442278860569715,0.443655391515605,0.443658036878376,0.445640847516499,0.446768060836502,0.44585213467546,0.457092819614711,0.446425480353124,0.446348217376255,0.452059722971758,0.465930653786441,0.473208910295003,0.464211618257261,0.464723132654821,0.459862989636396,0.464723132654821,0.463245492371706,0.464723132654821,0.461457418788411,0.463933575505968,0.465758150767638,0.461929824561404,0.464316571626058,0.461821366024518,0.462170190459549,0.461822011585045,0.464186851211073,0.463655244029076,0.464254803531245,0.461073709649577
"LC107517",0.439108409321175,0.399929836870724,0.39726507713885,0.397089761570827,0.383068042679727,0.40457083042568,0,0.432437090658394,0.438221609512321,0.435636739617439,0.438221609512321,0.434355616815989,0.433149552033081,0.442839951865223,0.451108437875924,0.449172984148863,0.445093658704245,0.444329896907216,0.43656652360515,0.436738197424893,0.442812715964064,0.451385303734297,0.442575107296137,0.445321888412017,0.575757575757576,0.453250986447075,0.438026474127557,0.44308803301238,0.440337001375516,0.441540577716644,0.444742969729536,0.448252109522989,0.427832384893947,0.448370970522324,0.421767028627838,0.439186820890291,0.435260730755587,0.433868092691622,0.437489071515999,0.441171374111939,0.439499304589708,0.44293903074518,0.439596732139753,0.429496402877698,0.440179806362379,0.43679178470255,0.442554668517876,0.439024390243902,0.435381355932203,0.43952802359882,0.443171959049106,0.442591627583811,0.437847222222222,0.438994800693241,0.440449438202247,0.440179806362379,0.439173814108174,0.434536447275301,0.4385110453992,0.438063844552394,0.439958412753422,0.438108484005563,0.439541348158443,0.431280445372303,0.438260869565217,0.430315716030002,0.430809399477807,0.429550784773588,0.432282003710575,0.449070887818307,0.431259314456036,0.432337107852237,0.432327346787632,0.43286677034733,0.434147180192572,0.433085822828527,0.446941975953999,0.434326045791014,0.434033758181192,0.442734430923407,0.436995014612343,0.439097444089457,0.436153713596416,0.438026474127557,0.43169877408056,0.438026474127557,0.435955056179775,0.438026474127557,0.432323586061986,0.436993621789347,0.437682654289152,0.432470258922323,0.436369898398485,0.432984293193717,0.433397179174647,0.432598039215686,0.436206896551724,0.436702311141773,0.436087631533552,0.444996572995202
"LC107515",0.445340333770861,0.448125544899738,0.451931404815521,0.451758184652694,0.442085275332298,0.454247237569061,0.432437090658394,0,0.213060582218725,0.215892997639654,0.218410700236035,0.210981749528005,0.213184392699811,0.443942571382481,0.459114414996768,0.459096063502349,0.457175177763413,0.441560535224891,0.449212471873995,0.450016072002572,0.342866171591089,0.358888888888889,0.452039335805256,0.452361760438498,0.454545454545455,0.343979559246247,0.446069763703585,0.454076699967773,0.457943925233645,0.457943925233645,0.447904191616766,0.453104575163399,0.433975563909774,0.452384854941813,0.427050568594241,0.439401414241079,0.437510401065069,0.43249581239531,0.439080459770115,0.441898261010889,0.440749796251019,0.440332572546462,0.440840938722295,0.438079191238416,0.441849148418491,0.435880398671096,0.441530944625407,0.438103025347506,0.435258964143426,0.4404296875,0.440553745928339,0.441042345276873,0.441152531336481,0.440182054616385,0.441796368352789,0.441705853737636,0.439388961892247,0.436025257560651,0.439712840593898,0.441028143809989,0.439206762028609,0.441075794621027,0.440788402019873,0.443938161106591,0.438499184339315,0.442304553615146,0.442833876221498,0.438987341772152,0.437042204394838,0.457605177993528,0.436449579831933,0.438773732799164,0.440480334145493,0.444588254327779,0.444462330972312,0.444354577806535,0.454828150572831,0.444695259593679,0.444587836747863,0.448194794290512,0.446712747146761,0.446954267728198,0.44555412371134,0.445587526121202,0.440839069157653,0.445587526121202,0.444480362049459,0.445587526121202,0.441002949852507,0.445680206318504,0.446712747146761,0.441205371765477,0.445821928835936,0.442775510204082,0.443141088302379,0.441422251351794,0.445035460992908,0.445412030317691,0.444928237381068,0.449349815379676
"AY863024",0.45029020782625,0.451944880516309,0.453994108473401,0.453647548085254,0.452911698634871,0.456822107081174,0.438221609512321,0.213060582218725,0,0.0532331297948959,0.0391420072021293,0.0612180992641303,0.0524502896508533,0.452805917350056,0.460299565147367,0.459799806264127,0.460460621678209,0.450747228025068,0.453232793197497,0.455231065468549,0.346147761430153,0.359834631896963,0.453245501285347,0.454370179948586,0.46969696969697,0.357108664432743,0.448547118317547,0.458232737807822,0.45839369064864,0.45839369064864,0.452413557001027,0.458414872798434,0.445664874970788,0.457801766437684,0.433446272991288,0.44655737704918,0.444186432244153,0.441903171953255,0.446481178396072,0.450024299368216,0.448740861088546,0.449626259343516,0.448830409356725,0.444238856181665,0.448666127728375,0.444370860927152,0.450324675324675,0.447269763651182,0.44448121793811,0.449545749513303,0.450162337662338,0.45,0.449943209475905,0.448152948801037,0.448771816418875,0.448844351058671,0.446536761093827,0.443524345809871,0.447715075622052,0.449975676990433,0.447180816591056,0.45004061738424,0.448774151647995,0.449480181936322,0.446756624939034,0.448354512870642,0.448219801658267,0.44760781671159,0.439206818577144,0.459603289791969,0.438896648044693,0.438194444444444,0.441824172013178,0.452842377260982,0.453318335208099,0.452857604133032,0.45473821562551,0.453082246901658,0.452729908197777,0.448200836820084,0.449510354792101,0.449621002033648,0.448519948519949,0.448547118317547,0.444026186579378,0.448547118317547,0.447224015493867,0.448547118317547,0.444517184942717,0.449130714745654,0.449028736554824,0.44471704285247,0.44862518089725,0.445295939996739,0.44574589230519,0.444608083783341,0.448003863490019,0.448864551457562,0.447898212272508,0.455129234227003
"GQ179646",0.444860513012544,0.449851735566021,0.450528504591925,0.451048345174147,0.450492483151892,0.454749568221071,0.435636739617439,0.215892997639654,0.0532331297948959,0,0.0402379834037889,0.0449350242680445,0.0610615312353218,0.450554751567776,0.456434208407151,0.453664836938973,0.459011112900628,0.44737264984734,0.449382319910156,0.451540436456996,0.346305964246164,0.357449515026236,0.451478149100257,0.453245501285347,0.46969696969697,0.357268230413276,0.445336330069032,0.455174633832287,0.455335586673105,0.45565749235474,0.447791852105443,0.453359425962166,0.441925683570928,0.452731436048413,0.430058083252662,0.443114754098361,0.441034997512025,0.43873121869783,0.443698854337152,0.446622387817917,0.44549147034931,0.445888852778681,0.445581546458739,0.44053826745164,0.44591754244139,0.440894039735099,0.446103896103896,0.443683781581092,0.440840642065199,0.447436729396496,0.446266233766234,0.445941558441558,0.44718481259127,0.445236552171095,0.446186166774402,0.446096654275093,0.442934337645325,0.441040079496522,0.444299886160351,0.447219069239501,0.444102397926118,0.44727863525589,0.445526871245332,0.44769330734243,0.443667696309543,0.445096122515477,0.44496829783775,0.444070080862534,0.436249782570882,0.452023867118207,0.435754189944134,0.437152777777778,0.439396566672447,0.448643410852713,0.449140286035674,0.448821440103326,0.4540857935084,0.449058425881217,0.448381381865035,0.447196652719665,0.446139027131161,0.44407469033093,0.445785070785071,0.446139027131161,0.441407528641571,0.446139027131161,0.444641704325371,0.446139027131161,0.442062193126023,0.446233097231165,0.447102263605715,0.442263657180242,0.445891622447339,0.442850154899723,0.443142996583699,0.441989854360988,0.445106245975531,0.446126590433242,0.444999194717346,0.450794670091507
"GQ179647",0.44879236098109,0.452293738008024,0.451048345174147,0.450875064980073,0.453948505270434,0.459067357512953,0.438221609512321,0.218410700236035,0.0391420072021293,0.0402379834037889,0,0.0707687490214498,0.0648191639267262,0.454413892908828,0.456917377999678,0.456409428479173,0.460943791270736,0.451550699019765,0.451307556553826,0.453465982028241,0.345198544534093,0.360311655271108,0.454852185089974,0.455816195372751,0.46969696969697,0.360459550023935,0.447583881842992,0.458071784967005,0.457910832126187,0.458071784967005,0.449674768914755,0.455642530984997,0.448469268520682,0.455021262675826,0.43054211035818,0.448196721311475,0.445347487145464,0.443071786310518,0.447790507364975,0.450672282520654,0.45004061738424,0.449463763405915,0.450129954515919,0.443061396131203,0.449959579628133,0.444701986754967,0.449837662337662,0.44759576202119,0.44530862154559,0.451168072680078,0.449837662337662,0.449512987012987,0.451241278598085,0.449935191186001,0.450226244343891,0.450137384839179,0.448010479777305,0.44501490559788,0.448690844039681,0.451272904167342,0.448639014906027,0.451340373679935,0.45007306380906,0.448992852501624,0.448382376849293,0.447214076246334,0.447081775321086,0.446091644204852,0.436249782570882,0.455894210611192,0.435928770949721,0.437326388888889,0.440263568579851,0.450419896640827,0.451229310621887,0.450435905715208,0.45278094927418,0.451150812811846,0.450475116765985,0.447029288702929,0.447744421255418,0.447402477352561,0.447554697554698,0.448226039492695,0.4430441898527,0.448226039492695,0.446417043253712,0.448226039492695,0.444189852700491,0.448325820991629,0.448707657729973,0.444226365718024,0.447660395561987,0.444969835317137,0.44525784935741,0.444280805105547,0.4473599484868,0.44805926880335,0.447253986149138,0.453042221865468
"FJ822136",0.448708348932984,0.452214858737356,0.450970200970201,0.451143451143451,0.44713199723566,0.452598860300466,0.434355616815989,0.210981749528005,0.0612180992641303,0.0449350242680445,0.0707687490214498,0,0.0524420788979336,0.452572347266881,0.453945249597423,0.452138821630347,0.458937198067633,0.448746786632391,0.452678857876163,0.45403497513236,0.346883897500791,0.359459459459459,0.450441767068273,0.451726907630522,0.454545454545455,0.354977664326739,0.449117174959872,0.455101383971677,0.455423237850016,0.455906018667525,0.446517200068458,0.452796347627588,0.444496377658331,0.452166802943581,0.435760948463586,0.443861662022619,0.442454394693201,0.439826406276081,0.445099001800033,0.447197926789764,0.44769330734243,0.447603574329813,0.447783011206757,0.442986881937437,0.446653734238603,0.442145340175468,0.447654601525726,0.445567144719687,0.442256783587028,0.447688564476886,0.447979224151923,0.447492290212628,0.447923426346528,0.446946379394136,0.4467603813217,0.44683257918552,0.443844138834316,0.441463818512999,0.444878048780488,0.44795719844358,0.445812408877369,0.448018193632229,0.447727272727273,0.449407178820854,0.445383615084525,0.44811858608894,0.447984395318596,0.446858682836449,0.435478260869565,0.452918413415027,0.435154477221156,0.434993924665857,0.436893203883495,0.452284837720006,0.452602827763496,0.452623083131558,0.451565557729941,0.452687479884133,0.452173913043478,0.444611780455154,0.449438202247191,0.448059149722736,0.448126105838829,0.449438202247191,0.444280805105547,0.449438202247191,0.446739832149774,0.449438202247191,0.444280805105547,0.448253661677129,0.450882825040128,0.444644317252657,0.448231511254019,0.445712422562765,0.446161353285621,0.444535340314136,0.44744889747304,0.448148148148148,0.447342995169082,0.453130016051364
"MH423501",0.44945713216024,0.450122078828043,0.448891198891199,0.448717948717949,0.448341395991707,0.453116905543084,0.433149552033081,0.213184392699811,0.0524502896508533,0.0610615312353218,0.0648191639267262,0.0524420788979336,0,0.448713826366559,0.455394524959742,0.455851493139629,0.45780998389694,0.446818766066838,0.44995187680462,0.451788865714744,0.347200253084467,0.358982511923688,0.452690763052209,0.453493975903614,0.46969696969697,0.357849393746011,0.448314606741573,0.454940457032507,0.456066945606695,0.456227872545864,0.447886359746705,0.453937714006196,0.440289787333489,0.453311529026983,0.429470118557948,0.441894771348959,0.438640132669983,0.436154231347021,0.442153493699885,0.443796566245546,0.443632228719948,0.445816409423233,0.443722592171512,0.440464177598385,0.444552214678306,0.439827843072339,0.44619379970784,0.442144719687093,0.439278623428193,0.445093268450933,0.44619379970784,0.445706865768544,0.443705386112914,0.442572493115179,0.444659880433026,0.444731738849386,0.441879502292076,0.438814373240603,0.443414634146341,0.443741893644617,0.442734488903289,0.443794671864847,0.443506493506494,0.446321260354069,0.440994798439532,0.445838084378563,0.445708712613784,0.443489978103419,0.436,0.45501451144792,0.435852679350672,0.435341086616907,0.438106796116505,0.449378330373002,0.44987146529563,0.44955609362389,0.452707110241357,0.449790794979079,0.449436392914654,0.445615796519411,0.45008025682183,0.449722735674677,0.448608653691491,0.448475120385233,0.444444444444444,0.448475120385233,0.447062621045836,0.448475120385233,0.443953526427753,0.448897473040399,0.448796147672552,0.4443172526574,0.448713826366559,0.445223345288556,0.445673389720234,0.444044502617801,0.447770803154676,0.448792270531401,0.447665056360709,0.455056179775281
"AF308158",0.313021400072543,0.462746466585238,0.460991678224688,0.460818307905687,0.450570342205323,0.459917069799585,0.442839951865223,0.443942571382481,0.452805917350056,0.450554751567776,0.454413892908828,0.452572347266881,0.448713826366559,0,0.318758815232722,0.318410304743952,0.31954239147469,0.0371926548397137,0.275899843505477,0.275203506574828,0.458407079646018,0.467773122784402,0.231464174454829,0.231931464174455,0.0909090909090909,0.470985372126668,0.308184942205561,0.360333438188109,0.36222082415854,0.362849952815351,0.30375021211607,0.313490158425348,0.0322944896115628,0.313204508856683,0.259056244041945,0.0230049182928764,0.0369181380417336,0.00921733505821475,0.0115634405195628,0.0338717265171711,0.0443465953766315,0.0347593582887701,0.0444968553459119,0.262295081967213,0.0297432686286788,0.0182663034770069,0.0345966346909891,0.0171978542126854,0.0148990708106376,0.0259108040201005,0.0350408548082967,0.0334695160276556,0.0458686773484134,0.0448557089084065,0.0298857768737287,0.0298857768737287,0.0225039619651347,0.0104200064123116,0.0220368329922871,0.0460040822735123,0.020078431372549,0.0459191696807674,0.0446330347320446,0.27182005385712,0.0424996064851251,0.267513899920572,0.268431901062312,0.265265922521339,0.293389830508475,0.321249215317012,0.292226569144412,0.296133716022286,0.295220401959129,0.272884827477548,0.273981191222571,0.272798865963144,0.315714285714286,0.273198304286387,0.273455917020273,0.308042982741778,0.308028741018432,0.311334289813486,0.308125880695162,0.308497344579819,0.302021971023722,0.308497344579819,0.307245010215307,0.308497344579819,0.302803440586174,0.308535630383712,0.307403936269916,0.303039949068916,0.308402440932561,0.304126984126984,0.304733259458604,0.302866242038217,0.30822239624119,0.308210592290818,0.308210592290818,0.466952653320623
"AY366207",0.300852839774995,0.459940652818991,0.46072481359459,0.460204612450147,0.461777931511588,0.462150017283097,0.451108437875924,0.459114414996768,0.460299565147367,0.456434208407151,0.456917377999678,0.453945249597423,0.455394524959742,0.318758815232722,0,0.0466095089633671,0.134681181959565,0.320908379013312,0.318745098039216,0.319315863800408,0.458011583011583,0.4675701839303,0.320388349514563,0.318509238960225,0.257575757575758,0.463681752295056,0.297233942803563,0.356129845572014,0.357390482193508,0.357232902615821,0.0750974741481607,0.0768739012306217,0.318161128812016,0.0762548262548263,0.288062902072909,0.313528190384923,0.312217194570136,0.306477864583333,0.311752511561155,0.316495659037095,0.318505619756213,0.317131095630146,0.318455207344096,0.303368940016434,0.319098644815632,0.310050008065817,0.318030710780434,0.314485387547649,0.309638942617666,0.318368637369586,0.317462828218918,0.317779183802594,0.315415019762846,0.317808651720871,0.319420381162388,0.319262876043471,0.313816209317167,0.309665967403582,0.316748534305181,0.315531679570232,0.316279804200221,0.315656165901536,0.318778674260402,0.311845030168307,0.316223067173638,0.310350318471338,0.310602447941504,0.305249300641764,0.0267902274641954,0.0722741433021807,0.0250253635441326,0.0276289350301407,0.026986255447536,0.315855969677827,0.3172034564022,0.316022099447514,0.0481965663884076,0.316021403840101,0.316792690611216,0.0418416801292407,0.296140021878418,0.301094563071954,0.294642857142857,0.29535864978903,0.288332802040166,0.29535864978903,0.293507310171357,0.29535864978903,0.28938137755102,0.294891883422125,0.296608845132052,0.289469491795444,0.294927989981215,0.290911979663171,0.291442155309033,0.289448517692062,0.294735192729552,0.294873804671579,0.294717040288446,0.471763959390863
"KP090203",0.297744634412514,0.459222961148057,0.459492350486787,0.458623087621697,0.460898213976071,0.458672673713395,0.449172984148863,0.459096063502349,0.459799806264127,0.453664836938973,0.456409428479173,0.452138821630347,0.455851493139629,0.318410304743952,0.0466095089633671,0,0.129540140296181,0.321193092621664,0.316666666666667,0.318024536017616,0.456539267860023,0.466763706938379,0.320514832836289,0.317218646994192,0.227272727272727,0.462705844365515,0.292763157894737,0.353814563260148,0.354446374980256,0.353972516190175,0.0623725356900068,0.0656840756167895,0.316221765913758,0.0648282535074988,0.290969899665552,0.311829678245558,0.311467444120505,0.305170445278095,0.311221227621483,0.314873417721519,0.317676927959378,0.31831164709616,0.317626527050611,0.302765887388871,0.318275154004107,0.310216618170061,0.318578454704109,0.314708691499522,0.309046849757674,0.317857708762478,0.318484464172479,0.318484464172479,0.315213946117274,0.317138787782877,0.318440164193243,0.318440164193243,0.312120243044452,0.308588064046579,0.316023503255518,0.315331010452962,0.315131370686926,0.315455410980641,0.317951157627656,0.313444709626094,0.315547085913927,0.30960740504309,0.310498645849928,0.304928300642822,0.0241390952059419,0.0607338017174083,0.0223539373412362,0.0279966471081308,0.0255119167505874,0.314973092750871,0.316377952755906,0.315298212308179,0.0516098484848485,0.315349424199401,0.316179952644041,0.0435345525165884,0.292919799498747,0.298561151079137,0.291254514052442,0.291196741854637,0.284459351541287,0.291196741854637,0.29073432083202,0.291196741854637,0.285303514376997,0.292131302026072,0.292136591478697,0.285395051875499,0.29154244468853,0.286783439490446,0.287642947903431,0.285372085595656,0.291974242186273,0.292111879321182,0.291954745443118,0.47050405469868
"KU854929",0.300127018689893,0.450864025135277,0.458817409398301,0.45864400901682,0.459183673469388,0.461285862426547,0.445093658704245,0.457175177763413,0.460460621678209,0.459011112900628,0.460943791270736,0.458937198067633,0.45780998389694,0.31954239147469,0.134681181959565,0.129540140296181,0,0.31840250587314,0.314980392156863,0.315236152518437,0.458815958815959,0.467086156824782,0.315220795490135,0.31506420294394,0.272727272727273,0.463520695764213,0.291451789342085,0.35439647021746,0.352820674440593,0.352505515285219,0.136124766909646,0.138245165414735,0.313381884387802,0.137709137709138,0.288062902072909,0.31161156364798,0.311409179056238,0.304524739583333,0.310636262159145,0.315706393054459,0.317239195820801,0.316814439518683,0.317188983855651,0.302218570254725,0.317680428616451,0.309082110017745,0.315972771885389,0.313373570520966,0.308188265635074,0.316629781852671,0.316830117051566,0.317146472635242,0.315731225296443,0.316861383012314,0.318002835092141,0.317845329973224,0.311582641991066,0.308697756979184,0.315163999366186,0.315689682414283,0.314227064582346,0.315972771885389,0.317354848916311,0.313115274690378,0.315589353612167,0.308917197452229,0.309489747257988,0.303274642093138,0.103454085930918,0.13816199376947,0.101623266824484,0.105324849296718,0.103419376466644,0.311118130132659,0.312804399057345,0.311602209944751,0.13041423846275,0.312086874409821,0.312224322621298,0.121324717285945,0.292858259102985,0.299659070518572,0.292919799498747,0.29035786841694,0.284507491233663,0.29035786841694,0.28973431850338,0.29035786841694,0.285395408163265,0.291131306800376,0.290826691670574,0.285805321013223,0.293206011271133,0.286463298379409,0.287480190174326,0.285941982786101,0.291131306800376,0.290954695093275,0.291111459476407,0.471446700507614
"LC128411",0.31261326567597,0.461283571677712,0.460058915265985,0.459712354877837,0.449473138711349,0.457433949231566,0.444329896907216,0.441560535224891,0.450747228025068,0.44737264984734,0.451550699019765,0.448746786632391,0.446818766066838,0.0371926548397137,0.320908379013312,0.321193092621664,0.31840250587314,0,0.270722552392868,0.269712140175219,0.455217880688214,0.464734299516908,0.226183063511831,0.226494396014944,0.0454545454545455,0.468915662650602,0.307680299719013,0.358063502043383,0.357906318767683,0.357434768940585,0.305409530269629,0.315528546297777,0.0286811201445348,0.314773093015771,0.25047619047619,0.0245797653028861,0.0317664046205679,0.0158396638112171,0.0205826472450918,0.0302507836990596,0.0389814523734675,0.0124194309070901,0.0391324846770391,0.256922824840242,0.0312940071976217,0.00800768737988469,0.0122602955045583,0.0223939441728434,0.0184147317854283,0.0271542928896563,0.0122506675043191,0.0120936076645202,0.0400376825247292,0.0393478601661702,0.0317485142320926,0.0314357209884267,0.0245525106922224,0.0182663034770069,0.0242290748898678,0.0403327055869429,0.0255566008153026,0.0399245520276643,0.0391140433553252,0.266898844388159,0.0371302706104468,0.262898872836958,0.263825067342735,0.259678477690289,0.294207317073171,0.322145545796738,0.293047764745878,0.29644002024633,0.295864978902954,0.267831837505905,0.268796992481203,0.267747520856288,0.315831218274112,0.267848736858622,0.267787026857233,0.308005206638464,0.30814861067749,0.311469534050179,0.308089500860585,0.307368092413362,0.30230708035004,0.307368092413362,0.307209046646772,0.307368092413362,0.303088188475008,0.308342463609329,0.307524196066188,0.303165261651026,0.308365910867866,0.303934010152284,0.304856826451511,0.302832590706556,0.308498982626389,0.308017538365174,0.308487316003758,0.464591933947285
"AY366208",0.319544797687861,0.451646628332462,0.446580086580087,0.444329004329004,0.441932700603969,0.448585231193927,0.43656652360515,0.449212471873995,0.453232793197497,0.449382319910156,0.451307556553826,0.452678857876163,0.44995187680462,0.275899843505477,0.318745098039216,0.316666666666667,0.314980392156863,0.270722552392868,0,0.0435120435120435,0.459061047908989,0.47038944319279,0.268647380766224,0.269429241594996,0.227272727272727,0.465340179717587,0.313200498132005,0.361180904522613,0.361337939698492,0.362437185929648,0.306766152280821,0.31449159327462,0.267987249544627,0.31395910481404,0.0424673784104389,0.265826821878488,0.262385025012103,0.256989596879064,0.264808917197452,0.26844262295082,0.270629149541574,0.269565217391304,0.270586375849534,0.0367778681855167,0.269866247049567,0.263047680412371,0.27027027027027,0.26629659000793,0.260911579964568,0.269928966061563,0.269467698625809,0.270731322066024,0.26969840517922,0.26911556046035,0.270053475935829,0.270210758100031,0.266008282892641,0.261240934730056,0.266772151898734,0.269728535353535,0.269473352254809,0.27015491621878,0.270616113744076,0.0485849056603774,0.266888150609081,0.0452538631346578,0.0467495671336376,0.0373024922625835,0.292289402173913,0.320609487904493,0.291801602181694,0.296603008281224,0.295419976339361,0.0455114169533938,0.0465224832736891,0.0451915559030493,0.315061963775024,0.0458229426433915,0.0464898595943838,0.307040417209909,0.314912826899128,0.319042515183994,0.313260530421217,0.313823163138232,0.30612892981899,0.313823163138232,0.311824588880188,0.313823163138232,0.307447991106876,0.312626814421726,0.314134495641345,0.307838781339257,0.313532896788276,0.308179085587723,0.308712121212121,0.307985394507065,0.312626814421726,0.312460961898813,0.312773266708307,0.465418781725888
"JF930326",0.321467293097217,0.454260324098275,0.45038961038961,0.448138528138528,0.443658326143227,0.448067632850242,0.436738197424893,0.450016072002572,0.455231065468549,0.451540436456996,0.453465982028241,0.45403497513236,0.451788865714744,0.275203506574828,0.319315863800408,0.318024536017616,0.315236152518437,0.269712140175219,0.0435120435120435,0,0.458814102564103,0.469499436665057,0.26607226654153,0.266697950883779,0.227272727272727,0.4666987642433,0.315633758953597,0.364535888173394,0.363436469294801,0.3635935291346,0.307444463286417,0.31529223378703,0.270387243735763,0.314603123490581,0.0329774614472123,0.264795023129686,0.260694108151735,0.256260162601626,0.264256132526282,0.267265846736045,0.268817204301075,0.268701565712478,0.268774703557312,0.0237630208333333,0.268534550606013,0.262487914921044,0.269090909090909,0.266222433761701,0.260512324794587,0.267803568608874,0.268604834887028,0.269868857639438,0.267572263465487,0.267465699416496,0.268879798615481,0.268879798615481,0.26497769279796,0.260799484203739,0.265906932573599,0.267603410167351,0.268927444794953,0.268026565464896,0.268963337547408,0.0390059767222397,0.265073587592974,0.0337539432176656,0.0352700362147693,0.0250936939872902,0.292169186342789,0.32149591451917,0.291730605285592,0.296534234995773,0.296534234995773,0.0265957446808511,0.0273929961089494,0.0264351634600344,0.316433566433566,0.0266604303086997,0.0274656679151061,0.308281708509945,0.316412332606665,0.320228734810579,0.31476279650437,0.316100903145438,0.309402795425667,0.316100903145438,0.313802287325709,0.316100903145438,0.309928514694202,0.314441842310695,0.316568047337278,0.31047619047619,0.315190268247037,0.310808672258269,0.311335648879065,0.310306495156424,0.314910226385636,0.314276788503593,0.315057794439238,0.468898762297683
