"","MG210801","AY800279","KT717325","KU159093","KU697313","LC155795","LC107517","LC107515","AY863024","GQ179646","GQ179647","FJ822136","MH423501","AF308158","AY366207","KP090203","KU854929","LC128411","AY366208","JF930326","JX524226","KX196173","JF937699","KX883791","Schlumbergera_truncata_15H02_sty__NC_002815","MF978248","JF930327","AY366209","KU854931","KY348771","Hylocereus_polyrhizus_SRR11190795__NC_011659","Hylocereus_polyrhizus_SRR11190797__NC_011659","Schlumbergera_truncata_15H05_pol__NC_002815","Hylocereus_polyrhizus_SRR11190796__NC_011659","Hylocereus_polyrhizus_SRR11190795__NC_006059","Hylocereus_polyrhizus_SRR11190801__NC_002815","Schlumbergera_truncata_19JSF_sty__NC_002815","Hylocereus_undatus_SRR11190792__NC_002815","Hylocereus_polyrhizus_SRR11190802__NC_002815","Hylocereus_undatus_SRR11190793__NC_002815","Schlumbergera_truncata_15H04_sty__NC_002815","Hylocereus_undatus_SRR11603190__NC_002815","Schlumbergera_truncata_15H04_pol__NC_002815","Hylocereus_polyrhizus_SRR11190796__NC_006059","Hylocereus_undatus_SRR11190799__NC_002815","Hylocereus_undatus_SRR11603187__NC_002815","Hylocereus_undatus_SRR11603191__NC_002815","Hylocereus_polyrhizus_SRR11190796__NC_002815","Hylocereus_polyrhizus_SRR11190797__NC_002815","Hylocereus_undatus_SRR11603182__NC_002815","Hylocereus_undatus_SRR11603186__NC_002815","Hylocereus_undatus_SRR11603189__NC_002815","Schlumbergera_truncata_15H03_sty__NC_002815_a","Schlumbergera_truncata_15H06_pol__NC_002815","Hylocereus_undatus_SRR11190791__NC_002815","Hylocereus_undatus_SRR11190800__NC_002815","Hylocereus_polyrhizus_SRR11190798__NC_002815","Hylocereus_undatus_SRR11603183__NC_002815","Hylocereus_undatus_SRR11603184__NC_002815","Schlumbergera_truncata_15H03_pol__NC_002815","Hylocereus_polyrhizus_SRR11190795__NC_002815","Schlumbergera_truncata_15H03_sty__NC_002815_b","Schlumbergera_truncata_15H04_pet__NC_002815","Hylocereus_polyrhizus_SRR11190802__NC_006059","Schlumbergera_truncata_15H06_sty__NC_002815","Hylocereus_polyrhizus_SRR11190798__NC_006059","Hylocereus_polyrhizus_SRR11190801__NC_006059","Hylocereus_polyrhizus_SRR11190797__NC_006059","Hylocereus_polyrhizus_SRR11190798__NC_011659","Hylocereus_polyrhizus_SRR11190802__NC_011659","Hylocereus_polyrhizus_SRR11190801__NC_011659","Hylocereus_undatus_SRR11603187__NC_011659","Hylocereus_undatus_SRR11603184__NC_011659","Hylocereus_undatus_SRR11603186__NC_006059","Hylocereus_undatus_SRR11603187__NC_006059","Hylocereus_undatus_SRR11603190__NC_006059","Hylocereus_undatus_SRR11603183__NC_011659","Hylocereus_undatus_SRR11603189__NC_006059","Hylocereus_undatus_SRR11603191__NC_006059","Hylocereus_undatus_SRR11603189__NC_011659","Hylocereus_undatus_SRR11190793__NC_024458","Hylocereus_undatus_SRR11190792__NC_024458","Hylocereus_polyrhizus_SRR11190797__NC_024458","Hylocereus_undatus_SRR11190799__NC_024458","Hylocereus_polyrhizus_SRR11190802__NC_024458","Hylocereus_undatus_SRR11190800__NC_024458","Hylocereus_undatus_SRR11603191__NC_024458","Hylocereus_undatus_SRR11190791__NC_024458","Hylocereus_undatus_SRR11603184__NC_024458","Hylocereus_undatus_SRR11603189__NC_024458","Hylocereus_polyrhizus_SRR11190795__NC_024458","Hylocereus_undatus_SRR11603183__NC_024458","Hylocereus_polyrhizus_SRR11190796__NC_024458","Hylocereus_polyrhizus_SRR11190798__NC_024458","Hylocereus_polyrhizus_SRR11190801__NC_024458","Hylocereus_undatus_SRR11603182__NC_024458","Hylocereus_undatus_SRR11603186__NC_024458","Hylocereus_undatus_SRR11603187__NC_024458","Hylocereus_undatus_SRR11603190__NC_024458","CYMRNA"
"MG210801",100,53.6640592836558,53.7895812053115,53.8917262512768,53.673926317932,52.6958290946083,56.0891590678825,55.4659666229139,54.970979217375,55.5139486987456,55.120763901891,55.1291651067016,55.054286783976,68.6978599927457,69.9147160225005,70.2255365587486,69.9872981310107,68.738673432403,68.0455202312139,67.8532706902783,53.6567164179105,53.7366548042705,69.2154375792716,69.4147490487407,68.1818181818182,53.3868259003546,98.2264421354353,64.0727272727273,64.2909090909091,64.2181818181818,71.9392850009986,70.8108108108108,69.409282700422,70.9483568075117,71.3794926004228,69.169594969484,69.3503089309118,70.0018843037498,69.3587137312881,68.9100219458669,68.8256880733945,68.9288334556126,68.8130618235186,69.375,68.8264281803249,69.6715192235909,68.9825847846013,69.1544117647059,69.6862159133358,68.8518586339498,68.8770837149661,68.9869939549368,68.7545787545788,68.8551572787125,68.8252462604889,68.7887632251003,69.1725157000369,69.7791916167665,69.0471819350101,68.7957540263543,68.9875730994152,68.758026050266,68.7752108544188,68.6665447228827,69.0484937545922,68.8347379992671,68.7877125617115,69.0283781244127,73.1457800511509,69.9436670906778,73.3306993283287,72.6812159002338,72.7059742288169,68.2669576286598,68.2163531114327,68.2554120429325,70.7842415316642,68.2608695652174,68.2453275267647,71.5500945179584,98.423504120387,98.40232389252,98.4389018481967,98.4951630240057,99.1590493601463,98.4951630240057,98.6476739992788,98.4951630240057,99.1953182150695,98.4911083168673,98.1906126836259,99.1960533528229,98.3859397417504,99.1794310722101,99.2002908033442,99.1953182150695,98.6168492904616,98.4908372260151,98.6340762041697,52.1890456127496
"AY800279",53.6640592836558,100,77.4626095925735,77.5829465360151,78.2929761291431,77.7587681779299,60.0070163129276,55.1874455100262,54.8055119483691,55.0148264433979,54.7706261991976,54.7785141262644,54.9877921171957,53.7253533414762,54.0059347181009,54.0777038851943,54.9135974864723,53.8716428322288,54.8353371667538,54.5739675901725,54.106111013833,53.3193936225823,54.5343564701779,54.3773979769794,43.9393939393939,53.0608695652174,54.3031358885017,54.2777487367137,54.4345704826625,54.5565429517338,54.4825072886297,53.9000876424189,55.6830031282586,53.8515529040182,56.6398390342052,54.5017793594306,54.8108108108108,55.032585083273,54.622892635315,54.3359718557608,54.5181786092481,54.0645388820314,54.5085583200988,55.8296783625731,54.2120042120042,54.5029660255258,53.9450510743219,54.4489651512471,54.7264573991031,54.3148996125396,54.060243086137,54.107898448519,54.5470567500881,54.5742434904996,54.2105263157895,54.2120042120042,54.5050648658255,54.6875,54.4683857294242,54.5438534695315,54.2480211081794,54.5358277444405,54.5149911816578,55.2887162281476,54.590395480226,55.118668083599,55.0883392226148,55.5311355311355,55.7964184731385,54.0290159063101,55.8394851410184,56.0211400528501,55.8585668610119,55.1657603929135,55.0357828591377,55.1446099912358,54.3782062621617,55.0332051730164,55.1398601398601,54.9254816430389,54.2508710801394,53.5728786033293,54.5311681508643,54.5470383275261,54.8066690315715,54.5470383275261,54.499299719888,54.5470383275261,54.8501507359461,54.3850454227813,54.3205574912892,54.801559177888,54.5200698080279,54.7303271441203,54.6497264866773,54.7775217160078,54.4294950200944,54.4040545263894,54.4405594405594,54.6199442119944
"KT717325",53.7895812053115,77.4626095925735,100,98.8303102220715,78.1833616298811,76.0862186014936,60.273492286115,54.806859518448,54.6005891526599,54.9471495408075,54.8951654825853,54.9029799029799,55.1108801108801,53.9008321775312,53.927518640541,54.0507649513213,54.1182590601699,53.9941084734015,55.3419913419913,54.961038961039,53.8929440389294,52.9330333967814,53.9421244151793,53.8208282793277,45.4545454545455,52.4047578003792,54.422710749524,53.8581314878893,54.0484429065744,54.1695501730104,54.4502617801047,53.9439317429915,55.0994061451072,53.9306257625937,56.4038796319324,54.5165281951564,54.7700017898693,54.9541449379608,54.6288132604479,54.2991960852849,54.1294055760126,54.3272599859846,54.1199158485274,55.8380243326675,54.4027898866609,54.7563805104408,54.3386983904829,54.4288224956063,54.765722430073,54.5056867891514,54.2877143857193,54.3607705779335,54.3512519698827,54.2387694459011,54.3838242984138,54.4027898866609,54.5550847457627,54.9330954504906,54.6060712405685,54.3482064741907,54.2817196784341,54.3398211467649,54.1265113019099,55.3605895771188,54.2711804946501,55.5614220344949,55.565308988764,55.6344438376115,55.7926258656186,53.794061469005,55.7414019921068,55.6722295143447,55.6779977586851,55.5071453468107,55.2818733738075,55.468477882271,54.2435424354244,55.3335649756776,55.4802848705923,54.8014440433213,54.3534706595119,53.8182550876486,54.4587092297016,54.45733079453,54.784140969163,54.45733079453,54.3826086956522,54.45733079453,54.8529152721508,54.3561263450191,54.3707806820149,54.7870468145019,54.4477197849835,54.7434996486297,54.7239263803681,54.7983799964783,54.4097222222222,54.3670776176419,54.4018058690745,54.036729036729
"KU159093",53.8917262512768,77.5829465360151,98.8303102220715,100,78.3870967741936,76.2219959266802,60.2910238429172,54.8241815347306,54.6352451914746,54.8951654825853,54.9124935019927,54.8856548856549,55.1282051282051,53.9181692094313,53.9795387549853,54.1376912378303,54.135599098318,54.0287645122163,55.5670995670996,55.1861471861472,53.7886687521724,53.036857587818,53.8728123375498,53.7515162016981,45.4545454545455,52.3358041716945,54.4919508395361,54.1003460207613,54.2387543252595,54.3771626297578,54.3961003791298,53.8916942364618,55.2285050348567,53.8783336238452,56.5282268092514,54.5518826232986,54.7879004832647,54.9901096925014,54.6640804090989,54.3166724921356,54.1644748378047,54.3622985283812,54.1549789621318,56.0377701107681,54.4376634699215,54.7742280920935,54.3736878936319,54.4991212653779,54.819169784429,54.5406824146982,54.3227161358068,54.3957968476357,54.3862721064612,54.2737283691662,54.4186857242461,54.4376634699215,54.590395480226,54.9687778768956,54.6411651166871,54.3832020997375,54.2991960852849,54.3748904085569,54.1615559838794,55.5185120196526,54.3062620592878,55.7374164026751,55.7408707865169,55.7800837429456,55.8862062511698,53.794061469005,55.8353692914866,55.7659853740859,55.7340306313037,55.7337051237365,55.5247181266262,55.7122953674678,54.2962572482868,55.5767894371091,55.7234670835505,54.85559566787,54.45733079453,53.9592988112029,54.5454545454545,54.5785009520512,54.9074889867841,54.5785009520512,54.5217391304348,54.5785009520512,54.9586048969526,54.4602568552586,54.5092608620391,54.8926434354101,54.5344199757239,54.8489107519325,54.829097283085,54.9040324000704,54.5486111111111,54.4712623719396,54.5407188748047,54.1753291753292
"KU697313",53.673926317932,78.2929761291431,78.1833616298811,78.3870967741936,100,76.7339325080549,61.6931957320273,55.7914724667702,54.7088301365129,54.9507516848108,54.6051494729566,55.286800276434,55.1658604008293,54.9429657794677,53.8222068488412,53.9101786023929,54.0816326530612,55.0526861288651,55.8067299396031,55.6341673856773,53.5596743460939,54.1048637461194,55.0354119882536,54.9317671445846,45.4545454545455,52.2195457673778,54.3917169974116,53.9562144457852,54.2147905533529,54.232028960524,54.5897204688909,53.9944425147621,56.6692367000771,54,57.1605550049554,55.5770925110132,55.735950044603,56.2130177514793,55.6864123747583,55.5052264808362,55.2350987589582,55.2567237163814,55.2429220552254,56.5406187805319,55.3276551364505,55.852009960868,55.1796302755493,55.4932538987209,55.7647894830343,55.4082344731333,55.2163293789253,55.3596368715084,55.4023389771339,55.2883777661614,55.3258036490009,55.3276551364505,55.5966209081309,55.8598612840121,55.5885954171768,55.3811268096982,55.4355400696864,55.3924139136515,55.2314410480349,56.2860639972023,55.3768141283441,56.2083479480884,56.1931420573828,56.1944494830401,55.6572068707991,53.6543124350537,55.7367829021372,55.7217651458489,55.7771151695863,56.0611323376172,55.9377700950735,56.0569246789309,54.2937259025587,55.9729916897507,56.0498528648087,54.7434743474347,54.3226919758412,53.7241517767516,54.5313040470425,54.495254529767,54.9973651853153,54.495254529767,54.6116504854369,54.495254529767,54.9956101843723,54.4809688581315,54.4779982743745,54.9473684210526,54.5203111495246,54.8686514886165,54.7964354359602,54.9157303370786,54.5344409830391,54.5092608620391,54.5265708845422,55.0664595201105
"LC155795",52.6958290946083,77.7587681779299,76.0862186014936,76.2219959266802,76.7339325080549,100,59.542916957432,54.5752762430939,54.3177892918826,54.5250431778929,54.0932642487047,54.7401139699534,54.6883094456916,54.0082930200415,53.7849982716903,54.1327326286605,53.8714137573453,54.2566050768434,55.1414768806073,55.1932367149758,53.74479889043,52.7605244996549,53.8249007079952,53.5831462614402,45.4545454545455,52.7983468228001,53.4931861307573,54.0027605244997,54.0890269151139,54.1062801932367,54.1388638412985,53.4883720930233,54.9704597996404,53.4746351633079,56.4038796319324,54.5006165228113,55.101676774884,55.037647902474,54.6828325426112,54.4932079414838,54.7964354359602,54.4168994413408,54.7868623340321,55.744526868102,54.4569939183319,54.8559231590181,54.3853530950305,54.553415061296,54.7504883679631,54.4202266782912,54.3773979769794,54.4677137870855,54.7548420868958,54.7988155373628,54.4901858606913,54.4569939183319,54.521463757917,54.925320056899,54.6424200034971,54.7340889276373,54.3538836642285,54.7789620828237,54.7756242360747,55.4020979020979,54.8855095263066,55.0587410135017,54.9938779079937,55.5857816467175,55.785740948115,53.6171685704396,55.7721139430285,55.6344608484395,55.6341963121624,55.4359152483501,55.3231939163498,55.414786532454,54.2907180385289,55.3574519646876,55.3651782623745,54.7940277028242,53.4069346213559,52.6791089704997,53.5788381742739,53.5276867345179,54.0137010363605,53.5276867345179,53.6754507628294,53.5276867345179,53.8542581211589,53.6066424494032,53.4241849232362,53.8070175438597,53.5683428373942,53.8178633975482,53.7829809540451,53.8177988414955,53.5813148788927,53.6344755970924,53.5745196468755,53.8926290350423
"LC107517",56.0891590678825,60.0070163129276,60.273492286115,60.2910238429172,61.6931957320273,59.542916957432,100,56.7562909341606,56.1778390487679,56.4363260382561,56.1778390487679,56.5644383184011,56.6850447966919,55.7160048134777,54.8891562124076,55.0827015851137,55.4906341295755,55.5670103092784,56.343347639485,56.3261802575107,55.7187284035936,54.8614696265703,55.7424892703863,55.4678111587983,42.4242424242424,54.6749013552925,56.1973525872443,55.691196698762,55.9662998624484,55.8459422283356,55.5257030270464,55.1747890477011,57.2167615106053,55.1629029477676,57.8232971372162,56.0813179109709,56.4739269244413,56.6131907308378,56.2510928484001,55.8828625888061,56.0500695410292,55.706096925482,56.0403267860247,57.0503597122302,55.9820193637621,56.320821529745,55.7445331482124,56.0975609756098,56.4618644067797,56.047197640118,55.6828040950894,55.7408372416189,56.2152777777778,56.1005199306759,55.9550561797753,55.9820193637621,56.0826185891826,56.5463552724699,56.14889546008,56.1936155447606,56.0041587246578,56.1891515994437,56.0458651841557,56.8719554627697,56.1739130434783,56.9684283969998,56.9190600522193,57.0449215226412,56.7717996289425,55.0929112181693,56.8740685543964,56.7662892147763,56.7672653212368,56.713322965267,56.5852819807428,56.6914177171473,55.3058024046001,56.5673954208986,56.5966241818808,55.7265569076593,56.3004985387657,56.0902555910543,56.3846286403584,56.1973525872443,56.830122591944,56.1973525872443,56.4044943820225,56.1973525872443,56.7676413938014,56.3006378210653,56.2317345710847,56.7529741077677,56.3630101601515,56.7015706806283,56.6602820825353,56.7401960784314,56.3793103448276,56.3297688858227,56.3912368466448,55.5003427004798
"LC107515",55.4659666229139,55.1874455100262,54.806859518448,54.8241815347306,55.7914724667702,54.5752762430939,56.7562909341606,100,78.6939417781275,78.4107002360346,78.1589299763965,78.9018250471995,78.6815607300189,55.6057428617519,54.0885585003232,54.0903936497651,54.2824822236587,55.8439464775109,55.0787528126004,54.9983927997428,65.7133828408911,64.1111111111111,54.7960664194745,54.7638239561502,54.5454545454545,65.6020440753753,55.3930236296415,54.5923300032227,54.2056074766355,54.2056074766355,55.2095808383233,54.6895424836601,56.6024436090226,54.7615145058187,57.2949431405759,56.0598585758921,56.2489598934931,56.750418760469,56.0919540229885,55.8101738989111,55.9250203748981,55.9667427453538,55.9159061277705,56.1920808761584,55.8150851581509,56.4119601328904,55.8469055374593,56.1896974652494,56.4741035856574,55.95703125,55.9446254071661,55.8957654723127,55.8847468663519,55.9817945383615,55.8203631647211,55.8294146262364,56.0611038107753,56.3974742439349,56.0287159406102,55.8971856190011,56.0793237971391,55.8924205378973,55.9211597980127,55.6061838893409,56.1500815660685,55.7695446384854,55.7166123778502,56.1012658227848,56.2957795605162,54.2394822006472,56.3550420168067,56.1226267200836,55.9519665854507,55.5411745672221,55.5537669027688,55.5645422193465,54.5171849427169,55.5304740406321,55.5412163252137,55.1805205709488,55.3287252853239,55.3045732271802,55.444587628866,55.4412473878798,55.9160930842347,55.4412473878798,55.5519637950541,55.4412473878798,55.8997050147493,55.4319793681496,55.3287252853239,55.8794628234523,55.4178071164064,55.7224489795918,55.6858911697621,55.8577748648206,55.4964539007092,55.4587969682309,55.5071762618932,55.0650184620324
"AY863024",54.970979217375,54.8055119483691,54.6005891526599,54.6352451914746,54.7088301365129,54.3177892918826,56.1778390487679,78.6939417781275,100,94.6766870205104,96.0857992797871,93.878190073587,94.7549710349147,54.7194082649944,53.9700434852633,54.0200193735873,53.9539378321791,54.9252771974932,54.6767206802503,54.4768934531451,65.3852238569847,64.0165368103037,54.6754498714653,54.5629820051414,53.030303030303,64.2891335567257,55.1452881682453,54.1767262192178,54.160630935136,54.160630935136,54.7586442998973,54.1585127201566,55.4335125029212,54.2198233562316,56.6553727008712,55.344262295082,55.5813567755847,55.8096828046745,55.3518821603928,54.9975700631784,55.1259138911454,55.0373740656484,55.1169590643275,55.5761143818335,55.1333872271625,55.5629139072848,54.9675324675325,55.2730236348818,55.551878206189,55.0454250486697,54.9837662337662,55,55.0056790524095,55.1847051198963,55.1228183581125,55.1155648941329,55.3463238906173,55.6475654190129,55.2284924377948,55.0024323009567,55.2819183408944,54.995938261576,55.1225848352005,55.0519818063678,55.3243375060966,55.1645487129358,55.1780198341733,55.239218328841,56.0793181422856,54.0396710208031,56.1103351955307,56.1805555555556,55.8175827986822,54.7157622739018,54.6681664791901,54.7142395866968,54.526178437449,54.6917753098342,54.7270091802223,55.1799163179916,55.0489645207899,55.0378997966352,55.1480051480052,55.1452881682453,55.5973813420622,55.1452881682453,55.2775984506133,55.1452881682453,55.5482815057283,55.0869285254346,55.0971263445176,55.528295714753,55.137481910275,55.4704060003261,55.425410769481,55.5391916216659,55.1996136509981,55.1135448542438,55.2101787727492,54.4870765772997
"GQ179646",55.5139486987456,55.0148264433979,54.9471495408075,54.8951654825853,54.9507516848108,54.5250431778929,56.4363260382561,78.4107002360346,94.6766870205104,100,95.9762016596211,95.5064975731956,93.8938468764678,54.9445248432224,54.3565791592849,54.6335163061027,54.0988887099372,55.262735015266,55.0617680089844,54.8459563543004,65.3694035753836,64.2550484973764,54.8521850899743,54.6754498714653,53.030303030303,64.2731769586724,55.4663669930968,54.4825366167713,54.4664413326895,54.434250764526,55.2208147894557,54.6640574037834,55.8074316429072,54.7268563951586,56.9941916747338,55.6885245901639,55.8965002487975,56.126878130217,55.6301145662848,55.3377612182083,55.450852965069,55.4111147221319,55.4418453541261,55.946173254836,55.408245755861,55.9105960264901,55.3896103896104,55.6316218418908,55.9159357934801,55.2563270603504,55.3733766233766,55.4058441558442,55.2815187408729,55.4763447828905,55.3813833225598,55.3903345724907,55.7065662354675,55.8959920503478,55.5700113839649,55.2780930760499,55.5897602073882,55.272136474411,55.4473128754668,55.230669265757,55.6332303690457,55.4903877484523,55.503170216225,55.5929919137466,56.3750217429118,54.7976132881793,56.4245810055866,56.2847222222222,56.0603433327553,55.1356589147287,55.0859713964326,55.1178559896674,54.59142064916,55.0941574118783,55.1618618134965,55.2803347280335,55.3860972868839,55.592530966907,55.4214929214929,55.3860972868839,55.8592471358429,55.3860972868839,55.5358295674629,55.3860972868839,55.7937806873977,55.3766902768835,55.2897736394285,55.7736342819758,55.4108377552661,55.7149845100277,55.6857003416301,55.8010145639012,55.4893754024469,55.3873409566758,55.5000805282654,54.9205329908492
"GQ179647",55.120763901891,54.7706261991976,54.8951654825853,54.9124935019927,54.6051494729566,54.0932642487047,56.1778390487679,78.1589299763965,96.0857992797871,95.9762016596211,100,92.923125097855,93.5180836073274,54.5586107091172,54.3082622000322,54.3590571520827,53.9056208729264,54.8449300980235,54.8692443446173,54.6534017971759,65.4801455465907,63.9688344728892,54.5147814910026,54.4183804627249,53.030303030303,63.9540449976065,55.2416118157008,54.1928215032995,54.2089167873813,54.1928215032995,55.0325231085245,54.4357469015003,55.1530731479318,54.4978737324174,56.945788964182,55.1803278688525,55.4652512854536,55.6928213689482,55.2209492635024,54.9327717479346,54.995938261576,55.0536236594085,54.9870045484081,55.6938603868797,55.0040420371867,55.5298013245033,55.0162337662338,55.240423797881,55.469137845441,54.8831927319922,55.0162337662338,55.0487012987013,54.8758721401915,55.0064808813999,54.9773755656109,54.9862615160821,55.1989520222695,55.498509440212,55.1309155960319,54.8727095832658,55.1360985093973,54.8659626320065,54.992693619094,55.1007147498376,55.1617623150707,55.2785923753666,55.2918224678914,55.3908355795148,56.3750217429118,54.4105789388808,56.4071229050279,56.2673611111111,55.9736431420149,54.9580103359173,54.8770689378113,54.9564094284792,54.721905072582,54.8849187188154,54.9524883234015,55.2970711297071,55.2255578744582,55.2597522647439,55.2445302445302,55.1773960507305,55.69558101473,55.1773960507305,55.3582956746288,55.1773960507305,55.5810147299509,55.1674179008371,55.1292342270027,55.5773634281976,55.2339604438013,55.5030164682863,55.474215064259,55.5719194894453,55.26400515132,55.194073119665,55.2746013850862,54.6957778134532
"FJ822136",55.1291651067016,54.7785141262644,54.9029799029799,54.8856548856549,55.286800276434,54.7401139699534,56.5644383184011,78.9018250471995,93.878190073587,95.5064975731956,92.923125097855,100,94.7557921102066,54.7427652733119,54.6054750402577,54.7861178369653,54.1062801932367,55.1253213367609,54.7321142123837,54.596502486764,65.3116102499209,64.054054054054,54.9558232931727,54.8273092369478,54.5454545454545,64.5022335673261,55.0882825040128,54.4898616028323,54.4576762149984,54.4093981332475,55.3482799931542,54.7203652372412,55.5503622341669,54.7833197056419,56.4239051536414,55.6138337977381,55.7545605306799,56.0173593723919,55.4900998199967,55.2802073210237,55.230669265757,55.2396425670187,55.2216988793243,55.7013118062563,55.3346265761397,55.7854659824532,55.2345398474274,55.4432855280313,55.7743216412972,55.2311435523114,55.2020775848077,55.2507709787372,55.2076573653472,55.3053620605864,55.32396186783,55.316742081448,55.6155861165684,55.8536181487001,55.5121951219512,55.204280155642,55.4187591122631,55.1981806367771,55.2272727272727,55.0592821179146,55.4616384915475,55.188141391106,55.2015604681404,55.3141317163551,56.4521739130435,54.7081586584973,56.4845522778844,56.5006075334143,56.3106796116505,54.7715162279994,54.7397172236504,54.7376916868442,54.8434442270059,54.7312520115867,54.7826086956522,55.5388219544846,55.0561797752809,55.1940850277264,55.1873894161171,55.0561797752809,55.5719194894453,55.0561797752809,55.3260167850226,55.0561797752809,55.5719194894453,55.1746338322871,54.9117174959872,55.5355682747343,55.1768488745981,55.4287577437235,55.3838646714379,55.5464659685864,55.255110252696,55.1851851851852,55.2657004830918,54.6869983948636
"MH423501",55.054286783976,54.9877921171957,55.1108801108801,55.1282051282051,55.1658604008293,54.6883094456916,56.6850447966919,78.6815607300189,94.7549710349147,93.8938468764678,93.5180836073274,94.7557921102066,100,55.128617363344,54.4605475040258,54.4148506860371,54.219001610306,55.3181233933162,55.004812319538,54.8211134285256,65.2799746915533,64.1017488076312,54.7309236947791,54.6506024096386,53.030303030303,64.2150606253989,55.1685393258427,54.5059542967493,54.3933054393305,54.3772127454136,55.2113640253294,54.6062285993804,55.9710212666511,54.6688470973017,57.0529881442052,55.8105228651041,56.1359867330017,56.3845768652979,55.7846506300115,55.6203433754454,55.6367771280052,55.4183590576767,55.6277407828488,55.9535822401614,55.5447785321694,56.0172156927661,55.380620029216,55.7855280312907,56.0721376571807,55.4906731549067,55.380620029216,55.4293134231456,55.6294613887086,55.7427506884821,55.5340119566974,55.5268261150614,55.8120497707924,56.1185626759397,55.6585365853659,55.6258106355383,55.7265511096711,55.6205328135153,55.6493506493507,55.3678739645932,55.9005201560468,55.4161915621437,55.4291287386216,55.6510021896581,56.4,54.498548855208,56.4147320649328,56.4658913383093,56.1893203883495,55.0621669626998,55.012853470437,55.044390637611,54.7292889758643,55.0209205020921,55.0563607085346,55.4384203480589,54.991974317817,55.0277264325324,55.1391346308509,55.1524879614767,55.5555555555556,55.1524879614767,55.2937378954164,55.1524879614767,55.6046473572247,55.1102526959601,55.1203852327448,55.56827473426,55.128617363344,55.4776654711444,55.4326610279766,55.5955497382199,55.2229196845324,55.1207729468599,55.2334943639291,54.4943820224719
"AF308158",68.6978599927457,53.7253533414762,53.9008321775312,53.9181692094313,54.9429657794677,54.0082930200415,55.7160048134777,55.6057428617519,54.7194082649944,54.9445248432224,54.5586107091172,54.7427652733119,55.128617363344,100,68.1241184767278,68.1589695256048,68.045760852531,96.2807345160286,72.4100156494523,72.4796493425172,54.1592920353982,53.2226877215598,76.8535825545171,76.8068535825545,90.9090909090909,52.9014627873332,69.1815057794439,63.9666561811891,63.777917584146,63.7150047184649,69.624978788393,68.6509841574652,96.7705510388437,68.6795491143317,74.0943755958055,97.6995081707124,96.3081861958266,99.0782664941785,98.8436559480437,96.6128273482829,95.5653404623368,96.524064171123,95.5503144654088,73.7704918032787,97.0256731371321,98.1733696522993,96.5403365309011,98.2802145787315,98.5100929189362,97.40891959799,96.4959145191703,96.6530483972344,95.4131322651587,95.5144291091594,97.0114223126271,97.0114223126271,97.7496038034865,98.9579993587688,97.7963167007713,95.3995917726488,97.9921568627451,95.4080830319233,95.5366965267955,72.817994614288,95.7500393514875,73.2486100079428,73.1568098937688,73.4734077478661,70.6610169491525,67.8750784682988,70.7773430855588,70.3866283977714,70.4779598040871,72.7115172522452,72.601880877743,72.7201134036856,68.4285714285714,72.6801695713613,72.6544082979727,69.1957017258222,69.1971258981568,68.8665710186514,69.1874119304838,69.1502655420181,69.7978028976278,69.1502655420181,69.2754989784693,69.1502655420181,69.7196559413826,69.1464369616288,69.2596063730084,69.6960050931084,69.1597559067439,69.5873015873016,69.5266740541396,69.7133757961783,69.177760375881,69.1789407709182,69.1789407709182,53.3047346679377
"AY366207",69.9147160225005,54.0059347181009,53.927518640541,53.9795387549853,53.8222068488412,53.7849982716903,54.8891562124076,54.0885585003232,53.9700434852633,54.3565791592849,54.3082622000322,54.6054750402577,54.4605475040258,68.1241184767278,100,95.3390491036633,86.5318818040435,67.9091620986688,68.1254901960784,68.0684136199592,54.1988416988417,53.24298160697,67.9611650485437,68.1490761039774,74.2424242424242,53.6318247704944,70.2766057196437,64.3870154427986,64.2609517806492,64.2767097384179,92.4902525851839,92.3126098769378,68.1838871187984,92.3745173745174,71.1937097927091,68.6471809615077,68.7782805429864,69.3522135416667,68.8247488438845,68.3504340962904,68.1494380243787,68.2868904369854,68.1544792655904,69.6631059983566,68.0901355184368,68.9949991934183,68.1969289219566,68.5514612452351,69.0361057382334,68.1631362630414,68.2537171781082,68.2220816197406,68.4584980237154,68.2191348279129,68.0579618837612,68.0737123956528,68.6183790682833,69.0334032596418,68.3251465694819,68.4468320429768,68.3720195799779,68.4343834098464,68.1221325739598,68.8154969831693,68.3776932826363,68.9649681528662,68.9397552058496,69.4750699358236,97.3209772535805,92.7725856697819,97.4974636455867,97.2371064969859,97.3013744552464,68.4144030322173,68.2796543597801,68.3977900552486,95.1803433611592,68.3978596159899,68.3207309388784,95.8158319870759,70.3859978121582,69.8905436928046,70.5357142857143,70.4641350210971,71.1667197959834,70.4641350210971,70.6492689828643,70.4641350210971,71.061862244898,70.5108116577875,70.3391154867948,71.0530508204556,70.5072010018785,70.9088020336829,70.8557844690967,71.0551482307937,70.5264807270448,70.5126195328421,70.5282959711554,52.8236040609137
"KP090203",70.2255365587486,54.0777038851943,54.0507649513213,54.1376912378303,53.9101786023929,54.1327326286605,55.0827015851137,54.0903936497651,54.0200193735873,54.6335163061027,54.3590571520827,54.7861178369653,54.4148506860371,68.1589695256048,95.3390491036633,100,87.0459859703819,67.8806907378336,68.3333333333333,68.1975463982384,54.3460732139977,53.3236293061621,67.9485167163711,68.2781353005808,77.2727272727273,53.7294155634485,70.7236842105263,64.6185436739852,64.5553625019744,64.6027483809825,93.7627464309993,93.431592438321,68.3778234086242,93.5171746492501,70.9030100334448,68.8170321754442,68.8532555879495,69.4829554721905,68.8778772378517,68.5126582278481,68.2323072040622,68.168835290384,68.2373472949389,69.7234112611129,68.1724845995893,68.9783381829939,68.1421545295891,68.5291308500477,69.0953150242326,68.2142291237522,68.1515535827521,68.1515535827521,68.4786053882726,68.2861212217123,68.1559835806757,68.1559835806757,68.7879756955548,69.1411935953421,68.3976496744481,68.4668989547038,68.4868629313074,68.4544589019359,68.2048842372344,68.6555290373906,68.4452914086073,69.039259495691,68.9501354150072,69.5071699357178,97.5860904794058,93.9266198282592,97.7646062658764,97.2003352891869,97.4488083249413,68.502690724913,68.3622047244095,68.4701787691821,94.8390151515152,68.4650575800599,68.3820047355959,95.6465447483412,70.7080200501253,70.1438848920863,70.8745485947559,70.8803258145363,71.5540648458713,70.8803258145363,70.926567916798,70.8803258145363,71.4696485623003,70.7868697973928,70.7863408521303,71.4604948124501,70.845755531147,71.3216560509554,71.2357052096569,71.4627914404344,70.8025757813727,70.7888120678818,70.8045254556882,52.949594530132
"KU854929",69.9872981310107,54.9135974864723,54.1182590601699,54.135599098318,54.0816326530612,53.8714137573453,55.4906341295755,54.2824822236587,53.9539378321791,54.0988887099372,53.9056208729264,54.1062801932367,54.219001610306,68.045760852531,86.5318818040435,87.0459859703819,100,68.159749412686,68.5019607843137,68.4763847481563,54.1184041184041,53.2913843175218,68.4779204509865,68.493579705606,72.7272727272727,53.6479304235787,70.8548210657915,64.560352978254,64.7179325559407,64.7494484714781,86.3875233090354,86.1754834585264,68.6618115612198,86.2290862290862,71.1937097927091,68.8388436352021,68.8590820943762,69.5475260416667,68.9363737840855,68.4293606945541,68.2760804179199,68.3185560481317,68.2811016144349,69.7781429745275,68.2319571383549,69.0917889982255,68.4027228114611,68.6626429479034,69.1811734364926,68.3370218147329,68.3169882948434,68.2853527364758,68.4268774703557,68.3138616987685,68.199716490786,68.2154670026776,68.8417358008934,69.1302243020816,68.4836000633814,68.4310317585717,68.5772935417654,68.4027228114611,68.2645151083689,68.6884725309622,68.4410646387833,69.1082802547771,69.0510252742012,69.6725357906862,89.6545914069082,86.1838006230529,89.8376733175516,89.4675150703282,89.6580623533356,68.888186986734,68.7195600942655,68.8397790055249,86.958576153725,68.7913125590179,68.7775677378702,87.8675282714055,70.7141740897015,70.0340929481428,70.7080200501253,70.964213158306,71.5492508766337,70.964213158306,71.026568149662,70.964213158306,71.4604591836735,70.8868693199624,70.9173308329427,71.4194678986777,70.6793988728867,71.3536701620591,71.2519809825673,71.4058017213899,70.8868693199624,70.9045304906725,70.8888540523593,52.8553299492386
"LC128411",68.738673432403,53.8716428322288,53.9941084734015,54.0287645122163,55.0526861288651,54.2566050768434,55.5670103092784,55.8439464775109,54.9252771974932,55.262735015266,54.8449300980235,55.1253213367609,55.3181233933162,96.2807345160286,67.9091620986688,67.8806907378336,68.159749412686,100,72.9277447607132,73.0287859824781,54.4782119311786,53.5265700483092,77.3816936488169,77.3505603985056,95.4545454545455,53.1084337349398,69.2319700280987,64.1936497956617,64.2093681232317,64.2565231059415,69.4590469730371,68.4471453702223,97.1318879855465,68.5226906984229,74.9523809523809,97.5420234697114,96.8233595379432,98.4160336188783,97.9417352754908,96.974921630094,96.1018547626532,98.758056909291,96.0867515322961,74.3077175159758,96.8705992802378,99.1992312620115,98.7739704495442,97.7606055827157,98.1585268214572,97.2845707110344,98.7749332495681,98.790639233548,95.9962317475271,96.065213983383,96.8251485767907,96.8564279011573,97.5447489307778,98.1733696522993,97.5770925110132,95.9667294413057,97.4443399184697,96.0075447972336,96.0885956644675,73.3101155611841,96.2869729389553,73.7101127163042,73.6174932657265,74.0321522309711,70.5792682926829,67.7854454203262,70.6952235254122,70.355997975367,70.4135021097046,73.2168162494095,73.1203007518797,73.2252479143712,68.4168781725888,73.2151263141378,73.2212973142767,69.1994793361536,69.185138932251,68.8530465949821,69.1910499139415,69.2631907586638,69.769291964996,69.2631907586638,69.2790953353228,69.2631907586638,69.6911811524992,69.1657536390671,69.2475803933812,69.6834738348974,69.1634089132134,69.6065989847716,69.5143173548489,69.7167409293444,69.1501017373611,69.1982461634826,69.1512683996242,53.5408066052715
"AY366208",68.0455202312139,54.8353371667538,55.3419913419913,55.5670995670996,55.8067299396031,55.1414768806073,56.343347639485,55.0787528126004,54.6767206802503,55.0617680089844,54.8692443446173,54.7321142123837,55.004812319538,72.4100156494523,68.1254901960784,68.3333333333333,68.5019607843137,72.9277447607132,100,95.6487956487956,54.0938952091011,52.961055680721,73.1352619233776,73.0570758405004,77.2727272727273,53.4659820282413,68.6799501867995,63.8819095477387,63.8662060301507,63.7562814070352,69.3233847719179,68.550840672538,73.2012750455373,68.604089518596,95.7532621589561,73.4173178121512,73.7614974987897,74.3010403120936,73.5191082802548,73.155737704918,72.9370850458426,73.0434782608696,72.9413624150466,96.3222131814483,73.0133752950433,73.6952319587629,72.972972972973,73.370340999207,73.9088420035432,73.0071033938437,73.053230137419,72.9268677933976,73.030159482078,73.088443953965,72.9946524064171,72.9789241899968,73.3991717107359,73.8759065269944,73.3227848101266,73.0271464646465,73.0526647745191,72.984508378122,72.9383886255924,95.1415094339623,73.3111849390919,95.4746136865342,95.3250432866362,96.2697507737416,70.7710597826087,67.9390512095507,70.8198397818306,70.3396991718776,70.4580023660639,95.4488583046606,95.3477516726311,95.4808444096951,68.4938036224976,95.4177057356608,95.3510140405616,69.2959582790091,68.5087173100872,68.0957484816006,68.6739469578783,68.6176836861768,69.387107018101,68.6176836861768,68.8175411119812,68.6176836861768,69.2552008893124,68.7373185578274,68.5865504358655,69.2161218660743,68.6467103211724,69.1820914412277,69.1287878787879,69.2014605492935,68.7373185578274,68.7539038101187,68.7226733291693,53.4581218274112
"JF930326",67.8532706902783,54.5739675901725,54.961038961039,55.1861471861472,55.6341673856773,55.1932367149758,56.3261802575107,54.9983927997428,54.4768934531451,54.8459563543004,54.6534017971759,54.596502486764,54.8211134285256,72.4796493425172,68.0684136199592,68.1975463982384,68.4763847481563,73.0287859824781,95.6487956487956,100,54.1185897435897,53.0500563334943,73.392773345847,73.3302049116221,77.2727272727273,53.33012357567,68.4366241046403,63.5464111826606,63.6563530705199,63.64064708654,69.2555536713583,68.470776621297,72.9612756264237,68.5396876509419,96.7022538552788,73.5204976870314,73.9305891848265,74.3739837398374,73.5743867473718,73.2734153263955,73.1182795698925,73.1298434287522,73.1225296442688,97.6236979166667,73.1465449393987,73.7512085078956,73.0909090909091,73.3777566238299,73.9487675205413,73.2196431391126,73.1395165112972,73.0131142360563,73.2427736534513,73.2534300583504,73.1120201384519,73.1120201384519,73.502230720204,73.920051579626,73.4093067426401,73.2396589832649,73.1072555205047,73.1973434535104,73.1036662452592,96.099402327776,73.4926412407027,96.6246056782334,96.4729963785231,97.490630601271,70.7830813657211,67.850408548083,70.8269394714408,70.3465765004227,70.3465765004227,97.3404255319149,97.2607003891051,97.3564836539966,68.3566433566434,97.33395696913,97.2534332084894,69.1718291490055,68.3587667393335,67.9771265189421,68.523720349563,68.3899096854562,69.0597204574333,68.3899096854562,68.6197712674291,68.3899096854562,69.0071485305798,68.5558157689305,68.3431952662722,68.9523809523809,68.4809731752963,68.9191327741731,68.8664351120935,68.9693504843576,68.5089773614364,68.5723211496407,68.4942205560762,53.1101237702317
"JX524226",53.6567164179105,54.106111013833,53.8929440389294,53.7886687521724,53.5596743460939,53.74479889043,55.7187284035936,65.7133828408911,65.3852238569847,65.3694035753836,65.4801455465907,65.3116102499209,65.2799746915533,54.1592920353982,54.1988416988417,54.3460732139977,54.1184041184041,54.4782119311786,54.0938952091011,54.1185897435897,100,64.5503483217226,53.7570394207562,53.6283185840708,48.4848484848485,65.3974297953356,54.1773367477593,53.5908945174735,53.4626482847066,53.414555947419,54.5765027322404,53.9594240837696,54.9401548932176,54.043392504931,56.7913148371532,54.9302707136998,54.8713692946058,55.0969251336898,54.8239148239148,54.5867098865478,54.4789465127621,54.5853658536585,54.4700910273082,55.3595430107527,54.6028150784663,54.8707753479125,54.5070651291213,54.5751100962323,55.0587845669813,54.5454545454545,54.54840805718,54.5159194282001,54.4893651566813,54.5881971465629,54.6248382923674,54.6174995956655,54.9328089151098,54.9055352999669,54.5972335231896,54.5189031315918,54.6692607003891,54.446431474557,54.459788789602,54.6073977936405,54.6371623820371,54.5395379108363,54.5543107647345,55.2228763666947,56.0326842837274,54.1720360824742,56.0984121444774,55.9466019417476,55.8905058905059,54.4838709677419,54.4535387578238,54.4663011931635,54.5543425126283,54.4446230509564,54.4313977802799,55.2081591707072,54.225352112676,53.4524028723992,54.2348411934553,54.1933418693982,54.7607382002286,54.1933418693982,54.2732979237084,54.1933418693982,54.7755102040816,54.2449045097095,54.2733674775928,54.7797716150082,54.2087542087542,54.5853658536585,54.5838065877008,54.7576301615799,54.1967581447601,54.2389210019268,54.1907514450867,54.2541259413555
