94
SRR11190798_Plant_DH-3_NC_011659            0.0000000 0.0000010 0.0237866 0.0019239 0.0008672 0.0056999 0.0075206 0.0276783 0.0248477 0.1211929 0.8087443 1.8444385 1.8586014 1.6876571 0.4846978 0.4885530 0.4882792 0.4695438 0.4924055 0.4901567 0.4896720 0.4899936 0.4924055 0.4787856 0.4817453 0.4890039 0.4728987 0.4915084 0.4936696 0.4729301 0.4733145 0.4932163 1.9610218 0.6207475 1.7681194 1.7453973 1.7564558 1.7396069 1.7373642 1.7356747 1.9334768 1.8489006 1.8918679 0.7284722 0.6532481 0.5612700 0.5513380 0.5826252 0.5842761 0.5793315 0.6420183 0.6123876 0.6066586 0.6078195 0.6029818 0.5875380 0.6006210 0.5996859 0.6062241 0.6053794 0.6046763 0.5929544 0.5805718 0.5903404 0.5681055 0.5993737 0.5941457 0.5816262 0.5796083 0.5984490 0.5890369 0.5922758 0.5856581 0.5917663 0.5690921 0.5986532 0.5716505 0.6012190 0.5876111 0.5587250 0.5581607 0.5731810 0.5742318 0.5838108 0.5571903 0.6244048 0.6038278 0.6019778 0.5163725 0.7981510 0.8067783 1.7347902 1.8264251 1.9265382 
SRR11190801_Plant_DH-2_NC_011659            0.0000010 0.0000000 0.0238753 0.0015739 0.0008677 0.0051812 0.0052957 0.0257830 0.0229466 0.1186065 0.8026647 1.8498602 1.8641328 1.6741692 0.4796113 0.4834613 0.4831871 0.4644766 0.4873059 0.4850603 0.4845745 0.4848956 0.4873059 0.4741316 0.4766374 0.4839070 0.4678192 0.4864103 0.4886082 0.4678538 0.4685151 0.4881172 1.9511599 0.6162798 1.7658996 1.7433230 1.7529540 1.7372084 1.7369039 1.7333200 1.9294611 1.8523489 1.8815147 0.7240276 0.6489355 0.5550769 0.5447105 0.5782688 0.5799070 0.5727426 0.6364141 0.6073399 0.6020952 0.6032599 0.5986726 0.5857820 0.5953480 0.5949052 0.6014345 0.6005910 0.5998879 0.5879862 0.5758193 0.5857123 0.5637145 0.5938925 0.5883256 0.5766726 0.5748527 0.5931815 0.5872851 0.5905306 0.5839013 0.5900153 0.5649260 0.5937669 0.5668199 0.5960350 0.5828210 0.5540247 0.5577020 0.5714995 0.5732489 0.5828968 0.5570386 0.6199321 0.6014973 0.6002456 0.5103084 0.7930541 0.8002835 1.7282017 1.8252219 1.9324162 
SRR11190802_Plant_DH-1_NC_011659            0.0237866 0.0238753 0.0000000 0.0389051 0.0290404 0.0642149 0.0784488 0.0795125 0.0656624 0.1719216 0.9600700 2.0824970 2.1121358 1.8712942 0.5844968 0.5881960 0.5879382 0.5649487 0.5966556 0.5890278 0.5922339 0.5883503 0.5966556 0.5748446 0.5794654 0.5910182 0.5690296 0.5950416 0.5957053 0.5693061 0.5696291 0.5963111 2.1943257 0.7242994 2.0281713 1.9977370 1.9675764 1.9652800 1.9768330 1.9610922 2.1396235 2.1421854 2.1574819 0.8443903 0.7572379 0.6458882 0.6362976 0.6890455 0.6949858 0.6791739 0.7546040 0.7237653 0.7152621 0.7146137 0.7064703 0.7071139 0.7048224 0.7134391 0.7191462 0.7188836 0.7182764 0.7014378 0.6888011 0.6980807 0.6700959 0.7049218 0.7051840 0.6823672 0.6872731 0.7036071 0.7102358 0.7147606 0.7063291 0.7146285 0.6701592 0.7052646 0.6743605 0.7058404 0.6885374 0.6613305 0.6636385 0.6810123 0.6825715 0.6968283 0.6651683 0.7297015 0.7225638 0.7248261 0.6288226 0.9488912 0.9597288 1.9467979 2.0668181 2.1373709 
SRR11603187_RR-pulp-2_NC_011659             0.0019239 0.0015739 0.0389051 0.0000000 0.0006917 0.0000010 0.0016775 0.0286002 0.0289675 0.1239060 0.8110004 1.8423660 1.8557336 1.6902130 0.4977254 0.5018923 0.5016188 0.4791199 0.5037625 0.5015764 0.5011649 0.5015659 0.5037625 0.4903660 0.4924010 0.5010220 0.4835628 0.5049489 0.5041567 0.4840416 0.4845833 0.5042107 1.9428886 0.6310254 1.7696829 1.7713614 1.7781153 1.7525108 1.7464999 1.7334849 1.9075334 1.8530092 1.8873964 0.7343182 0.6642030 0.5611507 0.5520845 0.5837682 0.5833310 0.5857367 0.6524288 0.6232180 0.6160334 0.6185779 0.6147095 0.6033174 0.6096416 0.6104043 0.6157424 0.6148973 0.6141961 0.6033352 0.5905446 0.6030849 0.5797048 0.6100693 0.6011154 0.5913971 0.5901179 0.6074321 0.6062101 0.6088206 0.6015851 0.6089227 0.5809424 0.6066548 0.5824052 0.6118712 0.5980179 0.5698800 0.5693551 0.5855711 0.5852621 0.5984253 0.5703690 0.6350502 0.6209903 0.6201498 0.5324142 0.8057619 0.8120232 1.7353966 1.8076805 1.9561199 
SRR11603184_GW-peel-1_NC_011659             0.0008672 0.0008677 0.0290404 0.0006917 0.0000000 0.0022212 0.0000010 0.0278612 0.0262665 0.1209927 0.8209297 1.8511582 1.8682119 1.6955362 0.4980795 0.5023462 0.5020727 0.4803099 0.5052235 0.5029988 0.5030058 0.5028395 0.5052235 0.4891615 0.4914906 0.5028635 0.4820694 0.5039422 0.5064391 0.4825476 0.4832304 0.5054510 1.9583165 0.6243607 1.8288017 1.8198702 1.8267787 1.7879149 1.7943117 1.7792292 1.9160167 1.8765688 1.8690529 0.7187930 0.6493628 0.5552749 0.5435467 0.5826582 0.5800403 0.5915723 0.6480572 0.6192493 0.6129863 0.6150605 0.6104182 0.6014133 0.6079088 0.6083734 0.6135456 0.6127017 0.6120010 0.5999368 0.5882414 0.5955292 0.5740771 0.6060299 0.6019067 0.5863226 0.5871502 0.6048460 0.6053685 0.6083196 0.5990174 0.6069031 0.5759363 0.6038003 0.5782626 0.6084722 0.5929725 0.5642937 0.5695561 0.5856871 0.5865825 0.5968775 0.5715892 0.6277148 0.6151409 0.6181702 0.5305293 0.8099370 0.8202045 1.7529686 1.8610044 1.9101090 
SRR11603189_RR-peel-3_NC_011659             0.0056999 0.0051812 0.0642149 0.0000010 0.0022212 0.0000000 0.0035683 0.0441072 0.0459873 0.1462630 0.8736444 1.9682261 1.9837591 1.8151215 0.5445384 0.5499971 0.5497310 0.5248823 0.5501854 0.5487846 0.5483533 0.5488037 0.5501854 0.5369201 0.5390514 0.5482257 0.5286626 0.5521306 0.5523168 0.5288421 0.5297084 0.5525868 2.0671734 0.6834265 1.8844845 1.8818113 1.8945327 1.8603115 1.8632136 1.8603530 2.0415526 1.9622558 2.0234130 0.7651457 0.6841779 0.5913084 0.5809032 0.6244237 0.6227273 0.6202322 0.7019355 0.6698284 0.6653396 0.6678762 0.6614211 0.6473283 0.6592977 0.6596842 0.6642436 0.6636939 0.6629990 0.6526472 0.6354697 0.6500655 0.6243248 0.6577167 0.6489350 0.6376060 0.6350900 0.6570559 0.6505656 0.6539389 0.6452083 0.6537613 0.6262981 0.6530141 0.6235642 0.6601983 0.6423352 0.6130530 0.6115274 0.6303451 0.6311552 0.6438626 0.6138589 0.6840910 0.6627543 0.6659150 0.5720622 0.8715398 0.8745978 1.8225808 1.9330993 2.0536470 
SRR11603183_GW-peel-2_NC_011659             0.0075206 0.0052957 0.0784488 0.0016775 0.0000010 0.0035683 0.0000000 0.0512397 0.0550928 0.1597134 0.9172956 2.0514404 2.0708355 1.8795372 0.5724420 0.5780859 0.5778251 0.5508779 0.5806308 0.5773921 0.5767967 0.5774287 0.5806308 0.5615419 0.5646368 0.5764013 0.5538928 0.5807054 0.5816300 0.5549641 0.5554206 0.5805128 2.1353986 0.7093273 1.9754156 1.9691072 1.9958706 1.9541841 1.9651456 1.9486668 2.1211650 2.0202638 2.0786548 0.8176876 0.7273953 0.6244209 0.6113239 0.6651996 0.6655047 0.6608936 0.7343485 0.6995944 0.6950424 0.6965100 0.6876901 0.6848585 0.6871234 0.6867221 0.6919005 0.6916467 0.6909591 0.6809579 0.6645850 0.6764309 0.6518950 0.6843269 0.6794935 0.6647411 0.6636942 0.6843759 0.6888076 0.6923445 0.6825526 0.6923394 0.6515477 0.6811239 0.6504443 0.6862702 0.6679370 0.6401149 0.6477121 0.6664873 0.6672879 0.6792388 0.6491026 0.7103844 0.6989686 0.7029403 0.6011150 0.9161516 0.9186531 1.9170386 2.0304835 2.1231977 
Schlumbergera_virus_X_Strain_K11            0.0276783 0.0257830 0.0795125 0.0286002 0.0278612 0.0441072 0.0512397 0.0000000 0.0494272 0.1663292 0.9576303 2.0881570 2.1056950 1.9134993 0.6012769 0.6065324 0.6062749 0.5815421 0.6088830 0.6068561 0.6078828 0.6069111 0.6088830 0.5917500 0.5948232 0.6067247 0.5850593 0.6150091 0.6123059 0.5853515 0.5853951 0.6143531 2.2209926 0.7263776 2.0391448 2.0178005 2.0271891 1.9798157 1.9917409 1.9993864 2.1577115 2.1030015 2.1430037 0.8213741 0.7381140 0.6447906 0.6307050 0.6741628 0.6766533 0.6682363 0.7526692 0.7255420 0.7158837 0.7166703 0.7078462 0.7024215 0.7111465 0.7128235 0.7204790 0.7197042 0.7190150 0.7054658 0.6932136 0.6978062 0.6716130 0.7111491 0.7056516 0.6863012 0.6923366 0.7089188 0.7051497 0.7098943 0.7005982 0.7071692 0.6759958 0.7073745 0.6770101 0.7117586 0.6911187 0.6627689 0.6596712 0.6858372 0.6861950 0.6916068 0.6648426 0.7292811 0.7189528 0.7216357 0.6382070 0.9491951 0.9586155 1.9538452 2.0695502 2.1887557 
Schlumbergera_virus_X_KP090203              0.0248477 0.0229466 0.0656624 0.0289675 0.0262665 0.0459873 0.0550928 0.0494272 0.0000000 0.1586425 0.9460659 2.0585087 2.0759745 1.8565807 0.5887942 0.5942187 0.5939608 0.5664177 0.5914656 0.5947832 0.5938578 0.5948305 0.5914656 0.5754434 0.5793770 0.5927117 0.5693603 0.5973288 0.5984273 0.5696603 0.5696646 0.5976160 2.2154874 0.7179163 2.0552728 2.0355361 2.0090392 1.9725597 2.0064920 1.9992740 2.1405271 2.0757568 2.1147505 0.8247990 0.7339139 0.6411154 0.6197022 0.6770484 0.6762493 0.6813983 0.7486217 0.7245023 0.7111904 0.7126937 0.7075591 0.6985911 0.7119248 0.7112160 0.7167427 0.7164811 0.7157909 0.6989015 0.6859226 0.6966812 0.6697535 0.7100026 0.6994904 0.6810696 0.6850423 0.7101994 0.7024402 0.7066922 0.6972761 0.7042160 0.6745581 0.7050612 0.6719139 0.7119175 0.6863748 0.6558394 0.6543412 0.6804585 0.6833367 0.6959821 0.6612576 0.7259319 0.7120217 0.7152613 0.6243493 0.9421886 0.9484185 1.9403040 2.0720888 2.1769756 
Schlumbergera_virus_X_KU854929              0.1211929 0.1186065 0.1719216 0.1239060 0.1209927 0.1462630 0.1597134 0.1663292 0.1586425 0.0000000 0.9276726 2.0479149 2.0709263 1.8564960 0.5906950 0.5960358 0.5957776 0.5723167 0.5936167 0.5956717 0.6026419 0.5949906 0.5936167 0.5798658 0.5844721 0.6016947 0.5742137 0.5964286 0.6026947 0.5756589 0.5760423 0.5980843 2.2359397 0.7096000 2.0180795 2.0379747 2.0332277 2.0223587 2.0196507 1.9973117 2.0787672 2.0835818 2.0741234 0.8464752 0.7403211 0.6508273 0.6306787 0.6824565 0.6794477 0.6659544 0.7456194 0.7105603 0.7000483 0.7022672 0.7026476 0.6854058 0.7027622 0.6984625 0.7068334 0.7064112 0.7057263 0.6897631 0.6757806 0.6850811 0.6598461 0.6973845 0.6963254 0.6737402 0.6761752 0.7014510 0.6925040 0.6956104 0.6863242 0.6931506 0.6665193 0.6938161 0.6647180 0.7034185 0.6791172 0.6483377 0.6506016 0.6794784 0.6818566 0.6927240 0.6534808 0.7079479 0.7027870 0.7045229 0.6370798 0.9331000 0.9278870 1.9890256 2.0858043 2.1701774 
Opuntia_virus_X_KY348771                    0.8087443 0.8026647 0.9600700 0.8110004 0.8209297 0.8736444 0.9172956 0.9576303 0.9460659 0.9276726 0.0000000 2.2390941 2.2085972 1.8045099 0.9625279 0.9717873 0.9704909 0.9439913 0.9725086 0.9639179 0.9816773 0.9635077 0.9725086 0.9500731 0.9575076 0.9807769 0.9490698 0.9845903 0.9775227 0.9499063 0.9498621 0.9868484 2.1650823 0.9840663 2.0247701 2.0329834 2.0227483 2.0259603 2.0092034 2.0721940 2.1497065 2.1841469 2.1993226 1.4848130 1.3686075 1.0324610 1.0367083 1.0885939 1.0716370 1.1288197 1.0321517 0.9717698 0.9779796 0.9770352 0.9716736 0.9761153 0.9644393 0.9682625 0.9794736 0.9800011 0.9791705 0.9645081 0.9523054 0.9639088 0.9345967 0.9621807 0.9786144 0.9588043 0.9532551 0.9632250 0.9862000 0.9897694 0.9774328 0.9809704 0.9360733 0.9649730 0.9345456 0.9675435 0.9561752 0.9201593 0.9286712 0.9672546 0.9663231 0.9795606 0.9377657 0.9728593 0.9925519 0.9992431 0.9984950 0.0397724 0.0068627 2.0882068 2.2133718 2.1576386 
Plantago_asiatica_mosaic_virus_KT717325     1.8444385 1.8498602 2.0824970 1.8423660 1.8511582 1.9682261 2.0514404 2.0881570 2.0585087 2.0479149 2.2390941 0.0000000 0.0119336 1.4673036 2.1045960 2.0971374 2.0984092 2.0419599 2.0971258 2.1081980 2.0924636 2.1088809 2.0971258 2.0496664 2.0521876 2.0891561 2.0220162 2.1004047 2.1078112 2.0328620 2.0305471 2.0872375 2.0422518 2.1324992 2.0526009 2.0386809 2.0010846 2.0163881 1.9772418 1.9938462 0.3881193 0.4109615 0.3734977 2.9730131 2.7922626 2.2348815 2.3991070 2.3392570 2.2595323 2.4251279 2.1465217 2.0773594 2.0453881 2.0355826 2.0411836 1.9313519 2.0335053 2.0063639 2.0334412 2.0314441 2.0328267 2.0355076 2.0114149 2.0100225 1.9696959 2.0226671 2.0279084 1.9917583 2.0134097 2.0265106 1.9544401 1.9613692 1.9347339 1.9387885 1.9717204 1.9989409 1.9468684 2.0203449 1.9834060 1.9372526 1.8749577 1.9108882 1.9114046 1.9460301 1.9013463 2.1263231 1.9458464 1.9958530 2.2045054 2.2641890 2.2522008 2.2306504 2.3701044 2.3072811 
Plantago_asiatica_mosaic_virus_KU159093     1.8586014 1.8641328 2.1121358 1.8557336 1.8682119 1.9837591 2.0708355 2.1056950 2.0759745 2.0709263 2.2085972 0.0119336 0.0000000 1.4668907 2.0875162 2.0822300 2.0834879 2.0282774 2.0800066 2.0949950 2.0794078 2.0956667 2.0800066 2.0329487 2.0355154 2.0761204 2.0082082 2.0848083 2.0928413 2.0189688 2.0166696 2.0755858 2.0148577 2.1482159 2.0517853 2.0458802 2.0079390 2.0235087 1.9749546 1.9861353 0.3848128 0.4071163 0.3681250 2.9498302 2.8946518 2.2225252 2.4552622 2.3124343 2.2511559 2.4277764 2.1492167 2.0771275 2.0441132 2.0343154 2.0399184 1.9172082 2.0360163 2.0090579 2.0361408 2.0341411 2.0355269 2.0397855 2.0141061 2.0087577 1.9706395 2.0251587 2.0306013 1.9947353 2.0161079 2.0290115 1.9384868 1.9453634 1.9189359 1.9229787 1.9766309 2.0018244 1.9499710 2.0230689 1.9838785 1.9401253 1.8698541 1.9022206 1.9027559 1.9388912 1.8952936 2.1434454 1.9354955 1.9851894 2.1883976 2.2325826 2.2244083 2.2656182 2.3960813 2.3002337 
Hydrangea_ringspot_virus                    1.6876571 1.6741692 1.8712942 1.6902130 1.6955362 1.8151215 1.8795372 1.9134993 1.8565807 1.8564960 1.8045099 1.4673036 1.4668907 0.0000000 1.8498334 1.8553461 1.8563736 1.8029398 1.8748555 1.8599840 1.8503817 1.8571771 1.8748555 1.8104648 1.8163794 1.8477228 1.8007016 1.8754329 1.8765707 1.8027426 1.8004632 1.8714524 1.8822109 1.8594339 1.6976229 1.7309976 1.6954085 1.6961718 1.6575716 1.6548969 1.4631194 1.4893145 1.3530576 2.7246973 2.6490191 2.0627373 2.1801983 2.2451366 2.2006532 2.2290311 1.8434117 1.8132490 1.7838818 1.7718880 1.7578171 1.7534256 1.8025737 1.7752813 1.7878925 1.7879744 1.7890784 1.7796071 1.7654866 1.7655491 1.7204797 1.7993847 1.7830490 1.7498499 1.7635789 1.7997364 1.7712027 1.7753628 1.7562109 1.7725727 1.7415110 1.7597317 1.7143252 1.7990822 1.7344390 1.6950956 1.7213934 1.7182774 1.7290955 1.7479030 1.7204678 1.8221546 1.7973268 1.7984383 1.8893085 1.8340653 1.7945970 1.7507163 1.9551153 1.9451382 
SRR11603191_RR-peel-1_NC_024458             0.4846978 0.4796113 0.5844968 0.4977254 0.4980795 0.5445384 0.5724420 0.6012769 0.5887942 0.5906950 0.9625279 2.1045960 2.0875162 1.8498334 0.0000000 0.0003119 0.0003119 0.0038245 0.0126418 0.0009360 0.0092991 0.0007803 0.0126418 0.0036519 0.0033233 0.0086676 0.0035030 0.0141148 0.0097700 0.0035013 0.0035028 0.0145832 2.1890773 0.6325583 1.8732089 1.8521157 1.8417863 1.8689873 1.8595423 1.7944671 2.1777356 2.1366311 2.0797440 0.7760672 0.7128538 0.6593533 0.6023674 0.6803185 0.6565436 0.6588045 0.6884752 0.6577407 0.6460071 0.6468017 0.6520508 0.6695611 0.6495713 0.6474925 0.6529110 0.6534471 0.6522258 0.6427073 0.6333930 0.6376629 0.6169865 0.6458514 0.6515820 0.6316134 0.6341061 0.6464088 0.6735512 0.6762626 0.6697250 0.6716260 0.6161936 0.6398876 0.6163351 0.6460907 0.6273996 0.6031792 0.6223798 0.6382810 0.6400794 0.6519837 0.6361431 0.6409276 0.6696160 0.6818356 0.0137734 0.9655217 0.9533017 1.8969814 1.9662845 2.0364450 
SRR11603186_RR-pulp-3_NC_024458             0.4885530 0.4834613 0.5881960 0.5018923 0.5023462 0.5499971 0.5780859 0.6065324 0.5942187 0.5960358 0.9717873 2.0971374 2.0822300 1.8553461 0.0003119 0.0000000 0.0000010 0.0044536 0.0133985 0.0018703 0.0100622 0.0018711 0.0133985 0.0042791 0.0039489 0.0094322 0.0039737 0.0150364 0.0105346 0.0039711 0.0039728 0.0159906 2.2103084 0.6372488 1.8842974 1.8649155 1.8496813 1.8783679 1.8694805 1.8028076 2.1933863 2.1541352 2.1031258 0.7884095 0.7093482 0.6639260 0.6016996 0.6890265 0.6624354 0.6615657 0.6940051 0.6647938 0.6528361 0.6536212 0.6581193 0.6743560 0.6566461 0.6527913 0.6601470 0.6606861 0.6594615 0.6481058 0.6397926 0.6437698 0.6236711 0.6532014 0.6569679 0.6373121 0.6402978 0.6540723 0.6788011 0.6812746 0.6745183 0.6769430 0.6232361 0.6464499 0.6218922 0.6531462 0.6344244 0.6084598 0.6261594 0.6418422 0.6436350 0.6552521 0.6394123 0.6451340 0.6733371 0.6865867 0.0141016 0.9733849 0.9632319 1.9161363 1.9834977 2.0510572 
SRR11603190_RR-peel-2_NC_024458             0.4882792 0.4831871 0.5879382 0.5016188 0.5020727 0.5497310 0.5778251 0.6062749 0.5939608 0.5957776 0.9704909 2.0984092 2.0834879 1.8563736 0.0003119 0.0000010 0.0000000 0.0044550 0.0134049 0.0015580 0.0100671 0.0015587 0.0134049 0.0041202 0.0037906 0.0094368 0.0039749 0.0150437 0.0102187 0.0039723 0.0039741 0.0156716 2.2106306 0.6371460 1.8829639 1.8635905 1.8483626 1.8770374 1.8681537 1.8015093 2.1947539 2.1554538 2.1044005 0.7894974 0.7102921 0.6645005 0.6022039 0.6896313 0.6630088 0.6621369 0.6939183 0.6646987 0.6527367 0.6535222 0.6580221 0.6750108 0.6565476 0.6526918 0.6600499 0.6605891 0.6593641 0.6480050 0.6396885 0.6436672 0.6235614 0.6531019 0.6568698 0.6372074 0.6401938 0.6539730 0.6794600 0.6819355 0.6751731 0.6775995 0.6231264 0.6463483 0.6217820 0.6530467 0.6343174 0.6083450 0.6265778 0.6424603 0.6442544 0.6558866 0.6400482 0.6450334 0.6739874 0.6872533 0.0139192 0.9720877 0.9619440 1.9162855 1.9819250 2.0512820 
SRR11190802_Plant_DH-1_NC_024458            0.4695438 0.4644766 0.5649487 0.4791199 0.4803099 0.5248823 0.5508779 0.5815421 0.5664177 0.5723167 0.9439913 2.0419599 2.0282774 1.8029398 0.0038245 0.0044536 0.0044550 0.0000000 0.0063608 0.0052568 0.0057265 0.0050989 0.0063608 0.0003182 0.0003172 0.0050896 0.0006391 0.0050831 0.0060415 0.0007984 0.0007988 0.0046000 2.1355768 0.6145794 1.8218485 1.7997808 1.7950666 1.8289829 1.8195440 1.7351999 2.1323683 2.0760858 2.0098663 0.7605512 0.6925523 0.6397220 0.5857475 0.6678768 0.6468711 0.6500759 0.6659133 0.6362290 0.6279840 0.6288060 0.6324276 0.6495695 0.6300218 0.6283173 0.6356761 0.6364269 0.6352077 0.6239792 0.6153081 0.6188030 0.5987242 0.6267855 0.6317251 0.6135164 0.6159859 0.6268920 0.6525587 0.6557170 0.6497390 0.6497274 0.5982516 0.6201557 0.5975482 0.6265816 0.6090449 0.5852372 0.6010843 0.6193679 0.6220344 0.6311460 0.6166349 0.6218164 0.6464692 0.6605323 0.0085092 0.9487479 0.9355471 1.8262769 1.9214982 1.9497037 
SRR11190800_Plant_BSJ-2_NC_024458           0.4924055 0.4873059 0.5966556 0.5037625 0.5052235 0.5501854 0.5806308 0.6088830 0.5914656 0.5936167 0.9725086 2.0971258 2.0800066 1.8748555 0.0126418 0.0133985 0.0134049 0.0063608 0.0000000 0.0142121 0.0148287 0.0140578 0.0000010 0.0069788 0.0067988 0.0143558 0.0071604 0.0166083 0.0154574 0.0071558 0.0068386 0.0165907 2.1845584 0.6442144 1.8936682 1.8782055 1.8643089 1.9037698 1.8827243 1.8038358 2.1872621 2.1452767 2.0958943 0.8164360 0.7485026 0.6816979 0.6164683 0.7072294 0.6841409 0.6713228 0.6959984 0.6616898 0.6526191 0.6534026 0.6574550 0.6788742 0.6557828 0.6542564 0.6621855 0.6628036 0.6615800 0.6516502 0.6408356 0.6465861 0.6249457 0.6522602 0.6584650 0.6395950 0.6415624 0.6530927 0.6822995 0.6857954 0.6790354 0.6799464 0.6240182 0.6472020 0.6239023 0.6530514 0.6342626 0.6106693 0.6303119 0.6498543 0.6517843 0.6598887 0.6449731 0.6494903 0.6788423 0.6920647 0.0153622 0.9784810 0.9639646 1.9144240 1.9907430 2.0565354 
SRR11603189_RR-peel-3_NC_024458             0.4901567 0.4850603 0.5890278 0.5015764 0.5029988 0.5487846 0.5773921 0.6068561 0.5947832 0.5956717 0.9639179 2.1081980 2.0949950 1.8599840 0.0009360 0.0018703 0.0015580 0.0052568 0.0142121 0.0000000 0.0108644 0.0000010 0.0142121 0.0049195 0.0045867 0.0102333 0.0049339 0.0161731 0.0113317 0.0049307 0.0049329 0.0167979 2.1948397 0.6383724 1.9007366 1.8796698 1.8654264 1.8905890 1.8854436 1.8091827 2.1982368 2.1508584 2.0971805 0.7811339 0.7161130 0.6628630 0.6047345 0.6827234 0.6618167 0.6633717 0.6957651 0.6646520 0.6541807 0.6549648 0.6584753 0.6739227 0.6565038 0.6539267 0.6613544 0.6618943 0.6606684 0.6497760 0.6404716 0.6449629 0.6240494 0.6527689 0.6591062 0.6386836 0.6411994 0.6533258 0.6778388 0.6808414 0.6740852 0.6760906 0.6235675 0.6468203 0.6224234 0.6532945 0.6350963 0.6093961 0.6257752 0.6421123 0.6439060 0.6549260 0.6397627 0.6472525 0.6734585 0.6848101 0.0154066 0.9669698 0.9560940 1.9057930 1.9792591 2.0370456 
SRR11190796_Plant_FR-2_NC_024458            0.4896720 0.4845745 0.5922339 0.5011649 0.5030058 0.5483533 0.5767967 0.6078828 0.5938578 0.6026419 0.9816773 2.0924636 2.0794078 1.8503817 0.0092991 0.0100622 0.0100671 0.0057265 0.0148287 0.0108644 0.0000000 0.0107097 0.0148287 0.0061881 0.0060105 0.0000010 0.0057262 0.0176007 0.0113135 0.0058825 0.0058851 0.0180684 2.1929938 0.6410671 1.8865333 1.8642506 1.8527045 1.8826281 1.8778614 1.8003001 2.1763499 2.1496051 2.0879698 0.7996761 0.7394502 0.6691654 0.6199613 0.6996440 0.6769505 0.6794112 0.6950978 0.6635998 0.6544950 0.6552774 0.6576046 0.6745813 0.6561680 0.6529840 0.6594766 0.6605311 0.6593084 0.6476937 0.6395580 0.6440377 0.6243404 0.6531655 0.6557980 0.6374958 0.6402824 0.6529960 0.6787306 0.6822240 0.6746632 0.6753672 0.6226494 0.6454201 0.6222043 0.6528126 0.6353364 0.6086358 0.6297911 0.6467673 0.6485622 0.6577241 0.6446339 0.6513264 0.6765065 0.6886852 0.0164935 0.9819756 0.9716303 1.9064933 1.9823099 2.0474056 
SRR11603187_RR-pulp-2_NC_024458             0.4899936 0.4848956 0.5883503 0.5015659 0.5028395 0.5488037 0.5774287 0.6069111 0.5948305 0.5949906 0.9635077 2.1088809 2.0956667 1.8571771 0.0007803 0.0018711 0.0015587 0.0050989 0.0140578 0.0000010 0.0107097 0.0000000 0.0140578 0.0047620 0.0044297 0.0100784 0.0047760 0.0160187 0.0111772 0.0047729 0.0047750 0.0166437 2.1938138 0.6368171 1.8967568 1.8757367 1.8639386 1.8890886 1.8839459 1.8072385 2.1965974 2.1492592 2.0978523 0.7811339 0.7161130 0.6628630 0.6047345 0.6827234 0.6618167 0.6633717 0.6941134 0.6630554 0.6525875 0.6533735 0.6568859 0.6731196 0.6549048 0.6523326 0.6597534 0.6602925 0.6590677 0.6481891 0.6388854 0.6433748 0.6224721 0.6511745 0.6575062 0.6370999 0.6396097 0.6517313 0.6770356 0.6800381 0.6732824 0.6752884 0.6219926 0.6452342 0.6208484 0.6517008 0.6334963 0.6078295 0.6256372 0.6413203 0.6431143 0.6541282 0.6389455 0.6456834 0.6726597 0.6840060 0.0154093 0.9665601 0.9556830 1.9042976 1.9790953 2.0369103 
SRR11190791_Plant_BSJ-1_NC_024458           0.4924055 0.4873059 0.5966556 0.5037625 0.5052235 0.5501854 0.5806308 0.6088830 0.5914656 0.5936167 0.9725086 2.0971258 2.0800066 1.8748555 0.0126418 0.0133985 0.0134049 0.0063608 0.0000010 0.0142121 0.0148287 0.0140578 0.0000000 0.0069788 0.0067988 0.0143558 0.0071604 0.0166083 0.0154574 0.0071558 0.0068386 0.0165907 2.1845584 0.6442144 1.8936682 1.8782055 1.8643089 1.9037698 1.8827243 1.8038358 2.1872621 2.1452767 2.0958943 0.8164360 0.7485026 0.6816979 0.6164683 0.7072294 0.6841409 0.6713228 0.6959984 0.6616898 0.6526191 0.6534026 0.6574550 0.6788742 0.6557828 0.6542564 0.6621855 0.6628036 0.6615800 0.6516502 0.6408356 0.6465861 0.6249457 0.6522602 0.6584650 0.6395950 0.6415624 0.6530927 0.6822995 0.6857954 0.6790354 0.6799464 0.6240182 0.6472020 0.6239023 0.6530514 0.6342626 0.6106693 0.6303119 0.6498543 0.6517843 0.6598887 0.6449731 0.6494903 0.6788423 0.6920647 0.0153622 0.9784810 0.9639646 1.9144240 1.9907430 2.0565354 
SRR11190798_Plant_DH-3_NC_024458            0.4787856 0.4741316 0.5748446 0.4903660 0.4891615 0.5369201 0.5615419 0.5917500 0.5754434 0.5798658 0.9500731 2.0496664 2.0329487 1.8104648 0.0036519 0.0042791 0.0041202 0.0003182 0.0069788 0.0049195 0.0061881 0.0047620 0.0069788 0.0000000 0.0000010 0.0055527 0.0004779 0.0039522 0.0060221 0.0004776 0.0004778 0.0031549 2.1423369 0.6181687 1.8496720 1.8308538 1.8159447 1.8505013 1.8360754 1.7539449 2.1335360 2.1089040 2.0375492 0.7743110 0.6996099 0.6540715 0.5903695 0.6752668 0.6541796 0.6532144 0.6765850 0.6465049 0.6363313 0.6371429 0.6424366 0.6568607 0.6395097 0.6373668 0.6442176 0.6449757 0.6437514 0.6333385 0.6249018 0.6272380 0.6078404 0.6360122 0.6405124 0.6214796 0.6253841 0.6363540 0.6606331 0.6638007 0.6577051 0.6579734 0.6066541 0.6293764 0.6058296 0.6362585 0.6181004 0.5932692 0.6103239 0.6285790 0.6308645 0.6386488 0.6234800 0.6261694 0.6557880 0.6691548 0.0083027 0.9527938 0.9416003 1.8547207 1.9491967 1.9612896 
SRR11190801_Plant_DH-2_NC_024458            0.4817453 0.4766374 0.5794654 0.4924010 0.4914906 0.5390514 0.5646368 0.5948232 0.5793770 0.5844721 0.9575076 2.0521876 2.0355154 1.8163794 0.0033233 0.0039489 0.0037906 0.0003172 0.0067988 0.0045867 0.0060105 0.0044297 0.0067988 0.0000010 0.0000000 0.0053771 0.0003177 0.0040998 0.0056862 0.0003175 0.0003176 0.0033042 2.1604674 0.6200360 1.8521437 1.8333441 1.8184499 1.8541293 1.8414697 1.7633137 2.1493353 2.1115889 2.0446344 0.7786339 0.7003249 0.6532859 0.5910207 0.6779896 0.6568471 0.6588807 0.6793561 0.6497158 0.6385673 0.6393748 0.6437908 0.6602757 0.6427407 0.6393478 0.6459724 0.6467307 0.6455075 0.6355738 0.6263878 0.6296658 0.6099938 0.6392415 0.6432271 0.6239454 0.6268720 0.6395813 0.6640441 0.6672098 0.6611197 0.6613816 0.6096002 0.6313597 0.6080158 0.6394856 0.6200867 0.5952862 0.6132461 0.6307245 0.6331893 0.6415025 0.6261210 0.6285335 0.6578507 0.6720225 0.0080872 0.9614475 0.9489903 1.8550339 1.9480076 1.9706242 
SRR11190797_Plant_FR-1_NC_024458            0.4890039 0.4839070 0.5910182 0.5010220 0.5028635 0.5482257 0.5764013 0.6067247 0.5927117 0.6016947 0.9807769 2.0891561 2.0761204 1.8477228 0.0086676 0.0094322 0.0094368 0.0050896 0.0143558 0.0102333 0.0000010 0.0100784 0.0143558 0.0055527 0.0053771 0.0000000 0.0050893 0.0169643 0.0106837 0.0052459 0.0052482 0.0174322 2.1899826 0.6392641 1.8839748 1.8617207 1.8501890 1.8800752 1.8753144 1.7964714 2.1750758 2.1464732 2.0846785 0.7925783 0.7327320 0.6670476 0.6159786 0.6953171 0.6727238 0.6765537 0.6940372 0.6625625 0.6535925 0.6543763 0.6565696 0.6727802 0.6548110 0.6519439 0.6584356 0.6594895 0.6582670 0.6466570 0.6385174 0.6429977 0.6239502 0.6516101 0.6552721 0.6364561 0.6392398 0.6516421 0.6769269 0.6804181 0.6728625 0.6735687 0.6218998 0.6443824 0.6211629 0.6514593 0.6342841 0.6078860 0.6282930 0.6449968 0.6467918 0.6564217 0.6428070 0.6495846 0.6752365 0.6868721 0.0159413 0.9821588 0.9707342 1.9021183 1.9789491 2.0430956 
SRR11603184_GW-peel-1_NC_024458             0.4728987 0.4678192 0.5690296 0.4835628 0.4820694 0.5286626 0.5538928 0.5850593 0.5693603 0.5742137 0.9490698 2.0220162 2.0082082 1.8007016 0.0035030 0.0039737 0.0039749 0.0006391 0.0071604 0.0049339 0.0057262 0.0047760 0.0071604 0.0004779 0.0003177 0.0050893 0.0000000 0.0054019 0.0052413 0.0000010 0.0000010 0.0060398 2.1247632 0.6175444 1.8246748 1.8093208 1.7979279 1.8225329 1.8097203 1.7371675 2.1178311 2.0813569 2.0065258 0.7580164 0.6805807 0.6440392 0.5796250 0.6702636 0.6470730 0.6476465 0.6724337 0.6428017 0.6339192 0.6353936 0.6389535 0.6539391 0.6363374 0.6302314 0.6354500 0.6362012 0.6349811 0.6280382 0.6184622 0.6235810 0.6017849 0.6327456 0.6375051 0.6156260 0.6189679 0.6331827 0.6576795 0.6608894 0.6541080 0.6562851 0.6022308 0.6228430 0.6000077 0.6329943 0.6165320 0.5893022 0.6069685 0.6258148 0.6276284 0.6360703 0.6215944 0.6255505 0.6514102 0.6646846 0.0081360 0.9548028 0.9405778 1.8292369 1.9208360 1.9281983 
SRR11190795_Plant_FR-3_NC_024458            0.4915084 0.4864103 0.5950416 0.5049489 0.5039422 0.5521306 0.5807054 0.6150091 0.5973288 0.5964286 0.9845903 2.1004047 2.0848083 1.8754329 0.0141148 0.0150364 0.0150437 0.0050831 0.0166083 0.0161731 0.0176007 0.0160187 0.0166083 0.0039522 0.0040998 0.0169643 0.0054019 0.0000000 0.0180705 0.0053984 0.0054008 0.0097126 2.2062144 0.6413484 1.8921624 1.8765141 1.8702425 1.9152741 1.8865062 1.8117935 2.1944751 2.1623670 2.0945544 0.7931801 0.7278645 0.6667469 0.6119355 0.6970210 0.6770601 0.6744358 0.6931533 0.6633217 0.6545246 0.6553063 0.6578184 0.6837843 0.6571827 0.6531023 0.6592771 0.6606459 0.6594240 0.6493381 0.6398909 0.6441575 0.6232306 0.6531789 0.6602968 0.6370474 0.6406154 0.6540103 0.6877131 0.6912212 0.6839446 0.6853447 0.6232143 0.6455451 0.6213139 0.6536891 0.6341420 0.6097826 0.6344722 0.6514661 0.6532593 0.6648262 0.6483932 0.6510625 0.6807388 0.6944066 0.0185605 0.9885679 0.9751918 1.9027891 1.9976128 2.0450423 
SRR11190793_Plant_BR-2_NC_024458            0.4936696 0.4886082 0.5957053 0.5041567 0.5064391 0.5523168 0.5816300 0.6123059 0.5984273 0.6026947 0.9775227 2.1078112 2.0928413 1.8765707 0.0097700 0.0105346 0.0102187 0.0060415 0.0154574 0.0113317 0.0113135 0.0111772 0.0154574 0.0060221 0.0056862 0.0106837 0.0052413 0.0180705 0.0000000 0.0052379 0.0052402 0.0177206 2.2119096 0.6444068 1.9017431 1.8741782 1.8637193 1.9046060 1.8971508 1.8156521 2.2089883 2.1666419 2.1074869 0.7966220 0.7261135 0.6733824 0.6128405 0.6922703 0.6710722 0.6718448 0.6962099 0.6660593 0.6556954 0.6564763 0.6605309 0.6820350 0.6577896 0.6546805 0.6632554 0.6643140 0.6630883 0.6516776 0.6412473 0.6462229 0.6254764 0.6541185 0.6596448 0.6395370 0.6419755 0.6546137 0.6854640 0.6889653 0.6821147 0.6825729 0.6251314 0.6470490 0.6238921 0.6543527 0.6379232 0.6111862 0.6330318 0.6515935 0.6533853 0.6627799 0.6478529 0.6517066 0.6819757 0.6926913 0.0161096 0.9793724 0.9689386 1.9079478 1.9959044 2.0564019 
SRR11603183_GW-peel-2_NC_024458             0.4729301 0.4678538 0.5693061 0.4840416 0.4825476 0.5288421 0.5549641 0.5853515 0.5696603 0.5756589 0.9499063 2.0328620 2.0189688 1.8027426 0.0035013 0.0039711 0.0039723 0.0007984 0.0071558 0.0049307 0.0058825 0.0047729 0.0071558 0.0004776 0.0003175 0.0052459 0.0000010 0.0053984 0.0052379 0.0000000 0.0000010 0.0060358 2.1386378 0.6191932 1.8313489 1.8143192 1.8043091 1.8305994 1.8179487 1.7431176 2.1224448 2.0883970 2.0125711 0.7606839 0.6830255 0.6449957 0.5805506 0.6712383 0.6488145 0.6493866 0.6745699 0.6446632 0.6359880 0.6374611 0.6410180 0.6565544 0.6382041 0.6322942 0.6383747 0.6391289 0.6379063 0.6300962 0.6210030 0.6251222 0.6033171 0.6348996 0.6395794 0.6178680 0.6215134 0.6350438 0.6602973 0.6635105 0.6567227 0.6588986 0.6045440 0.6254168 0.6022370 0.6353319 0.6189107 0.5913389 0.6092220 0.6283787 0.6301923 0.6386564 0.6232124 0.6272085 0.6540074 0.6678395 0.0081295 0.9551247 0.9414143 1.8322104 1.9230988 1.9333262 
SRR11603182_GW-peel-3_NC_024458             0.4733145 0.4685151 0.5696291 0.4845833 0.4832304 0.5297084 0.5554206 0.5853951 0.5696646 0.5760423 0.9498621 2.0305471 2.0166696 1.8004632 0.0035028 0.0039728 0.0039741 0.0007988 0.0068386 0.0049329 0.0058851 0.0047750 0.0068386 0.0004778 0.0003176 0.0052482 0.0000010 0.0054008 0.0052402 0.0000010 0.0000000 0.0060385 2.1323088 0.6207085 1.8278706 1.8124882 1.7992832 1.8278847 1.8130781 1.7434367 2.1285839 2.0881092 2.0152939 0.7581007 0.6871345 0.6409402 0.5838655 0.6692863 0.6455346 0.6437097 0.6740479 0.6436687 0.6349905 0.6364647 0.6403149 0.6563907 0.6372040 0.6312982 0.6378898 0.6386439 0.6374211 0.6293930 0.6197132 0.6244174 0.6023188 0.6339008 0.6385804 0.6171644 0.6202215 0.6340454 0.6604683 0.6633489 0.6565591 0.6587359 0.6035467 0.6247142 0.6015327 0.6341489 0.6176038 0.5906341 0.6090433 0.6282085 0.6300228 0.6384884 0.6230356 0.6287443 0.6543291 0.6671129 0.0081368 0.9550829 0.9413663 1.8361231 1.9265549 1.9296710 
Pitaya_virus_X                              0.4932163 0.4881172 0.5963111 0.5042107 0.5054510 0.5525868 0.5805128 0.6143531 0.5976160 0.5980843 0.9868484 2.0872375 2.0755858 1.8714524 0.0145832 0.0159906 0.0156716 0.0046000 0.0165907 0.0167979 0.0180684 0.0166437 0.0165907 0.0031549 0.0033042 0.0174322 0.0060398 0.0097126 0.0177206 0.0060358 0.0060385 0.0000000 2.2206713 0.6456234 1.8797545 1.8550281 1.8426053 1.8864618 1.8674723 1.7990803 2.2029158 2.1503728 2.1021791 0.8076215 0.7391947 0.6734309 0.6198253 0.7021665 0.6792321 0.6817905 0.6918710 0.6604545 0.6529793 0.6536252 0.6576642 0.6785415 0.6524716 0.6498508 0.6560835 0.6574457 0.6562279 0.6470878 0.6369437 0.6418579 0.6210101 0.6495858 0.6549569 0.6351751 0.6376608 0.6494547 0.6819641 0.6854572 0.6787662 0.6800139 0.6204355 0.6423217 0.6191426 0.6498219 0.6331564 0.6062866 0.6280837 0.6464415 0.6487593 0.6602411 0.6423233 0.6529410 0.6751846 0.6887620 0.0181700 0.9900827 0.9781777 1.9073692 1.9999578 2.0302752 
Clover_yellow_mosaic_virus                  1.9610218 1.9511599 2.1943257 1.9428886 1.9583165 2.0671734 2.1353986 2.2209926 2.2154874 2.2359397 2.1650823 2.0422518 2.0148577 1.8822109 2.1890773 2.2103084 2.2106306 2.1355768 2.1845584 2.1948397 2.1929938 2.1938138 2.1845584 2.1423369 2.1604674 2.1899826 2.1247632 2.2062144 2.2119096 2.1386378 2.1323088 2.2206713 0.0000000 2.2149251 1.9816447 1.9787635 1.9587015 1.9971235 1.9950421 1.9266620 2.0317053 2.1742989 2.0218354 3.1818904 2.8086478 2.2183079 2.2696940 2.4623528 2.4376493 2.6447880 2.3295628 2.2060387 2.1982858 2.1967112 2.2115011 2.2316180 2.2004681 2.2227005 2.2337731 2.2317922 2.2280175 2.1926265 2.1991051 2.1702187 2.1197276 2.2033425 2.2274322 2.1690199 2.1961546 2.1975628 2.2375734 2.2365104 2.2365606 2.2306167 2.1256991 2.1956015 2.1369554 2.1944571 2.1377288 2.0821431 2.1202334 2.2242342 2.2306728 2.2564373 2.1294150 2.2310502 2.2194688 2.2662039 2.2766293 2.1420369 2.1506904 2.0152418 1.9844534 2.0773475 
Cactus_virus_X_SCM51431                     0.6207475 0.6162798 0.7242994 0.6310254 0.6243607 0.6834265 0.7093273 0.7263776 0.7179163 0.7096000 0.9840663 2.1324992 2.1482159 1.8594339 0.6325583 0.6372488 0.6371460 0.6145794 0.6442144 0.6383724 0.6410671 0.6368171 0.6442144 0.6181687 0.6200360 0.6392641 0.6175444 0.6413484 0.6444068 0.6191932 0.6207085 0.6456234 2.2149251 0.0000000 1.9026000 1.9263877 1.8977633 1.8814573 1.8909198 1.8958950 2.1717994 2.0953733 2.0285772 0.5630315 0.0150294 0.3343138 0.0182699 0.4956057 0.4984579 0.5083210 0.3983794 0.3649365 0.3662080 0.3640166 0.3602314 0.4998620 0.3570698 0.3638629 0.3639495 0.3639581 0.3633957 0.3598467 0.3557606 0.3526772 0.3408798 0.3576761 0.3637304 0.3511334 0.3558602 0.3569370 0.5077410 0.5089295 0.4989180 0.5034446 0.3409743 0.3609970 0.3427046 0.3574252 0.3468713 0.3331589 0.4657503 0.4881475 0.4910382 0.4963283 0.4781753 0.0236133 0.5106226 0.5046502 0.6703608 0.9858570 0.9912752 2.1152404 2.1512589 2.1182926 
Alternanthera_mosaic_virus_AY863024         1.7681194 1.7658996 2.0281713 1.7696829 1.8288017 1.8844845 1.9754156 2.0391448 2.0552728 2.0180795 2.0247701 2.0526009 2.0517853 1.6976229 1.8732089 1.8842974 1.8829639 1.8218485 1.8936682 1.9007366 1.8865333 1.8967568 1.8936682 1.8496720 1.8521437 1.8839748 1.8246748 1.8921624 1.9017431 1.8313489 1.8278706 1.8797545 1.9816447 1.9026000 0.0000000 0.0411092 0.0570555 0.0665212 0.0562246 0.3481408 2.0476506 2.0170241 2.0407027 2.3862521 2.3677601 2.0178522 2.0094108 2.0474834 2.0332815 1.9883473 2.0031832 1.9082966 1.8902357 1.8907247 1.9038798 1.9195441 1.8930156 1.8862116 1.8768359 1.8762511 1.8757135 1.8740985 1.8548371 1.8801194 1.8374791 1.8987938 1.8965194 1.8601514 1.8527905 1.8852238 1.9221250 1.9279499 1.9278776 1.9187785 1.8295468 1.8677912 1.8168061 1.8978660 1.8384420 1.7990597 1.8075284 1.8739533 1.8709434 1.8944380 1.8507221 1.8780854 1.9451461 1.9555742 1.8901553 2.0374570 2.0222470 0.9393499 0.9648192 0.9927815 
Alternanthera_mosaic_virus_GQ179647         1.7453973 1.7433230 1.9977370 1.7713614 1.8198702 1.8818113 1.9691072 2.0178005 2.0355361 2.0379747 2.0329834 2.0386809 2.0458802 1.7309976 1.8521157 1.8649155 1.8635905 1.7997808 1.8782055 1.8796698 1.8642506 1.8757367 1.8782055 1.8308538 1.8333441 1.8617207 1.8093208 1.8765141 1.8741782 1.8143192 1.8124882 1.8550281 1.9787635 1.9263877 0.0411092 0.0000000 0.0424348 0.0779668 0.0706797 0.3599363 2.0639457 2.0514629 2.0444617 2.4426060 2.4803771 2.0626436 2.0390170 2.0664475 2.0561604 1.9920669 2.0358343 1.9257219 1.9094609 1.9151171 1.9261589 1.9057312 1.9020721 1.9098649 1.9015973 1.8985173 1.8962822 1.8998173 1.8774321 1.8964824 1.8580738 1.9055939 1.9148279 1.8830451 1.8770740 1.8966626 1.9114995 1.9167350 1.9139964 1.9066672 1.8418046 1.8891001 1.8420510 1.9043148 1.8516039 1.8163694 1.8097631 1.8753105 1.8722944 1.9046717 1.8506762 1.9078979 1.9419869 1.9537348 1.8584412 2.0362760 2.0287484 0.9369495 0.9766064 1.0021215 
Alternanthera_mosaic_virus_GQ179646         1.7564558 1.7529540 1.9675764 1.7781153 1.8267787 1.8945327 1.9958706 2.0271891 2.0090392 2.0332277 2.0227483 2.0010846 2.0079390 1.6954085 1.8417863 1.8496813 1.8483626 1.7950666 1.8643089 1.8654264 1.8527045 1.8639386 1.8643089 1.8159447 1.8184499 1.8501890 1.7979279 1.8702425 1.8637193 1.8043091 1.7992832 1.8426053 1.9587015 1.8977633 0.0570555 0.0424348 0.0000000 0.0478017 0.0663830 0.3552941 2.0394068 2.0069235 2.0126335 2.4344167 2.4645887 2.0421629 2.0338674 2.0657013 2.0652260 1.9870887 2.0190439 1.9167528 1.8909064 1.8974609 1.9181895 1.8968620 1.8937814 1.9037874 1.8892292 1.8861679 1.8856293 1.8843892 1.8550535 1.8811269 1.8398167 1.8967103 1.9017238 1.8702559 1.8546764 1.8883889 1.9013499 1.9060076 1.9050846 1.8961179 1.8327040 1.8774865 1.8302467 1.8958355 1.8402639 1.8037998 1.7945895 1.8665774 1.8637902 1.9013480 1.8361425 1.8763773 1.9334424 1.9442321 1.8341804 2.0266926 2.0166555 0.9438132 0.9724353 0.9883842 
Alternanthera_mosaic_virus_FJ822136         1.7396069 1.7372084 1.9652800 1.7525108 1.7879149 1.8603115 1.9541841 1.9798157 1.9725597 2.0223587 2.0259603 2.0163881 2.0235087 1.6961718 1.8689873 1.8783679 1.8770374 1.8289829 1.9037698 1.8905890 1.8826281 1.8890886 1.9037698 1.8505013 1.8541293 1.8800752 1.8225329 1.9152741 1.9046060 1.8305994 1.8278847 1.8864618 1.9971235 1.8814573 0.0665212 0.0779668 0.0478017 0.0000000 0.0564075 0.3450736 2.0678042 1.9895596 1.9920791 2.5614097 2.3263155 2.0256446 1.9567774 2.1130076 2.0848466 1.9907600 2.0091255 1.9050280 1.8936927 1.8910120 1.9020141 1.9352795 1.8887164 1.8819511 1.8731339 1.8725488 1.8720109 1.8758657 1.8455331 1.8744041 1.8300972 1.8867399 1.8833728 1.8586772 1.8434584 1.8833394 1.9404800 1.9423664 1.9452326 1.9345871 1.8209666 1.8598224 1.8112468 1.8885022 1.8323076 1.7961186 1.8209401 1.8991258 1.8962381 1.9229857 1.8678886 1.8637651 1.9699327 1.9685211 1.8798534 2.0265308 2.0182527 0.9468388 0.9660763 0.9946020 
Alternanthera_mosaic_virus_MH423501         1.7373642 1.7369039 1.9768330 1.7464999 1.7943117 1.8632136 1.9651456 1.9917409 2.0064920 2.0196507 2.0092034 1.9772418 1.9749546 1.6575716 1.8595423 1.8694805 1.8681537 1.8195440 1.8827243 1.8854436 1.8778614 1.8839459 1.8827243 1.8360754 1.8414697 1.8753144 1.8097203 1.8865062 1.8971508 1.8179487 1.8130781 1.8674723 1.9950421 1.8909198 0.0562246 0.0706797 0.0663830 0.0564075 0.0000000 0.3464611 2.0299089 1.9625160 1.9707301 2.5066571 2.4897022 2.0160568 1.9910045 2.0566892 2.0448788 1.9767167 1.9503790 1.8650902 1.8348999 1.8306468 1.8444544 1.8915962 1.8536360 1.8407428 1.8358391 1.8352561 1.8349138 1.8269306 1.8092488 1.8235887 1.7868351 1.8559016 1.8311560 1.8146468 1.8072153 1.8483537 1.8959861 1.9002643 1.9012759 1.8924913 1.7824325 1.8224573 1.7681196 1.8541258 1.7825441 1.7394802 1.7757118 1.8507754 1.8478613 1.8652228 1.8168825 1.8703219 1.9093360 1.9179245 1.8757105 2.0061408 2.0056983 0.9495941 0.9728671 0.9911106 
Alternanthera_mosaic_virus_LC107515         1.7356747 1.7333200 1.9610922 1.7334849 1.7792292 1.8603530 1.9486668 1.9993864 1.9992740 1.9973117 2.0721940 1.9938462 1.9861353 1.6548969 1.7944671 1.8028076 1.8015093 1.7351999 1.8038358 1.8091827 1.8003001 1.8072385 1.8038358 1.7539449 1.7633137 1.7964714 1.7371675 1.8117935 1.8156521 1.7431176 1.7434367 1.7990803 1.9266620 1.8958950 0.3481408 0.3599363 0.3552941 0.3450736 0.3464611 0.0000000 2.0348872 1.9516197 1.8680621 2.3462608 2.4325138 2.0333964 2.0539684 1.9695376 1.9484517 1.9014797 1.8935727 1.8117986 1.7901481 1.7863531 1.8069033 1.8212784 1.7955337 1.8024667 1.8220946 1.8200956 1.8221179 1.7884345 1.7934271 1.7823965 1.7460549 1.8074218 1.7983542 1.7915119 1.7924879 1.7921730 1.8222885 1.8218378 1.8259317 1.8227977 1.7493543 1.7921382 1.7516145 1.8055016 1.7693190 1.7065228 1.7377391 1.7847219 1.7888211 1.8081470 1.7345066 1.8858061 1.8703212 1.8795663 1.7716048 2.0305898 2.0754759 0.9084969 0.9020651 0.9722951 
