91
Clover_yellow_mosaic_virus                  0.0000000 1.1404571 1.2883087 1.1897371 1.5984521 1.4654281 1.4510986 1.8409091 1.8195601 1.3727853 1.2135807 1.3448877 1.3402380 1.3259603 1.2821262 1.3259603 1.6418418 1.6475758 1.6475758 1.2379366 1.2062606 1.1937289 1.1375322 1.1909566 1.1909566 1.0887189 1.0887189 1.1429935 1.1154397 1.2900164 1.3163460 1.3163460 1.2654671 1.3040577 1.2914921 1.2710144 1.3065354 1.2138237 1.2138237 1.3299411 1.3236147 1.3236147 1.2859646 1.3073204 1.3073204 1.3324619 1.3324619 1.4130393 1.2951130 1.2951130 1.2648475 1.1933234 1.2444431 1.3170210 1.2353522 1.2812802 1.3165928 1.2774557 1.2714307 1.2714307 1.2259834 1.2635313 1.3955235 1.4371540 1.3774713 1.3797006 1.2959405 1.3233824 1.3340454 1.3471959 1.3076772 1.2969124 1.2969124 1.3046963 1.2751784 1.3046963 1.3233774 1.3054774 1.2715860 1.2728496 1.3161103 1.3462555 1.3085339 1.2818892 1.2821485 1.2783589 1.2922163 1.3301619 1.3148128 1.3250159 1.3250159 
Hydrangea_ringspot_virus                    1.1404571 0.0000000 1.3621535 1.2533110 1.4732954 1.4028746 1.3986267 2.5215746 2.9161300 1.7776291 1.7308575 1.7136009 1.7631888 1.7931737 1.7139829 1.7931737 1.8028292 1.8096430 1.8096430 1.8441070 1.6424855 1.7098903 1.7143039 1.6199926 1.6199926 1.6532660 1.6532660 1.5709856 1.4722959 1.5675051 1.5505372 1.5505372 1.4094407 1.4762661 1.4606685 1.5919357 1.5991493 1.4172893 1.4172893 1.5727548 1.5803316 1.5803316 1.5869796 1.5757999 1.5757999 1.5683686 1.5683686 1.6597657 1.3084295 1.3084295 1.3207896 1.2649051 1.2953916 1.3677934 1.3518286 1.2962106 1.3749215 1.3704322 1.4118119 1.4118119 1.3522819 1.3821634 1.5050352 1.4645235 1.4995875 1.5574167 1.7823271 1.7244239 1.7305634 1.7503047 1.7820765 1.7608040 1.7608040 1.7420460 1.7131496 1.7420460 1.7296009 1.7422610 1.7244441 1.6571338 1.7166551 1.8140695 1.6930342 1.7454489 1.6715021 1.6380305 1.6106672 1.6443711 1.6585588 1.7118068 1.7118068 
Plantago_asiatica_mosaic_virus__KU697313    1.2883087 1.3621535 0.0000000 0.2812310 0.3430412 0.2850529 0.2843434 2.0203005 5.6239971 2.5834853 1.7497371 1.5284711 1.6642311 1.6521498 1.6216392 1.6521498 1.7717224 1.8265696 1.8265696 1.5855736 1.5288593 1.5986603 1.5548302 1.5380679 1.5380679 1.5245773 1.5245773 1.4726068 1.4597550 2.1584438 2.2139078 2.2139078 2.0283981 2.1189444 2.0898740 2.1499391 2.1610601 2.0219435 2.0219435 2.2361821 2.2272033 2.2272033 2.1954197 2.1760433 2.1760433 2.1954707 2.1954707 1.6728652 1.6244264 1.6244264 1.6726975 1.6532002 1.6684260 1.6532570 1.5878935 1.6624603 1.6963384 1.6890666 1.6943950 1.6943950 1.5860084 1.6462161 1.9564283 1.9006482 1.9283239 1.9095281 2.1918525 2.0580340 2.1241903 2.1508623 2.1617484 2.2131785 2.2131785 2.1859798 2.1989402 2.1859798 2.2265337 2.2159509 2.1537201 2.1847080 2.1891575 2.4008803 2.2327074 2.2772312 2.2067415 2.0972108 2.1129524 2.1022049 2.1229069 2.1715153 2.1715153 
Nandina_mosaic_virus                        1.1897371 1.2533110 0.2812310 0.0000000 0.2952528 0.2582541 0.2533912 1.9369911 3.3538250 2.2731277 1.6569269 1.5925121 1.5615406 1.6190134 1.6052174 1.6190134 1.4663061 1.5089683 1.5089683 1.7277728 1.5953187 1.7388518 1.6863768 1.5899529 1.5899529 1.5688704 1.5688704 1.6389895 1.5434857 1.8821855 1.8680776 1.8680776 1.7110189 1.7695700 1.7484512 1.8555409 1.8645230 1.7239277 1.7239277 1.8860300 1.8591442 1.8591442 1.8410805 1.8266636 1.8266636 1.8776414 1.8776414 1.7567612 1.7028965 1.7028965 1.7357032 1.6887322 1.6946782 1.6470985 1.7071240 1.7246681 1.7784261 1.7521346 1.7577868 1.7577868 1.6883768 1.7080380 1.6204070 1.5762039 1.5981495 1.5845276 1.9660900 1.9160159 1.9091393 1.9312584 1.9404244 1.9830840 1.9830840 1.9609948 1.9272446 1.9609948 2.0435684 2.0624194 1.8896634 1.9443583 1.9435687 2.1193515 1.9645056 2.0166477 1.9622041 1.9111468 1.9263201 1.8955932 1.8855401 1.9373643 1.9373643 
Plantago_asiatica_mosaic_virus__LC155795    1.5984521 1.4732954 0.3430412 0.2952528 0.0000000 0.2583990 0.2635896 1.9213037 3.3342709 2.8560639 1.6001088 1.5381771 1.5242769 1.5392885 1.5260844 1.5392885 1.7016032 1.7350243 1.7350243 1.6873566 1.7143178 1.7262460 1.7129699 1.6989202 1.6989202 1.5940034 1.5940034 1.6761294 1.6098677 2.2344987 2.2179454 2.2179454 2.0313048 2.0567292 2.0685206 2.2011127 2.2123998 2.0368753 2.0368753 2.1681175 2.2064483 2.2064483 2.1864188 2.1561673 2.1561673 2.2750866 2.2750866 1.7298278 1.8568045 1.8568045 1.8941848 1.8357819 1.8800013 1.7952194 1.8614482 1.8813536 1.9624426 1.9320240 1.8402314 1.8402314 1.7674527 1.7877066 2.1598479 2.0970889 2.1751533 2.1059881 3.0610360 2.7778829 2.9545879 2.9989479 3.0162726 3.1379274 3.1379274 3.0899390 3.0508117 3.0899390 3.1195592 2.9148686 2.9475375 2.9155533 2.9622690 3.1930100 2.9540480 3.0498857 2.9497449 2.8696078 2.8035330 2.8081785 2.8404054 2.9755620 2.9755620 
Plantago_asiatica_mosaic_virus__KT717325    1.4654281 1.4028746 0.2850529 0.2582541 0.2583990 0.0000000 0.0091217 2.2816029 3.2680993 2.0521115 1.7626772 1.7790766 1.8760724 1.6372586 1.7482249 1.6372586 1.6324067 1.6158994 1.6158994 1.7188094 1.6777196 1.8103661 1.7029104 1.5997485 1.5997485 1.5799660 1.5799660 1.6595418 1.6193273 1.8565982 1.8873224 1.8873224 1.7065644 1.7498133 1.7290573 1.8300727 1.8389202 1.6682106 1.6682106 1.8042256 1.8338520 1.8338520 1.8351120 1.8017654 1.8017654 1.8827428 1.8827428 2.2052352 1.6023597 1.6023597 1.6699358 1.6218436 1.6564464 1.5566133 1.5671843 1.6221814 1.6715444 1.6646397 1.6047948 1.6047948 1.5260325 1.5601898 2.0396083 2.0440991 2.0104604 1.9905520 2.3747210 2.1732630 2.3007207 2.3303065 2.2927882 2.3479217 2.3479217 2.3184541 2.2340035 2.3184541 2.3030672 2.3242370 2.1887680 2.2279928 2.2785125 2.3906805 2.2254673 2.2944238 2.2502584 2.1696195 2.1553863 2.1402255 2.1611523 2.2456732 2.2456732 
Plantago_asiatica_mosaic_virus__KU159093    1.4510986 1.3986267 0.2843434 0.2533912 0.2635896 0.0091217 0.0000000 2.1980622 3.4076472 2.1136069 1.8541787 1.7511426 1.9162558 1.6607008 1.7209308 1.6607008 1.6332062 1.6166270 1.6166270 1.7200188 1.6612953 1.7930138 1.6863198 1.6065666 1.6065666 1.5865308 1.5865308 1.6665550 1.6262280 1.8388196 1.8692329 1.8692329 1.6894457 1.7324015 1.7118658 1.8124402 1.8212335 1.6511353 1.6511353 1.8425084 1.8161716 1.8161716 1.8172617 1.7842086 1.7842086 1.8645294 1.8645294 2.1855698 1.5865818 1.5865818 1.6536149 1.6055692 1.6401043 1.5411273 1.5516911 1.6062387 1.6552499 1.6484527 1.5889967 1.5889967 1.5106631 1.5446543 2.0426210 2.0471454 2.0132941 1.9932514 2.3801728 2.1772734 2.3055928 2.3354182 2.2976114 2.3531905 2.3531905 2.3234730 2.2384361 2.3234730 2.3079867 2.3292980 2.1928777 2.2411569 2.2831979 2.3962404 2.2385226 2.2992386 2.2637290 2.1734599 2.1675581 2.1438847 2.1649689 2.2500413 2.2500413 
Senna_mosaic_virus                          1.8409091 2.5215746 2.0203005 1.9369911 1.9213037 2.2816029 2.1980622 0.0000000 1.5027409 1.4407574 1.0797725 0.9855374 1.0119838 0.9980096 0.9923718 0.9980096 2.2432902 2.2072068 2.2072068 3.1825864 2.7015453 2.8307687 2.8370563 2.3975696 2.3975696 2.3672970 2.3672970 2.5895069 2.3082071 2.1876836 2.2892324 2.2892324 2.0937900 2.0546792 2.0657731 2.2540505 2.2348669 1.9759375 1.9759375 2.2650574 2.1846048 2.1846048 2.1913817 2.1297791 2.1297791 2.2105369 2.2105369 1.8776744 2.1757456 2.1757456 2.2107610 2.1327956 2.1274128 2.1553390 2.1398583 2.2556383 2.2962837 2.2169956 2.3646872 2.3646872 2.2843043 2.3421372 2.4357757 2.5732469 2.4773304 2.6714610 2.5644367 2.4015150 2.4669572 2.4395505 2.5657238 2.5289584 2.5289584 2.4972292 2.4582410 2.4972292 2.4895535 2.4780850 2.4227687 2.5481369 2.4197265 2.5741393 2.5988723 2.5517251 2.5744311 2.6077294 2.5882789 2.5643182 2.5908460 2.6507732 2.6507732 
Babaco_mosaic_virus                         1.8195601 2.9161300 5.6239971 3.3538250 3.3342709 3.2680993 3.4076472 1.5027409 0.0000000 1.5505251 1.2325021 1.2855863 1.2958201 1.2226595 1.2706762 1.2226595 2.8163811 2.8918703 2.8918703 2.1615457 1.9919573 2.2339885 2.1926766 1.9074555 1.9074555 1.9058778 1.9058778 2.0523302 1.8456133 2.1793489 2.2546384 2.2546384 2.1042708 2.1597574 2.1709733 2.2439564 2.2546890 2.0651194 2.0651194 2.2099938 2.1762577 2.1762577 2.1513878 2.0983318 2.0983318 2.0707150 2.0707150 2.6161408 2.5531460 2.5531460 2.6478124 2.3795962 2.5476369 2.4046487 2.4433722 2.5032711 2.4468921 2.4510534 2.5633433 2.5633433 2.4667673 2.4881352 2.4610780 2.4674349 2.4779114 2.4106119 3.2088884 3.0784473 3.1525368 3.1117414 3.1762550 3.0238618 3.0238618 2.9810637 2.8746240 2.9810637 3.1109966 3.1010906 2.8539362 3.0337169 3.0976330 3.1438690 3.2184327 3.0151042 3.0679813 3.1399283 3.1164337 2.9729106 2.9604945 3.0848359 3.0848359 
Papaya_mosaic_virus                         1.3727853 1.7776291 2.5834853 2.2731277 2.8560639 2.0521115 2.1136069 1.4407574 1.5505251 0.0000000 1.0450717 1.4930018 1.5432959 1.3923595 1.4355650 1.3923595 4.6289969 4.5074536 4.5074536 2.0582099 1.8505342 1.9961280 1.9350549 1.7723656 1.7723656 1.6895330 1.6895330 1.8550660 1.7895135 2.3069789 2.2503655 2.2503655 2.0959723 2.1834895 2.1543669 2.3145871 2.2676728 2.0941815 2.0941815 2.3678294 2.3288710 2.3288710 2.2828360 2.2775549 2.2775549 2.3354148 2.3354148 2.1955427 2.1566423 2.1566423 2.0781012 2.0412425 2.0065349 2.1206586 2.1720789 2.2095569 2.2577751 2.1764626 2.1831473 2.1831473 2.0488714 2.1272564 3.0239310 2.9991070 3.0825636 3.1646151 3.5904902 3.2482993 3.6624668 3.6054910 3.5954799 3.4179069 3.4179069 3.4321701 3.3855867 3.4321701 3.5279315 3.6662994 3.2793384 3.5097941 3.4336689 3.3977854 3.4529056 3.5718450 3.5567703 3.5453061 3.5695867 3.6536753 3.6389146 3.6009494 3.6009494 
Alternanthera_mosaic_virus__LC107515        1.2135807 1.7308575 1.7497371 1.6569269 1.6001088 1.7626772 1.8541787 1.0797725 1.2325021 1.0450717 0.0000000 0.3243561 0.3057129 0.3316116 0.3301772 0.3316116 2.1323004 2.0967542 2.0967542 2.2345064 1.9882363 2.0003550 1.9786225 1.9051393 1.9051393 1.8545063 1.8545063 2.0463320 1.8953035 1.7043396 1.7234316 1.7234316 1.6043777 1.6721073 1.6537206 1.7304086 1.7380945 1.6364130 1.6364130 1.6936333 1.7014326 1.7014326 1.7357094 1.6972560 1.6972560 1.7405275 1.7405275 2.2875058 2.0810879 2.0810879 2.0686289 1.9630637 2.0089626 2.0279480 2.0453135 2.1036579 2.1948754 2.1164920 2.0162474 2.0162474 1.9653575 2.0307048 3.0693025 2.9736781 3.0561298 2.9982814 2.8811430 2.8174203 2.7850751 2.8902657 2.9398935 2.8495512 2.8495512 2.8092446 2.7811924 2.8092446 2.9862672 3.1159408 2.9568330 2.8364511 2.8593197 3.0627331 2.9381721 2.9862568 2.8686874 2.8508497 2.8670480 2.8734213 2.9062122 2.9936373 2.9936373 
Alternanthera_mosaic_virus__MH423501        1.3448877 1.7136009 1.5284711 1.5925121 1.5381771 1.7790766 1.7511426 0.9855374 1.2855863 1.4930018 0.3243561 0.0000000 0.0415439 0.0412308 0.0378676 0.0412308 2.0874953 2.1390927 2.1390927 2.8105826 2.5250153 2.5144100 2.6324266 2.3214530 2.3214530 2.3512233 2.3512233 2.5571571 2.2854144 2.0007664 1.9771510 1.9771510 1.9254165 2.0009603 1.9761767 2.0819987 2.0426558 1.8971966 1.8971966 2.0491988 2.0585380 2.0585380 2.0638757 2.0146991 2.0146991 1.9764327 1.9764327 1.9174054 1.9223714 1.9223714 1.9103112 1.7565369 1.8483242 1.7314205 1.8653645 1.8974911 1.9643925 1.8967639 1.9007021 1.9007021 1.8522089 1.9132073 3.1584892 3.1696658 3.3816094 3.1960446 3.1305810 3.1272260 3.1846195 3.1413999 3.1213844 3.1589307 3.1589307 3.1111291 3.1283937 3.1111291 3.1902071 3.4622785 3.0681306 3.0577071 3.1906393 3.4143391 3.3371851 3.3245461 3.0940279 3.1666329 3.1054995 3.1274116 3.1650136 3.3311783 3.3311783 
Alternanthera_mosaic_virus__FJ822136        1.3402380 1.7631888 1.6642311 1.5615406 1.5242769 1.8760724 1.9162558 1.0119838 1.2958201 1.5432959 0.3057129 0.0415439 0.0000000 0.0449058 0.0348931 0.0449058 2.0274829 2.0769334 2.0769334 2.6624446 2.3093183 2.2994368 2.4039724 2.1177310 2.1177310 2.2036475 2.2036475 2.3350341 2.0885791 1.9979256 1.9745651 1.9745651 1.9159427 1.9907185 1.9662370 2.0787370 2.0396564 1.8879075 1.8879075 2.0460544 2.0553411 2.0553411 2.0606213 2.0117578 2.0117578 1.9737156 1.9737156 1.8350610 2.0215989 2.0215989 2.0093439 1.8479436 1.9443747 1.8196848 1.9613204 1.9949651 2.0662647 1.9942921 1.9985998 1.9985998 1.9861105 2.0520742 2.9996987 3.0097444 3.2074445 3.0349356 2.8849999 2.9220984 2.9314539 2.8940850 2.9434511 2.9770642 2.9770642 2.9341104 2.9465550 2.9341104 3.0057939 3.2521676 2.8915515 2.8832035 2.9362981 3.2085913 3.1375128 3.1272210 2.9160460 2.9835266 2.9275985 2.9468923 2.9808490 3.1343206 3.1343206 
Alternanthera_mosaic_virus__GQ179646        1.3259603 1.7931737 1.6521498 1.6190134 1.5392885 1.6372586 1.6607008 0.9980096 1.2226595 1.3923595 0.3316116 0.0412308 0.0449058 0.0000000 0.0217799 0.0000010 2.1281266 2.1812154 2.1812154 2.7794077 2.6144391 2.6901793 2.8196307 2.4364695 2.4364695 2.4368507 2.4368507 2.6977801 2.4088053 2.0712444 2.0463726 2.0463726 1.9865669 2.0553828 2.0293916 2.1568891 2.1153321 1.9577556 1.9577556 2.1222877 2.1319556 2.1319556 2.1381316 2.0862813 2.0862813 2.0462588 2.0462588 1.8292723 1.8653587 1.8653587 1.8776574 1.7048861 1.8169016 1.7029526 1.8105308 1.8416082 1.9056389 1.8408564 1.8445691 1.8445691 1.8311845 1.8913803 3.3735861 3.3864386 3.6190637 3.4144386 3.3823260 3.4274363 3.4447545 3.3950758 3.3720083 3.4152233 3.4152233 3.3604334 3.3851793 3.3604334 3.4500010 3.7592635 3.2696091 3.3037751 3.4520958 3.7051620 3.6192859 3.6032292 3.3450590 3.4248458 3.3563117 3.3819799 3.4247940 3.6087636 3.6087636 
Alternanthera_mosaic_virus__AY863024        1.2821262 1.7139829 1.6216392 1.6052174 1.5260844 1.7482249 1.7209308 0.9923718 1.2706762 1.4355650 0.3301772 0.0378676 0.0348931 0.0217799 0.0000000 0.0217799 2.0526900 2.1032282 2.1032282 2.6243904 2.4716167 2.5779366 2.7003160 2.3697439 2.3697439 2.3871775 2.3871775 2.5838201 2.3196523 2.0269438 2.0029093 2.0029093 1.9436075 2.0202558 1.9950167 2.1099515 2.0697517 1.9151675 1.9151675 2.0763924 2.0858643 2.0858643 2.0915159 2.0412986 2.0412986 2.0023425 2.0023425 1.8966970 1.9601259 1.9601259 1.9479277 1.7905455 1.8845113 1.7641496 1.9016035 1.9344608 2.0033590 1.9337503 1.9378461 1.9378461 1.9248904 1.9890221 3.2229871 3.2347547 3.4549134 3.2618666 3.2716354 3.3120611 3.3306281 3.2835827 3.2617680 3.3026805 3.3026805 3.2507242 3.2721897 3.2507242 3.3361058 3.6305956 3.2074133 3.1951751 3.3374137 3.5788766 3.4963691 3.4817336 3.2344586 3.3114793 3.2458776 3.2897944 3.3309298 3.4878469 3.4878469 
Alternanthera_mosaic_virus__GQ179647        1.3259603 1.7931737 1.6521498 1.6190134 1.5392885 1.6372586 1.6607008 0.9980096 1.2226595 1.3923595 0.3316116 0.0412308 0.0449058 0.0000010 0.0217799 0.0000000 2.1281266 2.1812154 2.1812154 2.7794077 2.6144391 2.6901793 2.8196307 2.4364695 2.4364695 2.4368507 2.4368507 2.6977801 2.4088053 2.0712444 2.0463726 2.0463726 1.9865669 2.0553828 2.0293916 2.1568891 2.1153321 1.9577556 1.9577556 2.1222877 2.1319556 2.1319556 2.1381316 2.0862813 2.0862813 2.0462588 2.0462588 1.8292723 1.8653587 1.8653587 1.8776574 1.7048861 1.8169016 1.7029526 1.8105308 1.8416082 1.9056389 1.8408564 1.8445691 1.8445691 1.8311845 1.8913803 3.3735861 3.3864386 3.6190637 3.4144386 3.3823260 3.4274363 3.4447545 3.3950758 3.3720083 3.4152233 3.4152233 3.3604334 3.3851793 3.3604334 3.4500010 3.7592635 3.2696091 3.3037751 3.4520958 3.7051620 3.6192859 3.6032292 3.3450590 3.4248458 3.3563117 3.3819799 3.4247940 3.6087636 3.6087636 
Opuntia_virus__Strain_CC10                  1.6418418 1.8028292 1.7717224 1.4663061 1.7016032 1.6324067 1.6332062 2.2432902 2.8163811 4.6289969 2.1323004 2.0874953 2.0274829 2.1281266 2.0526900 2.1281266 0.0000000 0.0153559 0.0153559 0.9397332 1.0161473 0.9611422 0.9456074 0.8181198 0.8181198 0.8514870 0.8514870 0.9726521 0.8321955 1.0423067 1.0155385 1.0155385 1.0090086 1.0157521 1.0074437 1.0590147 1.0547078 0.9421389 0.9421389 0.9984474 1.0222064 1.0222064 1.0029728 0.9879408 0.9879408 0.9740658 0.9740658 1.3550806 1.1995849 1.1995849 1.2111556 1.1723528 1.2121112 1.1958517 1.1885981 1.2585945 1.2563811 1.2413847 1.2219376 1.2219376 1.1987840 1.1970445 0.9414137 0.9266120 0.9793719 0.9402162 1.1540792 1.1306933 1.0965432 1.1253974 1.1403529 1.1136160 1.1136160 1.1204720 1.0532946 1.1204720 1.1467558 1.1217947 1.0906022 1.0614308 1.1077567 1.1405773 1.0967256 1.1037878 1.0682974 1.0744766 1.0577931 1.0659080 1.0728129 1.1087590 1.1087590 
Opuntia_virus_X__KY348771                   1.6475758 1.8096430 1.8265696 1.5089683 1.7350243 1.6158994 1.6166270 2.2072068 2.8918703 4.5074536 2.0967542 2.1390927 2.0769334 2.1812154 2.1032282 2.1812154 0.0153559 0.0000000 0.0000010 0.9427483 0.9932008 0.9391203 0.9240525 0.7980251 0.7980251 0.8309515 0.8309515 0.9503110 0.8356921 1.0183160 0.9921585 0.9921585 0.9851100 0.9917930 0.9837554 1.0346277 1.0304479 0.9194776 0.9194776 0.9754332 0.9986087 0.9986087 0.9797181 0.9650481 0.9650481 0.9647003 0.9647003 1.3361991 1.1633584 1.1633584 1.1744543 1.1363016 1.1750969 1.1595873 1.1527045 1.2204128 1.2182743 1.2038486 1.1542193 1.1542193 1.1315921 1.1304196 0.9621509 0.9470986 1.0008028 0.9609219 1.1191695 1.0956887 1.0633622 1.0912925 1.1058119 1.0797525 1.0797525 1.0865130 1.0210106 1.0865130 1.1118409 1.0878482 1.0570185 1.0289074 1.0742015 1.1060898 1.0632432 1.0704078 1.0354931 1.0418769 1.0256263 1.0200612 1.0265773 1.0753156 1.0753156 
Opuntia_virus_X__KU854931                   1.6475758 1.8096430 1.8265696 1.5089683 1.7350243 1.6158994 1.6166270 2.2072068 2.8918703 4.5074536 2.0967542 2.1390927 2.0769334 2.1812154 2.1032282 2.1812154 0.0153559 0.0000010 0.0000000 0.9427483 0.9932008 0.9391203 0.9240525 0.7980251 0.7980251 0.8309515 0.8309515 0.9503110 0.8356921 1.0183160 0.9921585 0.9921585 0.9851100 0.9917930 0.9837554 1.0346277 1.0304479 0.9194776 0.9194776 0.9754332 0.9986087 0.9986087 0.9797181 0.9650481 0.9650481 0.9647003 0.9647003 1.3361991 1.1633584 1.1633584 1.1744543 1.1363016 1.1750969 1.1595873 1.1527045 1.2204128 1.2182743 1.2038486 1.1542193 1.1542193 1.1315921 1.1304196 0.9621509 0.9470986 1.0008028 0.9609219 1.1191695 1.0956887 1.0633622 1.0912925 1.1058119 1.0797525 1.0797525 1.0865130 1.0210106 1.0865130 1.1118409 1.0878482 1.0570185 1.0289074 1.0742015 1.1060898 1.0632432 1.0704078 1.0354931 1.0418769 1.0256263 1.0200612 1.0265773 1.0753156 1.0753156 
Schlumbergera_virus_X__KU854929             1.2379366 1.8441070 1.5855736 1.7277728 1.6873566 1.7188094 1.7200188 3.1825864 2.1615457 2.0582099 2.2345064 2.8105826 2.6624446 2.7794077 2.6243904 2.7794077 0.9397332 0.9427483 0.9427483 0.0000000 0.0975674 0.1178739 0.0944773 0.0666884 0.0666884 0.0698574 0.0698574 0.0958543 0.0693953 0.8777679 0.8773045 0.8773045 0.8283579 0.8671248 0.8605640 0.8750766 0.8883977 0.7948368 0.7948368 0.9099569 0.8993198 0.8993198 0.8805360 0.8657891 0.8657891 0.8608419 0.8608419 0.6389890 0.6618224 0.6618224 0.6858003 0.6586092 0.6883640 0.7002449 0.6411701 0.6672930 0.6789519 0.6778823 0.6733875 0.6733875 0.6369587 0.6573121 0.8424514 0.8659554 0.8397015 0.8602088 0.7402053 0.7011064 0.7220525 0.7278541 0.7306910 0.7423394 0.7423394 0.7377006 0.7355162 0.7377006 0.7525234 0.7508469 0.7515471 0.7469784 0.7558090 0.7658255 0.7670779 0.7657409 0.7411522 0.7728581 0.7632428 0.7270190 0.7212329 0.7573000 0.7573000 
SRR11190802_Plant__DH-1_NC_011659           1.2062606 1.6424855 1.5288593 1.5953187 1.7143178 1.6777196 1.6612953 2.7015453 1.9919573 1.8505342 1.9882363 2.5250153 2.3093183 2.6144391 2.4716167 2.6144391 1.0161473 0.9932008 0.9932008 0.0975674 0.0000000 0.0610570 0.0506382 0.0065261 0.0065261 0.0130201 0.0130201 0.0316047 0.0064380 0.8935159 0.9264639 0.9264639 0.8312570 0.8705060 0.8638525 0.9181296 0.9044012 0.7858205 0.7858205 0.9107812 0.8913357 0.8913357 0.8724898 0.8577645 0.8577645 0.8527713 0.8527713 0.6698911 0.6125478 0.6125478 0.6282685 0.6060959 0.6280929 0.6482845 0.5930670 0.6285249 0.6284998 0.6275721 0.6234043 0.6234043 0.6036914 0.6100632 0.8316953 0.8321773 0.8289838 0.8490622 0.7344099 0.6952969 0.7163116 0.7220813 0.7656850 0.7569892 0.7569892 0.7522160 0.7401320 0.7522160 0.7241385 0.7449930 0.7342230 0.7270201 0.7295830 0.7599581 0.7362822 0.7598787 0.7212308 0.7581796 0.7430729 0.7029155 0.6971450 0.7428261 0.7428261 
Schlumbergera_virus_X__KP090203             1.1937289 1.7098903 1.5986603 1.7388518 1.7262460 1.8103661 1.7930138 2.8307687 2.2339885 1.9961280 2.0003550 2.5144100 2.2994368 2.6901793 2.5779366 2.6901793 0.9611422 0.9391203 0.9391203 0.1178739 0.0610570 0.0000000 0.0344655 0.0132197 0.0132197 0.0164297 0.0164297 0.0252289 0.0230324 0.9223339 0.9563707 0.9563707 0.8616453 0.9120760 0.9049677 0.9477202 0.9335462 0.8123245 0.8123245 0.9401943 0.9201196 0.9201196 0.9008462 0.8855331 0.8855331 0.8805269 0.8805269 0.6846955 0.6662601 0.6662601 0.6832928 0.6512130 0.6740403 0.7046645 0.6454730 0.6834948 0.6834347 0.6823558 0.6778479 0.6778479 0.6573300 0.6639251 0.8471325 0.8252227 0.8671606 0.8647471 0.7430888 0.6963860 0.7120498 0.7306090 0.7747551 0.7658356 0.7658356 0.7609713 0.7463612 0.7609713 0.7327144 0.7538612 0.7430662 0.7357132 0.7588700 0.7901751 0.7450707 0.7689003 0.7298827 0.7672454 0.7519272 0.7193163 0.7134985 0.7516645 0.7516645 
Schlumbergera_virus_X__Strain_K11           1.1375322 1.7143039 1.5548302 1.6863768 1.7129699 1.7029104 1.6863198 2.8370563 2.1926766 1.9350549 1.9786225 2.6324266 2.4039724 2.8196307 2.7003160 2.8196307 0.9456074 0.9240525 0.9240525 0.0944773 0.0506382 0.0344655 0.0000000 0.0131458 0.0131458 0.0230172 0.0230172 0.0283158 0.0195700 0.9164889 0.9503189 0.9503189 0.8560315 0.8934149 0.8865077 0.9417285 0.9276391 0.8069180 0.8069180 0.9342356 0.9142804 0.9142804 0.8950866 0.8798877 0.8798877 0.8712042 0.8712042 0.6640102 0.6269151 0.6269151 0.6429007 0.6117819 0.6337793 0.6631690 0.6260404 0.6431421 0.6431078 0.6421457 0.6379086 0.6379086 0.6180839 0.6244826 0.8147028 0.8151622 0.8340907 0.8317841 0.7202728 0.6744390 0.7024819 0.7081187 0.7510943 0.7424848 0.7424848 0.7378342 0.7257110 0.7378342 0.7101100 0.7306104 0.7198215 0.7100115 0.7355283 0.7660299 0.7219795 0.7453334 0.7042672 0.7435543 0.7258473 0.7016736 0.6958990 0.7284794 0.7284794 
SRR11190798_Plant__DH-3_NC_011659           1.1909566 1.6199926 1.5380679 1.5899529 1.6989202 1.5997485 1.6065666 2.3975696 1.9074555 1.7723656 1.9051393 2.3214530 2.1177310 2.4364695 2.3697439 2.4364695 0.8181198 0.7980251 0.7980251 0.0666884 0.0065261 0.0132197 0.0131458 0.0000000 0.0000010 0.0000010 0.0000010 0.0000010 0.0000010 0.7536844 0.7834314 0.7834314 0.7061814 0.7359769 0.7304018 0.7761582 0.7636845 0.6571683 0.6571683 0.7581845 0.7515629 0.7515629 0.7336446 0.7334456 0.7334456 0.7157179 0.7157179 0.5927513 0.5603913 0.5603913 0.5758536 0.5549748 0.5804899 0.5959011 0.5409273 0.5761748 0.5761836 0.5753367 0.5798580 0.5798580 0.5595416 0.5661329 0.7200234 0.7203938 0.7304051 0.7366804 0.6003296 0.5844799 0.5912863 0.5912863 0.6311887 0.6254500 0.6254500 0.6215494 0.6168658 0.6215494 0.5928479 0.5949389 0.5999533 0.6024955 0.6069551 0.6258153 0.6112803 0.6254817 0.5967094 0.6261847 0.6178200 0.5772673 0.5715063 0.6069112 0.6069112 
SRR11190801_Plant__DH-2_NC_011659           1.1909566 1.6199926 1.5380679 1.5899529 1.6989202 1.5997485 1.6065666 2.3975696 1.9074555 1.7723656 1.9051393 2.3214530 2.1177310 2.4364695 2.3697439 2.4364695 0.8181198 0.7980251 0.7980251 0.0666884 0.0065261 0.0132197 0.0131458 0.0000010 0.0000000 0.0000010 0.0000010 0.0000010 0.0000010 0.7536844 0.7834314 0.7834314 0.7061814 0.7359769 0.7304018 0.7761582 0.7636845 0.6571683 0.6571683 0.7581845 0.7515629 0.7515629 0.7336446 0.7334456 0.7334456 0.7157179 0.7157179 0.5927513 0.5603913 0.5603913 0.5758536 0.5549748 0.5804899 0.5959011 0.5409273 0.5761748 0.5761836 0.5753367 0.5798580 0.5798580 0.5595416 0.5661329 0.7200234 0.7203938 0.7304051 0.7366804 0.6003296 0.5844799 0.5912863 0.5912863 0.6311887 0.6254500 0.6254500 0.6215494 0.6168658 0.6215494 0.5928479 0.5949389 0.5999533 0.6024955 0.6069551 0.6258153 0.6112803 0.6254817 0.5967094 0.6261847 0.6178200 0.5772673 0.5715063 0.6069112 0.6069112 
SRR11603189_RR-peel-3_NC_011659             1.0887189 1.6532660 1.5245773 1.5688704 1.5940034 1.5799660 1.5865308 2.3672970 1.9058778 1.6895330 1.8545063 2.3512233 2.2036475 2.4368507 2.3871775 2.4368507 0.8514870 0.8309515 0.8309515 0.0698574 0.0130201 0.0164297 0.0230172 0.0000010 0.0000010 0.0000000 0.0000010 0.0032469 0.0000010 0.8203311 0.8293280 0.8293280 0.7556846 0.7970589 0.7909011 0.8443428 0.8309813 0.7080920 0.7080920 0.8132556 0.8060946 0.8060946 0.7874946 0.7737773 0.7737773 0.7748068 0.7748068 0.6217469 0.5758412 0.5758412 0.5891171 0.5650894 0.5850910 0.6181663 0.5561840 0.5918374 0.5918356 0.5909559 0.5867968 0.5867968 0.5665410 0.5731107 0.7576225 0.7687698 0.7549770 0.7747950 0.6840118 0.6638662 0.6757728 0.6814724 0.7048348 0.6959988 0.6959988 0.6914759 0.6845106 0.6914759 0.6735328 0.6943163 0.6783425 0.6849171 0.6893292 0.7202939 0.7004337 0.7095033 0.6788863 0.7044681 0.7013947 0.6574871 0.6514850 0.6892815 0.6892815 
SRR11603187_RR-pulp-2_NC_011659             1.0887189 1.6532660 1.5245773 1.5688704 1.5940034 1.5799660 1.5865308 2.3672970 1.9058778 1.6895330 1.8545063 2.3512233 2.2036475 2.4368507 2.3871775 2.4368507 0.8514870 0.8309515 0.8309515 0.0698574 0.0130201 0.0164297 0.0230172 0.0000010 0.0000010 0.0000010 0.0000000 0.0032469 0.0000010 0.8203311 0.8293280 0.8293280 0.7556846 0.7970589 0.7909011 0.8443428 0.8309813 0.7080920 0.7080920 0.8132556 0.8060946 0.8060946 0.7874946 0.7737773 0.7737773 0.7748068 0.7748068 0.6217469 0.5758412 0.5758412 0.5891171 0.5650894 0.5850910 0.6181663 0.5561840 0.5918374 0.5918356 0.5909559 0.5867968 0.5867968 0.5665410 0.5731107 0.7576225 0.7687698 0.7549770 0.7747950 0.6840118 0.6638662 0.6757728 0.6814724 0.7048348 0.6959988 0.6959988 0.6914759 0.6845106 0.6914759 0.6735328 0.6943163 0.6783425 0.6849171 0.6893292 0.7202939 0.7004337 0.7095033 0.6788863 0.7044681 0.7013947 0.6574871 0.6514850 0.6892815 0.6892815 
SRR11603183_GW-peel-2_NC_011659             1.1429935 1.5709856 1.4726068 1.6389895 1.6761294 1.6595418 1.6665550 2.5895069 2.0523302 1.8550660 2.0463320 2.5571571 2.3350341 2.6977801 2.5838201 2.6977801 0.9726521 0.9503110 0.9503110 0.0958543 0.0316047 0.0252289 0.0283158 0.0000010 0.0000010 0.0032469 0.0032469 0.0000000 0.0000010 0.8580490 0.8900196 0.8900196 0.7995565 0.8348989 0.8285642 0.8819853 0.8686504 0.7521933 0.7521933 0.8632568 0.8558907 0.8558907 0.8373785 0.8232358 0.8232358 0.8182081 0.8182081 0.6424401 0.6184870 0.6184870 0.6345722 0.6084430 0.6307162 0.6550215 0.5985969 0.6348261 0.6347966 0.6338391 0.6474385 0.6474385 0.6271392 0.6336851 0.7979406 0.7983834 0.8059002 0.8149391 0.6900727 0.6613839 0.6727560 0.6781652 0.7202526 0.7117398 0.7117398 0.7072999 0.6949699 0.7072999 0.6800385 0.6999929 0.6890602 0.6910085 0.6851809 0.7145642 0.7000937 0.7145255 0.6852507 0.7200444 0.7067749 0.6684828 0.6627294 0.6951579 0.6951579 
SRR11603184_GW-peel-1_NC_011659             1.1154397 1.4722959 1.4597550 1.5434857 1.6098677 1.6193273 1.6262280 2.3082071 1.8456133 1.7895135 1.8953035 2.2854144 2.0885791 2.4088053 2.3196523 2.4088053 0.8321955 0.8356921 0.8356921 0.0693953 0.0064380 0.0230324 0.0195700 0.0000010 0.0000010 0.0000010 0.0000010 0.0000010 0.0000000 0.8021270 0.8331418 0.8331418 0.7537178 0.7783344 0.7723880 0.8254468 0.8124793 0.6972596 0.6972596 0.8069937 0.7999693 0.7999693 0.7816450 0.7681892 0.7681892 0.7630064 0.7630064 0.6034244 0.5883856 0.5883856 0.6043308 0.5832909 0.6003173 0.6248057 0.5684973 0.6046232 0.6046128 0.6037022 0.6082360 0.6082360 0.5877600 0.5943876 0.7578440 0.7610466 0.7658558 0.7777763 0.6459025 0.6168716 0.6289102 0.6340943 0.6758381 0.6672754 0.6672754 0.6630422 0.6501190 0.6630422 0.6358384 0.6404387 0.6440406 0.6463316 0.6408080 0.6802361 0.6554367 0.6700200 0.6404528 0.6708755 0.6621679 0.6259470 0.6201070 0.6507009 0.6507009 
MG210801                                    1.2900164 1.5675051 2.1584438 1.8821855 2.2344987 1.8565982 1.8388196 2.1876836 2.1793489 2.3069789 1.7043396 2.0007664 1.9979256 2.0712444 2.0269438 2.0712444 1.0423067 1.0183160 1.0183160 0.8777679 0.8935159 0.9223339 0.9164889 0.7536844 0.7536844 0.8203311 0.8203311 0.8580490 0.8021270 0.0000000 0.0124965 0.0124965 0.0031491 0.0031389 0.0031286 0.0155634 0.0124126 0.0031994 0.0031994 0.0156409 0.0092659 0.0092659 0.0125565 0.0125490 0.0125490 0.0094202 0.0094202 0.7908743 0.7327917 0.7327917 0.7370295 0.6964056 0.7422604 0.7472870 0.7105344 0.7561523 0.7390125 0.7377312 0.7661518 0.7661518 0.7224234 0.7453020 0.9357869 0.9118332 0.9327289 0.9460736 0.9023192 0.8295245 0.8771845 0.8709091 0.8827536 0.8869975 0.8869975 0.8809621 0.8640232 0.8809621 0.8737742 0.9178862 0.8707743 0.8619645 0.9076302 0.9193285 0.8922621 0.9188906 0.8557470 0.9150495 0.8885803 0.8243219 0.8292240 0.9079625 0.9079625 
SRR11190800_Plant__BSJ-2_NC_024458          1.3163460 1.5505372 2.2139078 1.8680776 2.2179454 1.8873224 1.8692329 2.2892324 2.2546384 2.2503655 1.7234316 1.9771510 1.9745651 2.0463726 2.0029093 2.0463726 1.0155385 0.9921585 0.9921585 0.8773045 0.9264639 0.9563707 0.9503189 0.7834314 0.7834314 0.8293280 0.8293280 0.8900196 0.8331418 0.0124965 0.0000000 0.0000010 0.0063271 0.0063065 0.0062858 0.0221066 0.0188894 0.0064287 0.0064287 0.0189310 0.0124598 0.0124598 0.0158314 0.0158219 0.0158219 0.0126181 0.0126181 0.8340222 0.7663714 0.7663714 0.7787930 0.7290591 0.7766879 0.7605151 0.7431561 0.7907403 0.7729286 0.7715325 0.7796751 0.7796751 0.7350490 0.7583998 0.9206901 0.8971205 0.9176842 0.9308055 0.9513296 0.8795101 0.9252075 0.9184947 0.9309024 0.9355113 0.9355113 0.9289986 0.9119436 0.9289986 0.9216324 0.9680215 0.9192434 0.9096592 0.9573126 0.9695311 0.9414428 0.9690195 0.9033071 0.9650659 0.9372965 0.8699147 0.8751789 0.9573849 0.9573849 
SRR11190791_Plant__BSJ-1_NC_024458          1.3163460 1.5505372 2.2139078 1.8680776 2.2179454 1.8873224 1.8692329 2.2892324 2.2546384 2.2503655 1.7234316 1.9771510 1.9745651 2.0463726 2.0029093 2.0463726 1.0155385 0.9921585 0.9921585 0.8773045 0.9264639 0.9563707 0.9503189 0.7834314 0.7834314 0.8293280 0.8293280 0.8900196 0.8331418 0.0124965 0.0000010 0.0000000 0.0063271 0.0063065 0.0062858 0.0221066 0.0188894 0.0064287 0.0064287 0.0189310 0.0124598 0.0124598 0.0158314 0.0158219 0.0158219 0.0126181 0.0126181 0.8340222 0.7663714 0.7663714 0.7787930 0.7290591 0.7766879 0.7605151 0.7431561 0.7907403 0.7729286 0.7715325 0.7796751 0.7796751 0.7350490 0.7583998 0.9206901 0.8971205 0.9176842 0.9308055 0.9513296 0.8795101 0.9252075 0.9184947 0.9309024 0.9355113 0.9355113 0.9289986 0.9119436 0.9289986 0.9216324 0.9680215 0.9192434 0.9096592 0.9573126 0.9695311 0.9414428 0.9690195 0.9033071 0.9650659 0.9372965 0.8699147 0.8751789 0.9573849 0.9573849 
SRR11190802_Plant__DH-1_NC_024458           1.2654671 1.4094407 2.0283981 1.7110189 2.0313048 1.7065644 1.6894457 2.0937900 2.1042708 2.0959723 1.6043777 1.9254165 1.9159427 1.9865669 1.9436075 1.9865669 1.0090086 0.9851100 0.9851100 0.8283579 0.8312570 0.8616453 0.8560315 0.7061814 0.7061814 0.7556846 0.7556846 0.7995565 0.7537178 0.0031491 0.0063271 0.0063271 0.0000000 0.0000010 0.0000010 0.0063228 0.0000010 0.0000010 0.0000010 0.0063606 0.0000010 0.0000010 0.0031916 0.0031897 0.0031897 0.0031916 0.0031916 0.7580204 0.7093362 0.7093362 0.7030418 0.6726972 0.7184535 0.7032632 0.6871959 0.7325878 0.7154764 0.7142411 0.7220535 0.7220535 0.6792576 0.7016341 0.8601953 0.8374243 0.8452109 0.8577177 0.8737724 0.8009506 0.8456341 0.8395121 0.8633901 0.8553466 0.8553466 0.8494894 0.8322676 0.8494894 0.8422614 0.8890269 0.8388053 0.8303113 0.8756755 0.8872982 0.8602941 0.8868974 0.8240470 0.8830491 0.8568374 0.7932669 0.7980292 0.8761834 0.8761834 
SRR11190801_Plant__DH-2_NC_024458           1.3040577 1.4762661 2.1189444 1.7695700 2.0567292 1.7498133 1.7324015 2.0546792 2.1597574 2.1834895 1.6721073 2.0009603 1.9907185 2.0553828 2.0202558 2.0553828 1.0157521 0.9917930 0.9917930 0.8671248 0.8705060 0.9120760 0.8934149 0.7359769 0.7359769 0.7970589 0.7970589 0.8348989 0.7783344 0.0031389 0.0063065 0.0063065 0.0000010 0.0000000 0.0000010 0.0063022 0.0000010 0.0000010 0.0000010 0.0063397 0.0000010 0.0000010 0.0031811 0.0031792 0.0031792 0.0031811 0.0031811 0.7763478 0.7371058 0.7371058 0.7414917 0.6998038 0.7468961 0.7310894 0.7142433 0.7611164 0.7435077 0.7421831 0.7502264 0.7502264 0.7061483 0.7292020 0.8740010 0.8509764 0.8710757 0.8838697 0.8771695 0.8042183 0.8489766 0.8428285 0.8667686 0.8587144 0.8587144 0.8528292 0.8356103 0.8528292 0.8455944 0.8924867 0.8421813 0.8336400 0.8791058 0.8907530 0.8637035 0.8903477 0.8273705 0.8864946 0.8602172 0.7964698 0.8012551 0.8795953 0.8795953 
SRR11190798_Plant__DH-3_NC_024458           1.2914921 1.4606685 2.0898740 1.7484512 2.0685206 1.7290573 1.7118658 2.0657731 2.1709733 2.1543669 1.6537206 1.9761767 1.9662370 2.0293916 1.9950167 2.0293916 1.0074437 0.9837554 0.9837554 0.8605640 0.8638525 0.9049677 0.8865077 0.7304018 0.7304018 0.7909011 0.7909011 0.8285642 0.7723880 0.0031286 0.0062858 0.0062858 0.0000010 0.0000010 0.0000000 0.0062815 0.0000010 0.0000010 0.0000010 0.0063188 0.0000010 0.0000010 0.0031705 0.0031686 0.0031686 0.0031705 0.0031705 0.7707469 0.7319082 0.7319082 0.7362152 0.6948669 0.7415354 0.7259040 0.7092646 0.7556863 0.7382374 0.7369347 0.7449044 0.7449044 0.7012277 0.7240712 0.8673424 0.8445424 0.8644476 0.8771126 0.8839866 0.8110074 0.8557651 0.8495836 0.8735774 0.8655248 0.8655248 0.8596008 0.8424427 0.8596008 0.8523746 0.8993889 0.8490599 0.8404503 0.8859843 0.8976498 0.8705831 0.8972363 0.8341912 0.8933839 0.8670474 0.8031539 0.8079688 0.8864357 0.8864357 
SRR11190795_Plant__FR-3_NC_024458           1.2710144 1.5919357 2.1499391 1.8555409 2.2011127 1.8300727 1.8124402 2.2540505 2.2439564 2.3145871 1.7304086 2.0819987 2.0787370 2.1568891 2.1099515 2.1568891 1.0590147 1.0346277 1.0346277 0.8750766 0.9181296 0.9477202 0.9417285 0.7761582 0.7761582 0.8443428 0.8443428 0.8819853 0.8254468 0.0155634 0.0221066 0.0221066 0.0063228 0.0063022 0.0062815 0.0000000 0.0092819 0.0064242 0.0064242 0.0252971 0.0187312 0.0187312 0.0222133 0.0222001 0.0222001 0.0190457 0.0190457 0.8267278 0.7489052 0.7489052 0.7767511 0.7119670 0.7587735 0.7515606 0.7262016 0.7727350 0.7552840 0.7539489 0.7619234 0.7619234 0.7182063 0.7410788 0.9327289 0.9088358 0.9296792 0.9429884 0.9147962 0.8414094 0.8892562 0.8828774 0.8948510 0.8991813 0.8991813 0.8930330 0.8760792 0.8930330 0.9129942 0.9306344 0.8965746 0.8739666 0.9200863 0.9319043 0.9046066 0.9314484 0.8677217 0.9275816 0.9008121 0.8358380 0.8408252 0.9203538 0.9203538 
Pitaya_virus_X                              1.3065354 1.5991493 2.1610601 1.8645230 2.2123998 1.8389202 1.8212335 2.2348669 2.2546890 2.2676728 1.7380945 2.0426558 2.0396564 2.1153321 2.0697517 2.1153321 1.0547078 1.0304479 1.0304479 0.8883977 0.9044012 0.9335462 0.9276391 0.7636845 0.7636845 0.8309813 0.8309813 0.8686504 0.8124793 0.0124126 0.0188894 0.0188894 0.0000010 0.0000010 0.0000010 0.0092819 0.0000000 0.0032019 0.0032019 0.0220661 0.0155603 0.0155603 0.0189805 0.0189692 0.0189692 0.0158218 0.0158218 0.8208491 0.7691017 0.7691017 0.7737598 0.7319252 0.7794300 0.7632805 0.7459364 0.7934191 0.7756500 0.7742522 0.7823757 0.7823757 0.7378583 0.7611521 0.9469533 0.9227717 0.9438640 0.9573441 0.9286514 0.8546051 0.9028540 0.8963579 0.9084788 0.9129077 0.9129077 0.9066309 0.8896599 0.9066309 0.8993619 0.9447921 0.8966890 0.8874858 0.9341228 0.9460767 0.9185157 0.9456005 0.8812091 0.9417051 0.9145938 0.8488019 0.8538863 0.9343168 0.9343168 
SRR11603182_GW-peel-3_NC_024458             1.2138237 1.4172893 2.0219435 1.7239277 2.0368753 1.6682106 1.6511353 1.9759375 2.0651194 2.0941815 1.6364130 1.8971966 1.8879075 1.9577556 1.9151675 1.9577556 0.9421389 0.9194776 0.9194776 0.7948368 0.7858205 0.8123245 0.8069180 0.6571683 0.6571683 0.7080920 0.7080920 0.7521933 0.6972596 0.0031994 0.0064287 0.0064287 0.0000010 0.0000010 0.0000010 0.0064242 0.0032019 0.0000000 0.0000010 0.0064632 0.0000010 0.0000010 0.0032433 0.0032413 0.0032413 0.0032433 0.0032433 0.7550793 0.6966735 0.6966735 0.7006328 0.6555434 0.6951519 0.6904710 0.6745010 0.7199645 0.7027945 0.7015790 0.7094163 0.7094163 0.6665068 0.6889374 0.8297524 0.8072196 0.8269036 0.8430462 0.8615450 0.7881309 0.8332093 0.8270960 0.8510859 0.8429681 0.8429681 0.8371308 0.8196441 0.8371308 0.8298229 0.8767808 0.8393681 0.8177116 0.8633532 0.8877337 0.8478321 0.8746570 0.8113718 0.8707739 0.8444362 0.7805819 0.7805819 0.8522951 0.8522951 
SRR11603184_GW-peel-1_NC_024458             1.2138237 1.4172893 2.0219435 1.7239277 2.0368753 1.6682106 1.6511353 1.9759375 2.0651194 2.0941815 1.6364130 1.8971966 1.8879075 1.9577556 1.9151675 1.9577556 0.9421389 0.9194776 0.9194776 0.7948368 0.7858205 0.8123245 0.8069180 0.6571683 0.6571683 0.7080920 0.7080920 0.7521933 0.6972596 0.0031994 0.0064287 0.0064287 0.0000010 0.0000010 0.0000010 0.0064242 0.0032019 0.0000010 0.0000000 0.0064632 0.0000010 0.0000010 0.0032433 0.0032413 0.0032413 0.0032433 0.0032433 0.7550793 0.6966735 0.6966735 0.7006328 0.6555434 0.6951519 0.6904710 0.6745010 0.7199645 0.7027945 0.7015790 0.7094163 0.7094163 0.6665068 0.6889374 0.8297524 0.8072196 0.8269036 0.8430462 0.8615450 0.7881309 0.8332093 0.8270960 0.8510859 0.8429681 0.8429681 0.8371308 0.8196441 0.8371308 0.8298229 0.8767808 0.8393681 0.8177116 0.8633532 0.8877337 0.8478321 0.8746570 0.8113718 0.8707739 0.8444362 0.7805819 0.7805819 0.8522951 0.8522951 
SRR11190793_Plant__BR-2_NC_024458           1.3299411 1.5727548 2.2361821 1.8860300 2.1681175 1.8042256 1.8425084 2.2650574 2.2099938 2.3678294 1.6936333 2.0491988 2.0460544 2.1222877 2.0763924 2.1222877 0.9984474 0.9754332 0.9754332 0.9099569 0.9107812 0.9401943 0.9342356 0.7581845 0.7581845 0.8132556 0.8132556 0.8632568 0.8069937 0.0156409 0.0189310 0.0189310 0.0063606 0.0063397 0.0063188 0.0252971 0.0220661 0.0064632 0.0064632 0.0000000 0.0062003 0.0062003 0.0094539 0.0094482 0.0094482 0.0094853 0.0094853 0.8001134 0.7217697 0.7217697 0.7258583 0.6858093 0.7309345 0.7158834 0.6998939 0.7447308 0.7278611 0.7266204 0.7343250 0.7343250 0.6920937 0.7141826 0.9049866 0.8817480 0.9020264 0.9149539 0.8947385 0.8225370 0.8698190 0.8636270 0.8990380 0.8795325 0.8795325 0.8735851 0.8567120 0.8735851 0.8664435 0.9100939 0.8633620 0.8518552 0.8999334 0.9115222 0.8817634 0.9110966 0.8456823 0.9074657 0.8781890 0.8176307 0.8224667 0.9004845 0.9004845 
SRR11190796_Plant__FR-2_NC_024458           1.3236147 1.5803316 2.2272033 1.8591442 2.2064483 1.8338520 1.8161716 2.1846048 2.1762577 2.3288710 1.7014326 2.0585380 2.0553411 2.1319556 2.0858643 2.1319556 1.0222064 0.9986087 0.9986087 0.8993198 0.8913357 0.9201196 0.9142804 0.7515629 0.7515629 0.8060946 0.8060946 0.8558907 0.7999693 0.0092659 0.0124598 0.0124598 0.0000010 0.0000010 0.0000010 0.0187312 0.0155603 0.0000010 0.0000010 0.0062003 0.0000000 0.0000010 0.0031109 0.0031090 0.0031090 0.0031211 0.0031211 0.8105126 0.7308561 0.7308561 0.7350744 0.6944891 0.7402862 0.7249559 0.7086322 0.7541835 0.7370639 0.7357878 0.7436078 0.7436078 0.7007401 0.7231638 0.9262628 0.9025005 0.9232310 0.9364637 0.9155860 0.8420896 0.8901845 0.8837909 0.9200214 0.9001291 0.9001291 0.8939654 0.8769919 0.8939654 0.8867291 0.9314577 0.8838906 0.8748729 0.9210782 0.9329184 0.9055728 0.9324606 0.8686190 0.9285876 0.9017654 0.8366658 0.8416648 0.9213407 0.9213407 
