94
Clover_yellow_mosaic_virus                  0.0000000 2.1205995 2.9189312 3.3615419 3.4265179 2.8927695 2.9251748 2.3741251 2.5714328 3.0128123 2.1466271 2.3441719 2.4313203 2.3212254 2.4016760 2.3224607 2.8110301 2.9042345 2.9042345 3.2038048 2.8725085 2.9258734 3.1672758 2.7576671 2.7570993 2.9286038 2.6688850 3.0587095 2.6915473 2.5152991 2.4973888 2.4973888 2.4189935 2.4390904 2.4329531 2.5336560 2.5842205 2.4738574 2.4705271 2.4974733 2.5980077 2.5183278 2.5153921 2.5141417 2.5540264 2.5540264 2.5535540 2.5696069 3.6648723 3.2583996 3.2330650 3.5106682 3.0717335 3.0118279 3.3208113 3.5014909 3.5653765 3.4677572 3.4647425 3.4718661 3.4913085 3.4645121 3.4583073 3.4583073 3.1033207 3.0906914 2.9886403 3.0967695 2.6000593 2.5181309 2.4555237 2.4506954 2.7089499 2.6977713 2.6743255 2.6785297 2.6455888 2.6659854 2.6676829 2.7391966 2.5815384 2.7178444 2.7034859 3.1931236 2.7907535 2.6466914 2.6260601 2.6598638 2.7508822 2.6721734 2.6776171 2.7621265 2.7826025 2.7621265 
Hydrangea_ringspot_virus                    2.1205995 0.0000000 1.7758951 1.7268367 1.9100040 1.7724523 1.7750144 2.7291277 2.9228964 2.5716043 2.2047087 2.0956364 2.1576543 2.2505341 2.1445520 2.2337749 2.1454034 2.0174537 2.0174537 2.4763854 2.4920711 2.4997875 2.7158314 2.3501203 2.3403079 2.3543037 2.3021732 2.6214754 2.3158951 2.5788826 2.6801161 2.6801161 2.6018098 2.6169988 2.6074966 2.6713230 2.7224877 2.5102837 2.4481192 2.4735434 2.6748932 2.6727582 2.6353770 2.5604449 2.6054604 2.6054604 2.5790378 2.5945297 3.2763230 2.7479659 2.7240671 2.9435890 2.8671013 2.7493199 2.7758154 2.9278161 2.9860933 3.0230664 2.9964965 2.9135280 2.9422867 2.8795923 2.8504669 2.8504669 2.8583895 2.7892698 2.9489280 2.9053126 2.5791319 2.5864124 2.4781832 2.4170186 2.7730791 2.7284365 2.7349163 2.6730584 2.6957819 2.7152753 2.6257829 2.6387527 2.5991770 2.5803302 2.7190593 2.8938208 2.7033510 2.6737503 2.6372444 2.5362776 2.6493116 2.7210379 2.7544445 2.7264672 2.7043758 2.7084434 
Plantago_asiatica_mosaic_virus__KU697313    2.9189312 1.7758951 0.0000000 0.3445307 0.3898501 0.3284503 0.3247937 2.6891722 2.8402286 3.6830695 2.3993390 3.0262430 2.8655282 3.0704094 2.9669640 3.0830329 3.5504617 3.3855671 3.3855671 3.4625568 3.8180131 3.5583702 3.5658955 3.4127915 3.4145595 3.4700158 3.4411111 3.6298279 3.2475944 3.5709310 3.5999942 3.5999942 3.4439763 3.4858409 3.4532570 3.6387486 3.6742409 3.5580689 3.4540658 3.4959387 3.7211962 3.6174889 3.5840226 3.6903738 3.8752243 3.8752243 3.8303685 3.8605671 3.3979263 2.8447493 2.8173375 3.0449103 2.7448009 2.7339375 2.7260931 3.1172205 2.9479994 2.9177200 2.8835968 2.8039455 2.7795012 2.8038466 2.8077331 2.8077331 3.1436218 3.2491764 3.2082368 3.2509696 3.0823388 3.0922215 3.0561005 2.9998396 3.1681030 3.1210770 3.0925507 3.0339993 2.9495818 3.0056380 3.1182593 3.2110485 3.0689065 3.0161671 3.1840046 3.4933667 3.1061972 3.1405560 3.1778836 2.9694159 3.1166443 3.1779194 3.2204969 3.1376613 3.1265669 3.1376613 
Nandina_mosaic_virus                        3.3615419 1.7268367 0.3445307 0.0000000 0.3176585 0.3945988 0.3986675 2.9913365 2.5126239 3.3648458 2.7418515 2.7003468 2.7581224 2.8165667 2.8562137 2.7668549 3.1122491 3.0281362 3.0281362 3.1771159 3.4091826 3.7591636 3.5733135 3.2672450 3.2678457 3.3837897 3.2189768 3.5699068 3.2117476 3.7922681 3.8623005 3.8623005 3.7972197 3.8687055 3.8326809 3.9010920 3.9395037 3.8802646 3.7492720 3.7954219 4.1349931 3.8785319 3.8485946 3.9422503 4.0702037 4.0702037 4.0229604 4.0551761 3.6319786 3.1098087 3.0800233 3.1869855 2.8702035 2.8094534 2.8454902 3.1329350 3.1455555 2.9634576 2.9289537 2.9951969 2.9964515 3.0225170 3.0274534 3.0274534 3.6956620 3.5592448 3.8460513 3.6285233 3.2543964 3.1597331 3.1043299 3.0361857 3.2327884 3.2171260 3.1736690 3.1976370 3.1204724 3.1791202 3.1225279 3.1780251 3.0154578 3.0202080 3.1097696 3.2177704 2.9806520 2.9715602 3.0955355 2.9418610 3.0603772 3.1083493 3.1495828 3.1413101 3.1303252 3.1413101 
Plantago_asiatica_mosaic_virus__LC155795    3.4265179 1.9100040 0.3898501 0.3176585 0.0000000 0.4750335 0.4704993 3.1341784 2.5042147 3.2041205 2.9066561 2.8749514 2.8351486 2.9753236 2.9199893 3.0136334 3.1888126 3.0875266 3.0875266 3.1430815 3.0284643 3.1495790 3.1349627 2.8633264 2.8942205 2.9592742 2.8318001 3.0494039 2.7890848 3.4381767 3.4597120 3.4597120 3.3738930 3.4758867 3.4490504 3.4990905 3.5008134 3.5248186 3.4623475 3.5038007 3.6101168 3.3581281 3.3275018 3.3869800 3.4945694 3.4945694 3.4610250 3.4867940 3.2684071 2.9521103 2.9285230 3.0216290 2.9017078 2.7929085 2.7951530 2.8401874 2.8714809 2.8391434 2.8065867 2.7260150 2.7143923 2.6986999 2.7311478 2.7311478 3.1776449 3.1297086 3.2590686 3.2729646 2.7559020 2.8389368 2.8585048 2.7964255 2.8658611 2.8405466 2.7740665 2.7767736 2.7553693 2.7917995 2.7522091 2.8769591 2.6796545 2.7069344 2.8192898 3.0029017 2.7817540 2.7675468 2.8434187 2.6542775 2.7744568 2.7794233 2.8287067 2.8201330 2.7444321 2.8201330 
Plantago_asiatica_mosaic_virus__KT717325    2.8927695 1.7724523 0.3284503 0.3945988 0.4750335 0.0000000 0.0016371 3.0600232 3.2503491 3.2130641 2.5654460 3.0607979 3.2779869 3.1777241 3.2516008 3.1204023 3.6864303 3.5992039 3.5992039 3.3615824 3.5104728 3.4210348 3.5545592 3.1375969 3.1958177 3.3909218 3.1621923 3.6339143 3.1375692 3.1701853 3.0233854 3.0233854 2.9073239 2.9927885 2.9694723 3.0914864 3.1207434 3.0370828 2.9800462 3.0149862 3.2188025 3.1978942 3.1684660 3.1562494 3.1879116 3.1879116 3.1573625 3.1801661 3.4312441 2.9268949 2.9034138 3.0805483 2.8292086 2.7211446 2.6884858 2.9936314 3.0887368 3.1161057 3.0496988 2.9397382 2.9138093 2.9392084 2.9760728 2.9760728 3.2968980 3.4115560 3.3980035 3.4181726 3.0296705 3.0938145 3.0284664 2.9954566 3.0852334 3.0230721 2.9831256 2.9608560 2.8992835 2.9378586 3.0419130 3.0342750 2.9926063 2.9065935 3.1110296 3.3637300 2.9702843 2.9363271 2.9354475 2.9289291 2.9818046 3.0345217 3.0750219 2.9975367 3.0205718 2.9975367 
Plantago_asiatica_mosaic_virus__KU159093    2.9251748 1.7750144 0.3247937 0.3986675 0.4704993 0.0016371 0.0000000 3.0936873 3.2525046 3.2179095 2.5693495 3.0955943 3.3157470 3.2140956 3.2889816 3.1560287 3.6408971 3.5549319 3.5549319 3.3210080 3.4677149 3.3795780 3.5112493 3.0982249 3.1552294 3.3488902 3.1222980 3.5891575 3.0984196 3.1324613 2.9877571 2.9877571 2.8725716 2.9572148 2.9341859 3.0548972 3.0837480 3.0005969 2.9444369 2.9788737 3.1803602 3.1597398 3.1306800 3.1184988 3.1498868 3.1498868 3.1197563 3.1421628 3.4696210 2.9604095 2.9366692 3.1143813 2.8626992 2.7211446 2.7175583 3.0264258 3.1227726 3.1504872 3.0832336 2.9053728 2.8798660 2.9049542 2.9411984 2.9411984 3.2575342 3.3705416 3.3571920 3.3770480 2.9937443 3.0564801 2.9925040 2.9598566 3.0487661 2.9870926 2.9478353 2.9258494 2.8650143 2.9031399 3.0057757 2.9985459 2.9561005 2.8718215 3.0737617 3.3227264 2.9348501 2.9012093 2.9000063 2.8939130 2.9464188 2.9980794 3.0380972 2.9618675 2.9846186 2.9618675 
Senna_mosaic_virus                          2.3741251 2.7291277 2.6891722 2.9913365 3.1341784 3.0600232 3.0936873 0.0000000 0.8338537 0.7589261 0.7039547 0.6815247 0.6944097 0.6714493 0.6758278 0.6769951 2.9545769 2.8827521 2.8827521 3.5760512 3.4846948 3.4464500 3.3115748 3.1106950 3.0828511 3.2584989 3.2590936 3.4276695 3.1016989 2.6051117 2.6208366 2.6208366 2.5540663 2.6214822 2.5845627 2.6127554 2.6347195 2.4340401 2.4298065 2.4549054 2.7650583 2.7591436 2.7170210 2.7032928 2.7878676 2.7878676 2.7479206 2.7648620 3.0719116 3.0137198 2.9916605 3.0773455 2.8994313 2.7859150 3.0436727 3.0913114 3.0507199 2.9920045 3.0736976 3.0773511 3.0861975 3.0507072 3.0174595 3.0174595 3.1114714 3.0147622 3.2484405 3.0312293 3.2137837 3.1664256 3.2043264 3.2278937 3.1755647 3.1640731 3.1641867 3.1208964 3.1332879 3.1432495 3.1231675 3.1906144 2.9401208 3.0966022 3.1000333 3.2491899 3.0652862 2.9881303 3.0252549 3.0307981 3.1643531 3.0831045 3.1163246 3.1157128 3.1346654 3.1394991 
Babaco_mosaic_virus                         2.5714328 2.9228964 2.8402286 2.5126239 2.5042147 3.2503491 3.2525046 0.8338537 0.0000000 0.7530729 0.6926713 0.6956478 0.7459842 0.7709532 0.7358296 0.7717662 2.8859144 2.9468741 2.9468741 2.6007609 2.5183684 2.6092518 2.5297693 2.3156967 2.3350730 2.3812459 2.2114417 2.5483577 2.3729152 2.0796111 2.1228548 2.1228548 2.1536408 2.1397462 2.1310341 2.1734632 2.2146874 2.1066357 2.0665020 2.0877252 2.2169477 2.1257923 2.0991421 2.1856632 2.2423847 2.2423847 2.2101743 2.2227820 3.1852155 2.7115477 2.6871665 2.6318362 2.5433430 2.4468086 2.6242548 2.6941082 2.6816344 2.6720973 2.7236043 2.5856256 2.6118212 2.5980209 2.5683282 2.5683282 3.0546930 3.0489939 3.0225726 2.9449958 3.0179903 2.9631957 2.9272162 2.9338327 3.1500943 3.0470785 3.0474568 3.0808614 3.0040109 3.0524970 3.0009443 2.9193394 2.8908764 2.8727106 2.9066225 3.2397613 2.9320787 2.9449125 2.9352545 2.8584636 2.9107164 2.9384536 2.9836425 2.9770442 2.9610309 2.9770442 
Papaya_mosaic_virus                         3.0128123 2.5716043 3.6830695 3.3648458 3.2041205 3.2130641 3.2179095 0.7589261 0.7530729 0.0000000 0.5787648 0.6277572 0.6291982 0.6063940 0.6176613 0.6066097 2.8228362 2.7723987 2.7723987 2.6589079 2.5837328 2.5347959 2.6454814 2.4504585 2.4670304 2.5052350 2.3663601 2.5634520 2.3760173 2.2058784 2.3220814 2.3220814 2.2360750 2.2924227 2.2864453 2.2846526 2.3290412 2.2056496 2.1831724 2.1840858 2.3635245 2.2552464 2.2195117 2.3481406 2.4074011 2.4074011 2.3715688 2.3858184 2.3615194 2.4900652 2.4711251 2.6319854 2.4613974 2.2968620 2.5966071 2.5211235 2.6110182 2.6325773 2.7037014 2.6296262 2.6565441 2.6062463 2.5986656 2.5986656 2.9492173 2.7941861 2.9921548 2.8605154 2.7046441 2.5975270 2.5687734 2.5864806 2.7686008 2.8320550 2.8329275 2.7817276 2.7133431 2.7701427 2.8129206 2.6850350 2.6457980 2.6823722 2.6754042 2.8355516 2.6651488 2.6906396 2.6196549 2.6093538 2.7166321 2.5346014 2.5740337 2.6483980 2.6346553 2.6483980 
Alternanthera_mosaic_virus__LC107515        2.1466271 2.2047087 2.3993390 2.7418515 2.9066561 2.5654460 2.5693495 0.7039547 0.6926713 0.5787648 0.0000000 0.3124389 0.3142962 0.3265837 0.3242420 0.3301414 2.8201341 2.8017679 2.8017679 2.2369126 2.3716724 2.3410156 2.3129499 2.0842863 2.1004423 2.1887236 2.0477744 2.3317181 2.1134532 1.8472352 1.8354726 1.8354726 1.7477592 1.8253587 1.8089173 1.8710742 1.8523422 1.7621597 1.7343540 1.7523083 1.9426583 1.8746670 1.8579336 1.8649349 1.8951872 1.8951872 1.8429196 1.8530251 2.0863823 1.8002547 1.7833385 2.0166699 1.7461459 1.6485031 1.8702887 1.9203325 1.9728663 1.8947327 1.8957716 1.8722988 1.9227943 1.8954756 1.9072871 1.9072871 1.8581486 1.8922729 1.8971397 1.8343968 2.1336628 2.0029886 2.0596606 2.0514185 2.0588257 2.1021562 2.1043581 2.0989436 2.0537132 2.1090259 2.0459981 2.0881835 2.0207440 2.0963114 2.1196753 2.4081521 2.1113996 2.1082852 2.0777107 2.0858938 2.0664698 2.0398903 2.0644935 2.0849869 2.1008275 2.0849869 
Alternanthera_mosaic_virus__MH423501        2.3441719 2.0956364 3.0262430 2.7003468 2.8749514 3.0607979 3.0955943 0.6815247 0.6956478 0.6277572 0.3124389 0.0000000 0.0708460 0.0836102 0.0664115 0.0836065 2.4010695 2.2304391 2.2304391 2.0027859 1.9068181 1.9882490 2.0568472 1.7933572 1.8238498 1.9160921 1.7580802 2.0657639 1.8601134 2.1565677 2.2333289 2.2333289 2.2527600 2.2773717 2.2600910 2.2552665 2.2753338 2.0983898 2.1132972 2.1362157 2.3603151 2.2635095 2.2432669 2.2697678 2.3056172 2.3056172 2.2704999 2.2843281 2.3426475 2.3438098 2.3252650 2.3525703 2.2846139 2.1727477 2.3113842 2.3898597 2.4331128 2.3817501 2.4236945 2.3626775 2.4295377 2.3927959 2.3767912 2.3767912 2.0714284 2.1563682 2.1591283 2.1590010 2.0602673 1.9559928 2.0141454 2.0043355 2.0547494 2.0963558 2.0772276 2.0535605 2.0113266 2.0632650 1.9600557 2.0226222 1.8887073 1.9408644 2.0104639 2.2746027 1.9784742 1.9973901 1.9600583 1.9262078 1.9745425 1.9537499 1.9771651 1.9815066 1.9788564 1.9815066 
Alternanthera_mosaic_virus__FJ822136        2.4313203 2.1576543 2.8655282 2.7581224 2.8351486 3.2779869 3.3157470 0.6944097 0.7459842 0.6291982 0.3142962 0.0708460 0.0000000 0.0706328 0.0537674 0.0706304 2.4739628 2.3048664 2.3048664 1.9322918 1.8350921 1.8531093 1.9010221 1.6954023 1.7049496 1.8020957 1.6762908 1.9090408 1.7405859 1.9956723 2.1460506 2.1460506 2.0797077 2.0854719 2.0696499 2.0856454 2.1040104 1.9589611 1.9293340 1.9498796 2.1633102 2.0551383 2.0367815 2.0577342 2.0907570 2.0907570 2.0596591 2.0716251 2.3991063 2.3811544 2.3622746 2.4929016 2.3033890 2.1903471 2.3747498 2.3350955 2.4038560 2.3997160 2.4420705 2.3350935 2.4011004 2.3648888 2.3478286 2.3478286 1.8663135 1.9602839 1.8905608 1.8907556 2.0971590 1.9518106 2.0288471 2.0029815 2.0643572 2.0495084 2.0309812 2.0256614 1.9664375 2.0172074 1.9569971 2.0390402 1.8950019 1.9999554 1.9866287 2.2977328 2.0107584 1.9706279 1.9716856 1.9268506 2.0209560 1.9770218 2.0007070 1.9959565 1.9932740 1.9959565 
Alternanthera_mosaic_virus__GQ179646        2.3212254 2.2505341 3.0704094 2.8165667 2.9753236 3.1777241 3.2140956 0.6714493 0.7709532 0.6063940 0.3265837 0.0836102 0.0706328 0.0000000 0.0386844 0.0064961 2.4926833 2.2096902 2.2096902 1.8886676 1.7764342 1.8301093 1.9317202 1.6968207 1.7064060 1.8297729 1.6792527 1.9352638 1.7430560 1.9368369 2.0820580 2.0820580 1.9975726 2.0221153 2.0067609 2.0237176 2.0414806 1.8921935 1.9080939 1.9088943 2.0726184 1.9696719 1.9520913 2.0348770 2.0675840 2.0675840 2.0369166 2.0486844 2.4710110 2.2889283 2.2707810 2.4392026 2.2236163 2.1392326 2.3043040 2.3533089 2.3283779 2.2793979 2.3214783 2.1753675 2.2365028 2.2033085 2.1883620 2.1883620 1.9465130 2.0270906 1.9899743 1.9738576 2.0306051 1.9298861 1.9649206 1.9606539 2.0246358 2.0096675 1.9916380 1.9863503 1.9282333 1.9780247 1.8989604 1.9981531 1.8284430 1.9586724 1.9272805 2.2484107 1.9330375 1.8943701 1.8937565 1.8502384 2.0241341 1.9064155 1.9293068 1.9345095 1.9319594 1.9345095 
Alternanthera_mosaic_virus__AY863024        2.4016760 2.1445520 2.9669640 2.8562137 2.9199893 3.2516008 3.2889816 0.6758278 0.7358296 0.6176613 0.3242420 0.0664115 0.0537674 0.0386844 0.0000000 0.0386841 2.4272337 2.1505986 2.1505986 1.9171973 1.7887052 1.9130564 1.9449962 1.7422631 1.7524746 1.8256134 1.6908235 1.9857514 1.7896827 1.9641715 2.1117411 2.1117411 2.0491106 2.0511590 2.0355943 2.0524580 2.0704955 1.9193828 1.9355201 1.9363341 2.1021246 1.9975465 1.9797257 2.0640040 2.0970894 2.0970894 2.0658955 2.0779071 2.3409513 2.1647986 2.1476500 2.3574070 2.1469925 2.0662273 2.2275755 2.2066576 2.2527031 2.2055825 2.2441290 2.1274923 2.1870819 2.1740374 2.1581630 2.1581630 1.8792991 1.9546932 1.9208811 1.9210352 1.9681262 1.8706486 1.9445809 1.9198858 1.9986645 1.9836655 1.9660037 1.9607521 1.9045567 1.9525324 1.8766679 1.9743772 1.8066567 1.9159286 1.9044209 2.1996987 1.9268352 1.8883882 1.8719843 1.8468277 1.9634726 1.8864021 1.9090056 1.9131930 1.9106943 1.9131930 
Alternanthera_mosaic_virus__GQ179647        2.3224607 2.2337749 3.0830329 2.7668549 3.0136334 3.1204023 3.1560287 0.6769951 0.7717662 0.6066097 0.3301414 0.0836065 0.0706304 0.0064961 0.0386841 0.0000000 2.4950279 2.2097805 2.2097805 1.8903857 1.7653294 1.8185721 1.9194733 1.6856231 1.6950500 1.8179329 1.6681203 1.9229329 1.7315378 1.9788577 2.1277958 2.1277958 2.0421681 2.0668263 2.0511373 2.0679607 2.0861590 1.9339643 1.9502391 1.9510610 2.1180778 2.0125456 1.9945837 2.0797259 2.1130384 2.1130384 2.0815370 2.0936893 2.4733209 2.2689254 2.2509268 2.4188054 2.2035090 2.1200107 2.2850749 2.3336844 2.3089331 2.2603944 2.3021068 2.1996333 2.2615438 2.2278729 2.2127807 2.2127807 1.9291089 2.0088574 1.9721230 1.9561907 2.0324752 1.9316820 1.9667277 1.9624618 2.0247072 2.0097394 1.9917097 1.9864222 1.9283074 1.9780968 1.9007034 1.9999757 1.8301763 1.9605041 1.9290571 2.2505020 1.9348304 1.8961365 1.8955375 1.8519653 2.0260034 1.9081906 1.9310976 1.9362946 1.9337412 1.9362946 
Opuntia_virus__Strain_CC10                  2.8110301 2.1454034 3.5504617 3.1122491 3.1888126 3.6864303 3.6408971 2.9545769 2.8859144 2.8228362 2.8201341 2.4010695 2.4739628 2.4926833 2.4272337 2.4950279 0.0000000 0.0396939 0.0396939 1.1828097 1.1246569 1.1449825 1.1666962 1.0308677 1.0046470 1.0294689 0.9702041 1.0978068 0.9810873 1.4864869 1.5179731 1.5179731 1.4805430 1.4887562 1.4725310 1.5103616 1.5359708 1.4844580 1.4784080 1.4789371 1.5231075 1.4885120 1.5006534 1.5089607 1.5144152 1.5144152 1.5526546 1.5419580 1.4778174 1.4221854 1.4163557 1.5416434 1.4502714 1.3456841 1.4896545 1.5435824 1.5026353 1.5124088 1.5097477 1.4993095 1.4994603 1.4979736 1.4927060 1.4927060 1.6906205 1.7004198 1.7264699 1.7626688 1.4651934 1.4509759 1.4669827 1.4803205 1.5498170 1.5288504 1.5038036 1.4871232 1.4794740 1.4918651 1.4618373 1.4824366 1.4440138 1.4211607 1.5088097 1.6240335 1.4882778 1.4919417 1.4643728 1.4425245 1.4871931 1.4490807 1.4652567 1.5084085 1.4920713 1.5010175 
Opuntia_virus_X__KY348771                   2.9042345 2.0174537 3.3855671 3.0281362 3.0875266 3.5992039 3.5549319 2.8827521 2.9468741 2.7723987 2.8017679 2.2304391 2.3048664 2.2096902 2.1505986 2.2097805 0.0396939 0.0000000 0.0000010 1.2475779 1.1804751 1.1920326 1.2146841 1.0662747 1.0472394 1.0644678 1.0126693 1.1257243 1.0256244 1.4980495 1.5050474 1.5050474 1.4790014 1.5004856 1.4840579 1.5222591 1.5482360 1.4832793 1.4772111 1.4777418 1.5351906 1.5336242 1.5286924 1.5209682 1.5264022 1.5264022 1.5651808 1.5543535 1.5390202 1.3539133 1.3483475 1.4818391 1.3661784 1.2795741 1.4335960 1.4871426 1.4244160 1.4336469 1.4312221 1.4115836 1.4223968 1.4211880 1.4159951 1.4159951 1.5700631 1.5790785 1.6255999 1.6769052 1.4685859 1.4543641 1.4619046 1.4594659 1.5649331 1.5071501 1.4825785 1.4577563 1.4715269 1.4838728 1.4758166 1.5104550 1.4682666 1.4460363 1.5233882 1.6399997 1.5026847 1.5064700 1.4787164 1.4564521 1.5014969 1.4547847 1.4710569 1.4932963 1.4955567 1.5045303 
Opuntia_virus_X__KU854931                   2.9042345 2.0174537 3.3855671 3.0281362 3.0875266 3.5992039 3.5549319 2.8827521 2.9468741 2.7723987 2.8017679 2.2304391 2.3048664 2.2096902 2.1505986 2.2097805 0.0396939 0.0000010 0.0000000 1.2475779 1.1804751 1.1920326 1.2146841 1.0662747 1.0472394 1.0644678 1.0126693 1.1257243 1.0256244 1.4980495 1.5050474 1.5050474 1.4790014 1.5004856 1.4840579 1.5222591 1.5482360 1.4832793 1.4772111 1.4777418 1.5351906 1.5336242 1.5286924 1.5209682 1.5264022 1.5264022 1.5651808 1.5543535 1.5390202 1.3539133 1.3483475 1.4818391 1.3661784 1.2795741 1.4335960 1.4871426 1.4244160 1.4336469 1.4312221 1.4115836 1.4223968 1.4211880 1.4159951 1.4159951 1.5700631 1.5790785 1.6255999 1.6769052 1.4685859 1.4543641 1.4619046 1.4594659 1.5649331 1.5071501 1.4825785 1.4577563 1.4715269 1.4838728 1.4758166 1.5104550 1.4682666 1.4460363 1.5233882 1.6399997 1.5026847 1.5064700 1.4787164 1.4564521 1.5014969 1.4547847 1.4710569 1.4932963 1.4955567 1.5045303 
Schlumbergera_virus_X__KU854929             3.2038048 2.4763854 3.4625568 3.1771159 3.1430815 3.3615824 3.3210080 3.5760512 2.6007609 2.6589079 2.2369126 2.0027859 1.9322918 1.8886676 1.9171973 1.8903857 1.1828097 1.2475779 1.2475779 0.0000000 0.1385470 0.1340329 0.1377567 0.0986813 0.0932537 0.1264788 0.0966854 0.1346905 0.0955920 0.5844843 0.5781474 0.5781474 0.5713365 0.5633037 0.5547198 0.5856335 0.5899400 0.5676982 0.5670175 0.5671490 0.5925601 0.6083014 0.6001211 0.5774350 0.5922272 0.5922272 0.5955824 0.5973421 0.8093442 0.7631645 0.7556992 0.8381047 0.7398110 0.7217438 0.8262918 0.8638714 0.8634536 0.8341142 0.8389497 0.8226397 0.8159810 0.8173786 0.7973557 0.7973557 0.6827828 0.7176974 0.6973670 0.6934930 0.7181829 0.6948229 0.6981421 0.6977610 0.7196174 0.7144043 0.7085863 0.7041471 0.6848954 0.7012475 0.7055152 0.6986137 0.6682869 0.6775917 0.6903419 0.8335475 0.6713306 0.6717478 0.6702555 0.6875822 0.6976474 0.6890910 0.7023764 0.7125247 0.7172711 0.7157493 
SRR11190802_Plant__DH-1_NC_011659           2.8725085 2.4920711 3.8180131 3.4091826 3.0284643 3.5104728 3.4677149 3.4846948 2.5183684 2.5837328 2.3716724 1.9068181 1.8350921 1.7764342 1.7887052 1.7653294 1.1246569 1.1804751 1.1804751 0.1385470 0.0000000 0.0746542 0.0727748 0.0212525 0.0214348 0.0557499 0.0297384 0.0664270 0.0227547 0.5833378 0.5770730 0.5770730 0.5534194 0.5714012 0.5680996 0.5924664 0.6019873 0.5696150 0.5723558 0.5724885 0.5918888 0.5880421 0.5800359 0.5624112 0.5769860 0.5769860 0.5741581 0.5758291 0.8333503 0.7559031 0.7498662 0.8490871 0.8000723 0.7607102 0.8826551 0.8875020 0.9073183 0.8903815 0.8955987 0.8433805 0.8431564 0.8445465 0.8297957 0.8297957 0.7083522 0.7500048 0.7234809 0.7132932 0.6468004 0.6322333 0.6475794 0.6514149 0.6467536 0.6460123 0.6459568 0.6498440 0.6313650 0.6472356 0.6376493 0.6627270 0.6100162 0.6325224 0.6425491 0.7606743 0.6341323 0.6206409 0.6020889 0.6316735 0.6454870 0.6322896 0.6448045 0.6449354 0.6446099 0.6479925 
Schlumbergera_virus_X__KP090203             2.9258734 2.4997875 3.5583702 3.7591636 3.1495790 3.4210348 3.3795780 3.4464500 2.6092518 2.5347959 2.3410156 1.9882490 1.8531093 1.8301093 1.9130564 1.8185721 1.1449825 1.1920326 1.1920326 0.1340329 0.0746542 0.0000000 0.0435845 0.0245641 0.0195855 0.0333199 0.0211007 0.0372285 0.0209525 0.5518384 0.5547850 0.5547850 0.5295183 0.5359106 0.5344270 0.5620566 0.5705125 0.5381946 0.5437676 0.5438938 0.5738015 0.5695978 0.5620921 0.5419929 0.5591437 0.5591437 0.5563879 0.5580011 0.7831354 0.7448717 0.7414402 0.8221853 0.7610282 0.7260291 0.8299703 0.8406983 0.8465729 0.8312218 0.8426929 0.7985052 0.7982988 0.7997141 0.7799172 0.7799172 0.6590202 0.6876166 0.6786169 0.6589469 0.6440210 0.6397881 0.6487327 0.6586446 0.6678960 0.6781458 0.6726300 0.6628126 0.6492215 0.6650214 0.6538911 0.6792982 0.6154485 0.6475490 0.6549680 0.7692178 0.6507811 0.6401604 0.6341529 0.6471265 0.6712560 0.6525157 0.6653317 0.6707397 0.6703825 0.6738653 
Schlumbergera_virus_X__Strain_K11           3.1672758 2.7158314 3.5658955 3.5733135 3.1349627 3.5545592 3.5112493 3.3115748 2.5297693 2.6454814 2.3129499 2.0568472 1.9010221 1.9317202 1.9449962 1.9194733 1.1666962 1.2146841 1.2146841 0.1377567 0.0727748 0.0435845 0.0000000 0.0244991 0.0196100 0.0351491 0.0211359 0.0439486 0.0225820 0.6267170 0.6300845 0.6300845 0.5916028 0.6101326 0.6055411 0.6381643 0.6475470 0.6088547 0.6149292 0.6150743 0.6414689 0.6416017 0.6335208 0.6166271 0.6351095 0.6351095 0.6319820 0.6338972 0.7774509 0.7500985 0.7427131 0.8195150 0.7614711 0.7296427 0.8396989 0.8513058 0.8500694 0.8475743 0.8525115 0.8143933 0.8077861 0.8091916 0.7892817 0.7892817 0.6687994 0.7081222 0.6934421 0.6735032 0.6679937 0.6594833 0.6728194 0.6822686 0.6704845 0.6651133 0.6597422 0.6606088 0.6419222 0.6575208 0.6679073 0.6937507 0.6266194 0.6488520 0.6646313 0.7798898 0.6508413 0.6463586 0.6403717 0.6537055 0.6707661 0.6622476 0.6751628 0.6805753 0.6851620 0.6837160 
SRR11190798_Plant__DH-3_NC_011659           2.7576671 2.3501203 3.4127915 3.2672450 2.8633264 3.1375969 3.0982249 3.1106950 2.3156967 2.4504585 2.0842863 1.7933572 1.6954023 1.6968207 1.7422631 1.6856231 1.0308677 1.0662747 1.0662747 0.0986813 0.0212525 0.0245641 0.0244991 0.0000000 0.0000010 0.0032654 0.0000010 0.0080648 0.0000010 0.4938516 0.4970001 0.4970001 0.4769918 0.4920228 0.4887029 0.5026620 0.5109892 0.4804317 0.4832028 0.4833232 0.5106613 0.5026972 0.4948195 0.4891502 0.5007396 0.5007396 0.4981320 0.4996206 0.7180573 0.6461252 0.6403768 0.7009157 0.6630213 0.6281889 0.7213916 0.7228420 0.7283703 0.7263345 0.7247888 0.6889581 0.6887790 0.6903704 0.6781116 0.6781116 0.6158764 0.6343653 0.6201948 0.6105944 0.5546919 0.5451557 0.5503348 0.5635426 0.5497780 0.5528480 0.5481705 0.5513768 0.5339344 0.5491446 0.5480988 0.5659700 0.5254598 0.5357772 0.5500132 0.6446851 0.5366997 0.5318543 0.5137472 0.5418210 0.5479786 0.5396636 0.5516100 0.5520944 0.5548995 0.5551407 
SRR11190801_Plant__DH-2_NC_011659           2.7570993 2.3403079 3.4145595 3.2678457 2.8942205 3.1958177 3.1552294 3.0828511 2.3350730 2.4670304 2.1004423 1.8238498 1.7049496 1.7064060 1.7524746 1.6950500 1.0046470 1.0472394 1.0472394 0.0932537 0.0214348 0.0195855 0.0196100 0.0000010 0.0000000 0.0032704 0.0000010 0.0016075 0.0000010 0.4837567 0.4912893 0.4912893 0.4668608 0.4818061 0.4830324 0.4924528 0.5007087 0.4730987 0.4729800 0.4730987 0.5003592 0.4924488 0.4846149 0.4789916 0.4905204 0.4905204 0.4879600 0.4894167 0.7018107 0.6354642 0.6354642 0.6985613 0.6603041 0.6229795 0.7191235 0.7267612 0.7261338 0.7179292 0.7225351 0.6865316 0.6863520 0.6879572 0.6756402 0.6756402 0.6046986 0.6176645 0.6089867 0.5994635 0.5438551 0.5343024 0.5395549 0.5526229 0.5390757 0.5419800 0.5373779 0.5386813 0.5274488 0.5365079 0.5373123 0.5551258 0.5128147 0.5218112 0.5373553 0.6330601 0.5241287 0.5241832 0.5078580 0.5291539 0.5371725 0.5288333 0.5406899 0.5412174 0.5440288 0.5442598 
SRR11603189_RR-peel-3_NC_011659             2.9286038 2.3543037 3.4700158 3.3837897 2.9592742 3.3909218 3.3488902 3.2584989 2.3812459 2.5052350 2.1887236 1.9160921 1.8020957 1.8297729 1.8256134 1.8179329 1.0294689 1.0644678 1.0644678 0.1264788 0.0557499 0.0333199 0.0351491 0.0032654 0.0032704 0.0000000 0.0000010 0.0030707 0.0032247 0.5472487 0.5506135 0.5506135 0.5153446 0.5384164 0.5397710 0.5576924 0.5663486 0.5281651 0.5296176 0.5297443 0.5606425 0.5456186 0.5427526 0.5371310 0.5547012 0.5547012 0.5518880 0.5535311 0.7456005 0.6965753 0.6965753 0.7719383 0.7131497 0.6722038 0.7862322 0.8035165 0.7956274 0.7928748 0.8041818 0.7603632 0.7601648 0.7616503 0.7419272 0.7419272 0.6439438 0.6620052 0.6637896 0.6486846 0.5991178 0.5899792 0.5991590 0.6132687 0.5990104 0.6027974 0.5978229 0.6048809 0.5876837 0.5969402 0.5879286 0.6077519 0.5629198 0.5774602 0.5946155 0.7027109 0.5812930 0.5859761 0.5695029 0.5866527 0.5899045 0.5801145 0.5922264 0.5988298 0.6015837 0.6018672 
SRR11603187_RR-pulp-2_NC_011659             2.6688850 2.3021732 3.4411111 3.2189768 2.8318001 3.1621923 3.1222980 3.2590936 2.2114417 2.3663601 2.0477744 1.7580802 1.6762908 1.6792527 1.6908235 1.6681203 0.9702041 1.0126693 1.0126693 0.0966854 0.0297384 0.0211007 0.0211359 0.0000010 0.0000010 0.0000010 0.0000000 0.0000010 0.0000010 0.5015509 0.5047446 0.5047446 0.4805772 0.5014271 0.5027041 0.5104708 0.5188758 0.4896177 0.4909734 0.4910952 0.5143386 0.5038578 0.5009769 0.4968861 0.5085506 0.5085506 0.5059008 0.5074177 0.6903967 0.6506458 0.6506458 0.7139478 0.6710509 0.6313745 0.7361813 0.7495921 0.7475300 0.7391796 0.7501177 0.7073555 0.7071701 0.7087452 0.6927252 0.6927252 0.6103651 0.6335770 0.6300643 0.6150927 0.5572713 0.5522401 0.5573899 0.5707361 0.5544158 0.5575603 0.5528458 0.5596458 0.5428304 0.5519670 0.5463794 0.5706866 0.5269398 0.5355989 0.5528378 0.6554691 0.5395399 0.5426408 0.5262143 0.5446695 0.5481780 0.5443472 0.5563440 0.5568103 0.5596156 0.5598615 
SRR11603183_GW-peel-2_NC_011659             3.0587095 2.6214754 3.6298279 3.5699068 3.0494039 3.6339143 3.5891575 3.4276695 2.5483577 2.5634520 2.3317181 2.0657639 1.9090408 1.9352638 1.9857514 1.9229329 1.0978068 1.1257243 1.1257243 0.1346905 0.0664270 0.0372285 0.0439486 0.0080648 0.0016075 0.0030707 0.0000010 0.0000000 0.0000010 0.5714745 0.5745339 0.5745339 0.5399616 0.5600360 0.5585807 0.5820186 0.5907125 0.5486825 0.5543365 0.5544655 0.5850211 0.5788727 0.5760198 0.5615606 0.5790693 0.5790693 0.5762109 0.5779019 0.8026544 0.7585940 0.7551019 0.8378549 0.7840257 0.7330528 0.8531290 0.8706581 0.8628751 0.8538801 0.8719773 0.8260691 0.8258503 0.8272608 0.8068002 0.8068002 0.6788963 0.6978002 0.6990676 0.6836963 0.6516601 0.6426682 0.6516425 0.6664875 0.6558930 0.6605321 0.6551636 0.6564878 0.6325980 0.6481517 0.6515759 0.6577551 0.6071879 0.6182493 0.6385189 0.7605598 0.6203754 0.6191953 0.6085637 0.6276462 0.6397412 0.6300208 0.6425337 0.6491437 0.6488122 0.6522201 
SRR11603184_GW-peel-1_NC_011659             2.6915473 2.3158951 3.2475944 3.2117476 2.7890848 3.1375692 3.0984196 3.1016989 2.3729152 2.3760173 2.1134532 1.8601134 1.7405859 1.7430560 1.7896827 1.7315378 0.9810873 1.0256244 1.0256244 0.0955920 0.0227547 0.0209525 0.0225820 0.0000010 0.0000010 0.0032247 0.0000010 0.0000010 0.0000000 0.5151355 0.5183897 0.5183897 0.4908806 0.5089139 0.5102096 0.5241964 0.5326902 0.5048672 0.5047433 0.5048672 0.5324014 0.5267160 0.5238131 0.5105613 0.5222903 0.5222903 0.5195830 0.5211412 0.6995162 0.6444182 0.6444182 0.6938401 0.6528031 0.6249872 0.7213389 0.7274793 0.7268606 0.7187678 0.7293654 0.6878029 0.6876256 0.6892056 0.6735980 0.6735980 0.5892143 0.6114791 0.6081700 0.5937792 0.5413787 0.5368092 0.5419532 0.5548233 0.5391937 0.5420415 0.5375308 0.5440840 0.5333494 0.5422814 0.5370948 0.5549268 0.5101152 0.5262185 0.5375088 0.6393786 0.5198765 0.5242290 0.5082359 0.5261293 0.5404581 0.5347597 0.5407778 0.5453231 0.5480826 0.5483132 
MG210801                                    2.5152991 2.5788826 3.5709310 3.7922681 3.4381767 3.1701853 3.1324613 2.6051117 2.0796111 2.2058784 1.8472352 2.1565677 1.9956723 1.9368369 1.9641715 1.9788577 1.4864869 1.4980495 1.4980495 0.5844843 0.5833378 0.5518384 0.6267170 0.4938516 0.4837567 0.5472487 0.5015509 0.5714745 0.5151355 0.0000000 0.0166268 0.0166268 0.0092241 0.0091083 0.0091340 0.0120471 0.0166454 0.0061243 0.0061138 0.0061156 0.0182515 0.0245088 0.0214118 0.0152943 0.0198464 0.0198464 0.0167200 0.0167452 0.7649796 0.6526050 0.6543737 0.7866809 0.6608054 0.6315699 0.7520330 0.7815253 0.7903445 0.7870142 0.7994287 0.7531917 0.7589669 0.7538634 0.7433333 0.7433333 0.6885496 0.6677307 0.6862397 0.6683621 0.7635651 0.7301985 0.7400597 0.7333967 0.7454614 0.7572004 0.7569024 0.7482194 0.7421035 0.7505715 0.7566313 0.7329932 0.7058666 0.7238255 0.7348565 0.8254035 0.7339104 0.7211621 0.7198041 0.7248674 0.7416759 0.7426229 0.7567560 0.7499308 0.7431923 0.7562531 
SRR11190800_Plant__BSJ-2_NC_024458          2.4973888 2.6801161 3.5999942 3.8623005 3.4597120 3.0233854 2.9877571 2.6208366 2.1228548 2.3220814 1.8354726 2.2333289 2.1460506 2.0820580 2.1117411 2.1277958 1.5179731 1.5050474 1.5050474 0.5781474 0.5770730 0.5547850 0.6300845 0.4970001 0.4912893 0.5506135 0.5047446 0.5745339 0.5183897 0.0166268 0.0000000 0.0000010 0.0045761 0.0060365 0.0060534 0.0089980 0.0135612 0.0045749 0.0060984 0.0061003 0.0197682 0.0228844 0.0198025 0.0152545 0.0182462 0.0182462 0.0182276 0.0182551 0.7665168 0.6516977 0.6534634 0.7920077 0.6490579 0.6257132 0.7525394 0.7751346 0.7838820 0.7805666 0.7929009 0.7469350 0.7580622 0.7589154 0.7483245 0.7483245 0.6926243 0.6716797 0.7007259 0.6928329 0.7546571 0.7215805 0.7314261 0.7248177 0.7368354 0.7483542 0.7480717 0.7453985 0.7392923 0.7477464 0.7478205 0.7245213 0.7031259 0.7210557 0.7320858 0.8283136 0.7311318 0.7184045 0.7112301 0.7220983 0.7330121 0.7338617 0.7478641 0.7411609 0.7345023 0.7474259 
SRR11190791_Plant__BSJ-1_NC_024458          2.4973888 2.6801161 3.5999942 3.8623005 3.4597120 3.0233854 2.9877571 2.6208366 2.1228548 2.3220814 1.8354726 2.2333289 2.1460506 2.0820580 2.1117411 2.1277958 1.5179731 1.5050474 1.5050474 0.5781474 0.5770730 0.5547850 0.6300845 0.4970001 0.4912893 0.5506135 0.5047446 0.5745339 0.5183897 0.0166268 0.0000010 0.0000000 0.0045761 0.0060365 0.0060534 0.0089980 0.0135612 0.0045749 0.0060984 0.0061003 0.0197682 0.0228844 0.0198025 0.0152545 0.0182462 0.0182462 0.0182276 0.0182551 0.7665168 0.6516977 0.6534634 0.7920077 0.6490579 0.6257132 0.7525394 0.7751346 0.7838820 0.7805666 0.7929009 0.7469350 0.7580622 0.7589154 0.7483245 0.7483245 0.6926243 0.6716797 0.7007259 0.6928329 0.7546571 0.7215805 0.7314261 0.7248177 0.7368354 0.7483542 0.7480717 0.7453985 0.7392923 0.7477464 0.7478205 0.7245213 0.7031259 0.7210557 0.7320858 0.8283136 0.7311318 0.7184045 0.7112301 0.7220983 0.7330121 0.7338617 0.7478641 0.7411609 0.7345023 0.7474259 
SRR11190802_Plant__DH-1_NC_024458           2.4189935 2.6018098 3.4439763 3.7972197 3.3738930 2.9073239 2.8725716 2.5540663 2.1536408 2.2360750 1.7477592 2.2527600 2.0797077 1.9975726 2.0491106 2.0421681 1.4805430 1.4790014 1.4790014 0.5713365 0.5534194 0.5295183 0.5916028 0.4769918 0.4668608 0.5153446 0.4805772 0.5399616 0.4908806 0.0092241 0.0045761 0.0045761 0.0000000 0.0000010 0.0000010 0.0000010 0.0030450 0.0000010 0.0000010 0.0000010 0.0107952 0.0123332 0.0092358 0.0061981 0.0092653 0.0092653 0.0092432 0.0092573 0.7614095 0.6368376 0.6385895 0.7744662 0.6462802 0.6224567 0.7289887 0.7637379 0.7601929 0.7630062 0.7691292 0.7292427 0.7403929 0.7412975 0.7306031 0.7306031 0.6597964 0.6392870 0.6629074 0.6552028 0.7384065 0.7161771 0.7204410 0.7137484 0.7167402 0.7280102 0.7277604 0.7191099 0.7129919 0.7214604 0.7369989 0.7135837 0.6839455 0.7020236 0.7152300 0.7998710 0.7089228 0.6961159 0.6978935 0.7050479 0.7220268 0.7227721 0.7369416 0.7302332 0.7235187 0.7365742 
SRR11190801_Plant__DH-2_NC_024458           2.4390904 2.6169988 3.4858409 3.8687055 3.4758867 2.9927885 2.9572148 2.6214822 2.1397462 2.2924227 1.8253587 2.2773717 2.0854719 2.0221153 2.0511590 2.0668263 1.4887562 1.5004856 1.5004856 0.5633037 0.5714012 0.5359106 0.6101326 0.4920228 0.4818061 0.5384164 0.5014271 0.5600360 0.5089139 0.0091083 0.0060365 0.0060365 0.0000010 0.0000000 0.0000010 0.0000010 0.0045181 0.0000010 0.0000010 0.0000010 0.0106593 0.0137506 0.0106786 0.0061108 0.0091486 0.0091486 0.0091398 0.0091535 0.7659227 0.6497337 0.6515101 0.7741268 0.6540160 0.6238004 0.7349862 0.7631480 0.7657235 0.7624223 0.7746415 0.7290178 0.7400494 0.7409453 0.7303634 0.7303634 0.6580126 0.6377676 0.6558207 0.6482659 0.7531138 0.7254504 0.7296295 0.7229471 0.7351106 0.7467381 0.7464548 0.7377410 0.7315938 0.7401038 0.7462040 0.7136303 0.6952133 0.7132666 0.7244189 0.8150547 0.7234316 0.7106196 0.7091842 0.7143233 0.7312300 0.7320707 0.7462330 0.7394643 0.7327343 0.7458011 
SRR11190798_Plant__DH-3_NC_024458           2.4329531 2.6074966 3.4532570 3.8326809 3.4490504 2.9694723 2.9341859 2.5845627 2.1310341 2.2864453 1.8089173 2.2600910 2.0696499 2.0067609 2.0355943 2.0511373 1.4725310 1.4840579 1.4840579 0.5547198 0.5680996 0.5344270 0.6055411 0.4887029 0.4830324 0.5397710 0.5027041 0.5585807 0.5102096 0.0091340 0.0060534 0.0060534 0.0000010 0.0000010 0.0000000 0.0000010 0.0045317 0.0000010 0.0000010 0.0000010 0.0106895 0.0137896 0.0107089 0.0061282 0.0091745 0.0091745 0.0091656 0.0091795 0.7621229 0.6532954 0.6532954 0.7702992 0.6501661 0.6200498 0.7312431 0.7593556 0.7619168 0.7586202 0.7708105 0.7252764 0.7362834 0.7371881 0.7266127 0.7266127 0.6614731 0.6410825 0.6592588 0.6516516 0.7573550 0.7295041 0.7336761 0.7269498 0.7391684 0.7509323 0.7506407 0.7418700 0.7356867 0.7442472 0.7503797 0.7175098 0.6990844 0.7172376 0.7284281 0.8197873 0.7274494 0.7125868 0.7111606 0.7182966 0.7352950 0.7361841 0.7504478 0.7436021 0.7368158 0.7499836 
SRR11190795_Plant__FR-3_NC_024458           2.5336560 2.6713230 3.6387486 3.9010920 3.4990905 3.0914864 3.0548972 2.6127554 2.1734632 2.2846526 1.8710742 2.2552665 2.0856454 2.0237176 2.0524580 2.0679607 1.5103616 1.5222591 1.5222591 0.5856335 0.5924664 0.5620566 0.6381643 0.5026620 0.4924528 0.5576924 0.5104708 0.5820186 0.5241964 0.0120471 0.0089980 0.0089980 0.0000010 0.0000010 0.0000010 0.0000000 0.0044624 0.0000010 0.0000010 0.0000010 0.0151504 0.0182406 0.0151769 0.0106387 0.0136342 0.0136342 0.0136205 0.0136410 0.7865770 0.6607678 0.6625690 0.7975982 0.6636458 0.6397468 0.7578861 0.7923258 0.7894150 0.7860839 0.7984976 0.7522588 0.7634565 0.7643002 0.7536675 0.7536675 0.6854280 0.6646884 0.6831324 0.6754116 0.7516839 0.7173681 0.7285397 0.7219488 0.7339522 0.7453999 0.7451228 0.7365309 0.7304679 0.7388610 0.7448781 0.7216878 0.6945791 0.7123928 0.7234013 0.8126783 0.7224238 0.7097835 0.7083618 0.7134361 0.7301161 0.7309336 0.7448946 0.7382309 0.7315978 0.7444780 
Pitaya_virus_X                              2.5842205 2.7224877 3.6742409 3.9395037 3.5008134 3.1207434 3.0837480 2.6347195 2.2146874 2.3290412 1.8523422 2.2753338 2.1040104 2.0414806 2.0704955 2.0861590 1.5359708 1.5482360 1.5482360 0.5899400 0.6019873 0.5705125 0.6475470 0.5109892 0.5007087 0.5663486 0.5188758 0.5907125 0.5326902 0.0166454 0.0135612 0.0135612 0.0030450 0.0045181 0.0045317 0.0044624 0.0000000 0.0045732 0.0045652 0.0045662 0.0197906 0.0229106 0.0198250 0.0121764 0.0151715 0.0151715 0.0151562 0.0151790 0.7921683 0.6607678 0.6625690 0.8032744 0.6688693 0.6447871 0.7748199 0.7979442 0.7950270 0.8036163 0.8163167 0.7691097 0.7805491 0.7813642 0.7705843 0.7705843 0.7007950 0.6796272 0.6984256 0.6905576 0.7687167 0.7337962 0.7450246 0.7383245 0.7504269 0.7623075 0.7620005 0.7532665 0.7471213 0.7556312 0.7617173 0.7378581 0.7107105 0.7287396 0.7397888 0.8310534 0.7388551 0.7260512 0.7247202 0.7297819 0.7466601 0.7476646 0.7618890 0.7549852 0.7481933 0.7613480 
SRR11603182_GW-peel-3_NC_024458             2.4738574 2.5102837 3.5580689 3.8802646 3.5248186 3.0370828 3.0005969 2.4340401 2.1066357 2.2056496 1.7621597 2.0983898 1.9589611 1.8921935 1.9193828 1.9339643 1.4844580 1.4832793 1.4832793 0.5676982 0.5696150 0.5381946 0.6088547 0.4804317 0.4730987 0.5281651 0.4896177 0.5486825 0.5048672 0.0061243 0.0045749 0.0045749 0.0000010 0.0000010 0.0000010 0.0000010 0.0045732 0.0000000 0.0000010 0.0000010 0.0076765 0.0139176 0.0108081 0.0061851 0.0092595 0.0092595 0.0076972 0.0077089 0.7351253 0.6380581 0.6398095 0.7559531 0.6485228 0.6283560 0.7216654 0.7401112 0.7534948 0.7501998 0.7623597 0.7221828 0.7312071 0.7288075 0.7182175 0.7182175 0.6633721 0.6427654 0.6611304 0.6486466 0.7361313 0.7086789 0.7059274 0.7063340 0.7114835 0.7298171 0.7295638 0.7170920 0.7109873 0.7194375 0.7293486 0.6993396 0.6875220 0.6928551 0.7110917 0.7995328 0.7010809 0.6972758 0.6854336 0.6986513 0.7074657 0.7118429 0.7258122 0.7154936 0.7089140 0.7217364 
SRR11603184_GW-peel-1_NC_024458             2.4705271 2.4481192 3.4540658 3.7492720 3.4623475 2.9800462 2.9444369 2.4298065 2.0665020 2.1831724 1.7343540 2.1132972 1.9293340 1.9080939 1.9355201 1.9502391 1.4784080 1.4772111 1.4772111 0.5670175 0.5723558 0.5437676 0.6149292 0.4832028 0.4729800 0.5296176 0.4909734 0.5543365 0.5047433 0.0061138 0.0060984 0.0060984 0.0000010 0.0000010 0.0000010 0.0000010 0.0045652 0.0000010 0.0000000 0.0000010 0.0076633 0.0138936 0.0107895 0.0061744 0.0092435 0.0092435 0.0076839 0.0076956 0.7416594 0.6382455 0.6399969 0.7560765 0.6487157 0.6285503 0.7218147 0.7428036 0.7536201 0.7503280 0.7624774 0.7223321 0.7313501 0.7289520 0.7183695 0.7183695 0.6488310 0.6286566 0.6466642 0.6344298 0.7393123 0.7118133 0.7090292 0.7094384 0.7145754 0.7329851 0.7327259 0.7169103 0.7108073 0.7192551 0.7325040 0.7023938 0.6873480 0.6926807 0.7109131 0.7970134 0.7009051 0.6971003 0.6885435 0.6984756 0.7105753 0.7149884 0.7289859 0.7186297 0.7120308 0.7248846 
SRR11603183_GW-peel-2_NC_024458             2.4974733 2.4735434 3.4959387 3.7954219 3.5038007 3.0149862 2.9788737 2.4549054 2.0877252 2.1840858 1.7523083 2.1362157 1.9498796 1.9088943 1.9363341 1.9510610 1.4789371 1.4777418 1.4777418 0.5671490 0.5724885 0.5438938 0.6150743 0.4833232 0.4730987 0.5297443 0.4910952 0.5544655 0.5048672 0.0061156 0.0061003 0.0061003 0.0000010 0.0000010 0.0000010 0.0000010 0.0045662 0.0000010 0.0000010 0.0000000 0.0076656 0.0138977 0.0107927 0.0061763 0.0092463 0.0092463 0.0076862 0.0076979 0.7506394 0.6438427 0.6456142 0.7623180 0.6546045 0.6342576 0.7278013 0.7517898 0.7598363 0.7565226 0.7687700 0.7283356 0.7374138 0.7349883 0.7243539 0.7243539 0.6542443 0.6339279 0.6520515 0.6397355 0.7454819 0.7178135 0.7149586 0.7153739 0.7205015 0.7391108 0.7388397 0.7229276 0.7167946 0.7252840 0.7386042 0.7082125 0.6932356 0.6985615 0.7168523 0.8036490 0.7067933 0.7029982 0.6944289 0.7043733 0.7165242 0.7210192 0.7351112 0.7246526 0.7179976 0.7309489 
