93
Clover_yellow_mosaic_virus                  0.0000000 1.4213919 2.9048205 2.2610145 2.4188397 2.7016550 2.5259756 2.7332022 2.5140534 2.6065276 2.0887583 2.0442149 2.0071083 1.8725505 2.0513778 1.8234249 1.5717957 1.6001393 1.6001393 1.9629888 1.8923357 1.8952187 1.8758034 1.8420256 1.8420256 1.9096047 1.9096047 1.8303976 1.8121789 2.2449491 2.2974525 2.2974525 2.3288076 2.3911635 2.3911635 2.3700211 2.3700211 2.3472402 2.3472402 2.3472402 2.4357260 2.4600443 2.4411750 2.3697851 2.3194341 2.3194341 2.3242429 2.3242429 2.0016715 2.7838737 2.7838737 2.7643444 2.7492349 2.7430409 2.8082544 2.6887825 2.7667580 2.9338548 2.7612688 2.6539561 2.6539561 2.5316076 2.5316076 2.4474280 2.5360467 2.6246020 2.4474280 2.9924854 2.9601137 2.7320580 2.7320580 2.8714899 2.9022363 2.9757077 2.9022363 2.6888918 2.9234688 3.4985998 3.2227181 2.8536762 2.8970081 2.9268486 2.8470776 2.8469237 2.8631008 2.9129331 2.8699383 2.9561571 3.0931514 3.0931514 2.9078339 2.9408697 2.9078339 
Hydrangea_ringspot_virus                    1.4213919 0.0000000 2.2179274 1.6454748 2.4925263 2.2984849 2.3874696 2.7452430 2.1583370 1.5895813 1.5583230 1.6799036 1.7389909 1.7020255 1.7913303 1.7432811 2.4684329 2.5174343 2.5174343 2.4192167 2.0998904 2.3032046 2.2219093 2.2918535 2.2918535 2.2265043 2.2265043 2.1455436 2.1916094 2.2220309 2.3513561 2.3513561 2.2594297 2.3998488 2.3998488 2.3050862 2.3050862 2.3255511 2.3255511 2.3255511 2.4148869 2.3429193 2.3878618 2.4090141 2.3664890 2.3664890 2.4019310 2.4019310 1.7130277 2.4033566 2.4033566 2.2241340 2.2852100 2.3417436 2.0208123 2.3257338 2.3490879 2.5176233 2.3859292 2.2264633 2.2264633 2.0995996 2.0995996 1.7984015 1.8343155 1.9166131 1.7116548 1.8051896 1.7827644 1.8855749 1.8855749 1.9345905 1.9330624 1.9175348 1.9018704 1.7471523 1.9018704 1.8303229 1.9479522 1.7931656 1.7443384 1.9767724 1.8609461 1.8240326 1.9434196 1.8800482 1.8680361 1.8808709 1.8915650 1.8915650 1.8953442 1.9150778 1.8953442 
Plantago_asiatica_mosaic_virus__KU697313    2.9048205 2.2179274 0.0000000 0.3352998 0.3196367 0.3343043 0.3360169 4.6325225 6.8308398 2.7046523 3.0124482 3.5404789 3.4318696 3.6609155 3.9331957 3.5520469 1.7751100 1.8656005 1.8656005 1.2617437 1.1931701 1.2425396 1.2635327 1.2353680 1.2353680 1.1720119 1.1720119 1.2471829 1.1603869 1.5277557 1.5328200 1.5328200 1.4724720 1.5465310 1.5465310 1.5397040 1.5397040 1.5218671 1.5218671 1.5218671 1.5744491 1.5153087 1.5369971 1.5714684 1.5816880 1.5816880 1.5751402 1.5751402 1.9836281 1.9326954 1.9326954 1.7884774 1.8505392 1.9787358 1.8687568 1.8695313 1.8969082 2.0150128 1.9199234 1.8260056 1.8260056 1.8014235 1.8014235 2.1673228 2.2167778 2.1780120 2.0807740 2.0888691 1.9650664 1.9839559 1.9839559 1.9715333 2.0000840 1.9422685 1.9677476 1.8918873 1.9677476 2.0306673 2.1246794 1.9879465 1.9456960 2.0181841 2.0448190 1.9403272 2.0384369 1.9737341 1.9606650 2.0066304 1.9905346 1.9905346 2.0227857 2.0431900 2.0227857 
Nandina_mosaic_virus                        2.2610145 1.6454748 0.3352998 0.0000000 0.3904214 0.2925792 0.2996091 3.8615339 6.5818924 2.8528272 2.8074291 3.6450636 3.3280896 3.3123297 3.4742850 3.2182319 2.0618118 2.1696325 2.1696325 1.4092188 1.2797131 1.3191275 1.3280626 1.2934491 1.2934491 1.2322807 1.2322807 1.3212744 1.1646273 1.3406836 1.4371963 1.4371963 1.3287188 1.4105912 1.4105912 1.4054223 1.4054223 1.3730439 1.3730439 1.3730439 1.4393229 1.3861132 1.4049509 1.4331792 1.4419337 1.4419337 1.4661502 1.4661502 2.2721599 2.3177252 2.3177252 2.1433787 2.2649735 2.3769096 2.1296911 2.2313837 2.2733968 2.4213061 2.3018648 2.2187099 2.2187099 2.1661531 2.1661531 1.9712303 2.0098589 1.9969356 2.0713413 2.2404693 2.1644572 2.1276264 2.1276264 2.2194825 2.1669242 2.1142735 2.1302038 2.0081793 2.1302038 2.0242629 2.1907292 1.9279741 2.0148852 2.2182067 2.0880512 2.0519675 2.1803392 2.1024679 2.1018024 2.1512210 2.1427661 2.1427661 2.1696546 2.1911633 2.1696546 
Plantago_asiatica_mosaic_virus__LC155795    2.4188397 2.4925263 0.3196367 0.3904214 0.0000000 0.2942530 0.2985396 4.1169641 3.8923198 3.4802342 2.8843130 2.7815230 2.3790439 2.7736155 2.8834129 2.7016164 1.7697341 1.8355476 1.8355476 1.3479610 1.1940642 1.2173625 1.2064804 1.1547426 1.1547426 1.1201864 1.1201864 1.1767746 1.1465901 1.5558686 1.5826850 1.5826850 1.4179343 1.5669663 1.5669663 1.6185105 1.6185105 1.5252404 1.5252404 1.5252404 1.6398225 1.5615952 1.5839205 1.6030703 1.6248276 1.6248276 1.6308863 1.6308863 1.6033268 1.7038192 1.7038192 1.6531383 1.7197825 1.7415988 1.7282656 1.6653304 1.6482770 1.7450237 1.6673460 1.6330494 1.6330494 1.5925792 1.5925792 1.6920923 1.6654223 1.6567541 1.6161696 1.7683049 1.6966169 1.7466095 1.7466095 1.7173003 1.7389021 1.7250467 1.7142786 1.6629701 1.7142786 1.6513114 1.7594490 1.6725085 1.6666517 1.7201232 1.6834155 1.6629376 1.6941664 1.7045007 1.6922061 1.7297102 1.7578418 1.7578418 1.6647434 1.6814245 1.6647434 
Plantago_asiatica_mosaic_virus__KT717325    2.7016550 2.2984849 0.3343043 0.2925792 0.2942530 0.0000000 0.0131180 3.6435629 4.5260583 3.8226502 2.9149720 3.5908046 3.1229297 3.3155883 3.6584857 3.2236591 1.6175054 1.6803033 1.6803033 1.0917693 1.0107232 1.0422428 1.0982561 1.0113586 1.0113586 0.9810506 0.9810506 1.0325754 0.9661885 1.3829499 1.3869445 1.3869445 1.3161071 1.4109883 1.4109883 1.4058028 1.4058028 1.3885645 1.3885645 1.3885645 1.4368884 1.3836069 1.4024564 1.4336361 1.4424158 1.4424158 1.4314757 1.4314757 2.0393229 1.7569742 1.7569742 1.7046456 1.7083670 1.7966564 1.6657513 1.6157330 1.7255206 1.8285688 1.7457609 1.6662771 1.6662771 1.6248318 1.6248318 1.6519553 1.6826537 1.6737699 1.6519553 1.7641434 1.6924390 1.5915253 1.5915253 1.6563682 1.6926947 1.6790341 1.6691694 1.5793224 1.6691694 1.7177635 1.7927591 1.5942931 1.6205191 1.7359559 1.7184487 1.6468000 1.7096190 1.6561171 1.6477019 1.6840943 1.7079376 1.7079376 1.6949493 1.7119070 1.6949493 
Plantago_asiatica_mosaic_virus__KU159093    2.5259756 2.3874696 0.3360169 0.2996091 0.2985396 0.0131180 0.0000000 3.5879013 4.8865239 4.0556208 3.1634022 3.6817911 3.3931434 3.3941970 3.7514512 3.2991846 1.6134186 1.6759511 1.6759511 1.1889823 1.1007344 1.1345792 1.1956078 1.1052923 1.1052923 1.0719386 1.0719386 1.1244497 1.0586160 1.4351699 1.4395237 1.4395237 1.3670915 1.4648476 1.4648476 1.4590514 1.4590514 1.4416509 1.4416509 1.4416509 1.4914179 1.4360953 1.4559649 1.4882818 1.4975783 1.4975783 1.4859302 1.4859302 2.1896607 1.7891710 1.7891710 1.7359884 1.7401926 1.8299176 1.6968065 1.6446684 1.7569890 1.8625639 1.7776972 1.6964390 1.6964390 1.6543589 1.6543589 1.7911606 1.8249300 1.7318514 1.7911606 1.8251674 1.7504358 1.6453093 1.6453093 1.7126708 1.7509004 1.7369633 1.7259334 1.6712247 1.7259334 1.7798500 1.8549109 1.6490065 1.7157362 1.7956887 1.7771898 1.7423913 1.7680285 1.7516579 1.7831997 1.8231588 1.8530166 1.8530166 1.8360215 1.8542260 1.8360215 
Senna_mosaic_virus                          2.7332022 2.7452430 4.6325225 3.8615339 4.1169641 3.6435629 3.5879013 0.0000000 1.4266575 2.3562748 1.4032538 0.8907951 0.9315534 0.9648736 0.9105562 0.9836728 2.4008313 2.5489822 2.5489822 2.6989308 2.5518362 2.3552927 2.4898823 2.4060881 2.4060881 2.2159854 2.2159854 2.2282907 2.3523487 2.3868415 2.3820785 2.3820785 2.0592885 2.2647254 2.2647254 2.3398517 2.3398517 2.2562188 2.2562188 2.2562188 2.3304571 2.2143457 2.2513095 2.3284992 2.4128344 2.4128344 2.4299110 2.4299110 3.5291377 3.6222520 3.6222520 3.4696340 3.5623236 3.5319805 3.6578062 3.5042054 3.7514328 3.9153984 3.7332990 3.4757675 3.4757675 3.3020713 3.3020713 2.9960634 3.1210494 3.0359498 2.9669268 3.2385434 3.0238539 2.9820026 2.9820026 3.0009967 2.9595107 2.8886168 3.0467194 2.9728827 3.0467194 3.1838709 3.2767347 2.8768131 2.8858380 3.1794792 3.0467194 3.0763587 3.1204447 3.0959972 3.1656493 3.1884867 3.1929349 3.1929349 3.1677360 3.0975651 3.1677360 
Babaco_mosaic_virus                         2.5140534 2.1583370 6.8308398 6.5818924 3.8923198 4.5260583 4.8865239 1.4266575 0.0000000 2.3898778 1.6056627 1.7974281 1.6140586 1.6664803 1.6716774 1.7018584 2.2034339 2.3183295 2.3183295 1.9967395 2.4135743 2.4123261 2.4483122 2.2861151 2.2861151 2.2252215 2.2252215 2.3026226 2.3114562 2.8280547 2.7147067 2.7147067 2.5417199 2.8063310 2.8063310 2.7726152 2.7726152 2.7990900 2.7990900 2.7990900 2.8149962 2.7384913 2.7899373 2.8134933 2.9402763 2.9402763 2.8567706 2.8567706 2.5480001 2.6918810 2.6918810 2.4739775 2.6304868 2.6524577 2.6579688 2.6114209 2.6975179 2.6310092 2.7644815 2.4844796 2.4844796 2.4459062 2.4459062 2.3932119 2.4399316 2.4034165 2.4913184 2.5186181 2.5079671 2.3962487 2.3962487 2.4099009 2.6135775 2.5967100 2.5650178 2.5193934 2.5650178 2.6653817 2.7151658 2.4991690 2.4782609 2.5838108 2.5656213 2.5803828 2.6254733 2.6589301 2.6288271 2.6468244 2.4278973 2.4278973 2.5135767 2.5741910 2.5135767 
Papaya_mosaic_virus                         2.6065276 1.5895813 2.7046523 2.8528272 3.4802342 3.8226502 4.0556208 2.3562748 2.3898778 0.0000000 2.0204111 2.2074607 2.4214333 2.0771203 2.2757446 2.1260018 2.0878078 2.0652882 2.0652882 1.9728476 1.9685939 2.1826006 2.0273346 2.0323304 2.0323304 1.8964888 1.8964888 1.9495370 1.8670272 2.1394693 2.1794559 2.1794559 2.0552678 2.1222316 2.1222316 2.0991692 2.0991692 2.1134707 2.1134707 2.1134707 2.0519161 2.0904672 2.0756413 2.1309230 2.0737819 2.0737819 2.1350510 2.1350510 1.8657307 2.2924673 2.2924673 2.1303892 2.3394445 2.2403345 1.9134208 2.3119470 2.2166746 2.2195240 2.2425804 2.2953712 2.2953712 2.1621193 2.1621193 1.9603271 1.9417528 2.0623867 1.9562222 1.9475145 2.0470987 1.9665453 1.9665453 1.9338142 2.0478537 2.0017918 2.0168950 1.9250527 2.0168950 1.8560152 2.0513961 1.8300296 1.8421173 1.9797330 1.9854703 1.8382325 1.9937397 1.9355475 1.9240506 1.8816518 1.8990680 1.8990680 1.9591300 1.9678145 1.9591300 
Alternanthera_mosaic_virus__LC107515        2.0887583 1.5583230 3.0124482 2.8074291 2.8843130 2.9149720 3.1634022 1.4032538 1.6056627 2.0204111 0.0000000 0.3851476 0.3902868 0.4165177 0.3787038 0.4261316 2.6342197 2.6358728 2.6358728 2.3667499 2.1659686 2.3966755 2.1998726 2.2016748 2.2016748 2.0699367 2.0699367 2.1560053 2.1922423 2.1826738 2.3862104 2.3862104 2.0721161 2.3001545 2.3001545 2.2829717 2.2829717 2.2358713 2.2358713 2.2358713 2.3431209 2.3627060 2.3465659 2.3376435 2.3291545 2.3291545 2.3315677 2.3315677 1.6725548 2.2282964 2.2282964 2.1981210 2.1349252 2.1975307 1.9899726 2.2517781 2.1493146 2.2639046 2.1793011 2.1089964 2.1089964 2.0721796 2.0721796 2.1831497 2.2890269 2.3248911 2.1831497 1.9784553 2.0106778 2.1382096 2.1382096 2.1246539 2.1638206 2.1487853 2.1788392 2.1098401 2.1788392 2.0527847 2.1981445 2.1249986 2.1199243 2.1789417 2.0681449 2.1593050 2.2133911 2.1831420 2.1135545 2.0645343 2.1225215 2.1225215 2.0112525 1.9766200 2.0112525 
Alternanthera_mosaic_virus__MH423501        2.0442149 1.6799036 3.5404789 3.6450636 2.7815230 3.5908046 3.6817911 0.8907951 1.7974281 2.2074607 0.3851476 0.0000000 0.0596917 0.0597499 0.0318817 0.0653884 2.8790328 2.8737578 2.8737578 2.5606365 2.1972912 2.4559013 2.2550052 2.2190751 2.2190751 2.0840158 2.0840158 2.1820378 2.2097955 2.4832570 2.5634996 2.5634996 2.3465060 2.6132172 2.6132172 2.5739682 2.5739682 2.5371859 2.5371859 2.5371859 2.5574658 2.5538733 2.6008445 2.5523569 2.6082334 2.6082334 2.5450331 2.5450331 1.9022598 2.8778225 2.8778225 2.7425533 2.6954504 2.8413329 2.6036508 2.9099871 2.7681372 2.9316507 2.8099318 2.6389816 2.6389816 2.4797193 2.4797193 2.3810942 2.4740769 2.5075969 2.2668504 2.4228940 2.2524688 2.4019392 2.4019392 2.3845090 2.4026199 2.3865275 2.4186906 2.4004073 2.4186906 2.4771613 2.4467265 2.3872139 2.3850489 2.4471534 2.4299919 2.4264484 2.4633374 2.4309460 2.3493044 2.2920586 2.3896014 2.3896014 2.2325387 2.1914470 2.2325387 
Alternanthera_mosaic_virus__FJ822136        2.0071083 1.7389909 3.4318696 3.3280896 2.3790439 3.1229297 3.3931434 0.9315534 1.6140586 2.4214333 0.3902868 0.0596917 0.0000000 0.0770890 0.0484602 0.0828626 2.8031770 2.7981749 2.7981749 2.3789261 2.0330857 2.2422675 2.0655123 2.0458115 2.0458115 1.9253667 1.9253667 2.0186218 2.0337341 2.4870346 2.5676349 2.5676349 2.3664661 2.6175875 2.6175875 2.5781376 2.5781376 2.5412571 2.5412571 2.5412571 2.5615412 2.5579900 2.6051631 2.5564322 2.6125532 2.6125532 2.5490711 2.5490711 1.7311860 2.5575450 2.5575450 2.4338644 2.4369903 2.5264666 2.3577857 2.5826271 2.4636277 2.6017146 2.4993039 2.3484713 2.3484713 2.2361267 2.2361267 2.1932360 2.2770214 2.3074626 2.0906464 2.2432547 2.0885343 2.2241230 2.2241230 2.2092440 2.2250051 2.2095276 2.2404666 2.2188763 2.2404666 2.2820268 2.2657259 2.2076582 2.2033827 2.3201319 2.2511368 2.2439115 2.2815376 2.2503516 2.1767990 2.1251270 2.2626387 2.2626387 2.0696804 2.0330594 2.0696804 
Alternanthera_mosaic_virus__GQ179646        1.8725505 1.7020255 3.6609155 3.3123297 2.7736155 3.3155883 3.3941970 0.9648736 1.6664803 2.0771203 0.4165177 0.0597499 0.0770890 0.0000000 0.0373834 0.0051784 2.8701414 2.8649279 2.8649279 2.3936192 2.0803746 2.3195896 2.1349285 2.0955843 2.0955843 1.9713052 1.9713052 2.0657159 2.0843035 2.5373143 2.6009667 2.6009667 2.3984666 2.6722697 2.6722697 2.6312610 2.6312610 2.5940526 2.5940526 2.5940526 2.6138646 2.6109494 2.6595066 2.6088852 2.6667167 2.6667167 2.6012262 2.6012262 1.9269959 2.7537471 2.7537471 2.6196927 2.6263349 2.7195391 2.4808145 2.7829729 2.6506623 2.8301815 2.6898854 2.5238764 2.5238764 2.3732681 2.3732681 2.4163770 2.4689880 2.5443546 2.4163770 2.4731974 2.2980501 2.4517028 2.4517028 2.4334863 2.4523088 2.4360263 2.4685683 2.4512502 2.4685683 2.5321359 2.4974490 2.4374566 2.4359264 2.4979169 2.4800398 2.4776007 2.5142884 2.4815206 2.3974596 2.3385392 2.4088290 2.4088290 2.2501327 2.2713199 2.2501327 
Alternanthera_mosaic_virus__AY863024        2.0513778 1.7913303 3.9331957 3.4742850 2.8834129 3.6584857 3.7514512 0.9105562 1.6716774 2.2757446 0.3787038 0.0318817 0.0484602 0.0373834 0.0000000 0.0428561 2.9824731 2.9769080 2.9769080 2.4483911 2.2372975 2.5008740 2.2957144 2.2612818 2.2612818 2.1232558 2.1232558 2.2219347 2.2527836 2.5931622 2.6793927 2.6793927 2.4524723 2.7329649 2.7329649 2.6902490 2.6902490 2.6527118 2.6527118 2.6527118 2.6719554 2.6697824 2.7198359 2.6671333 2.7268199 2.7268199 2.6591439 2.6591439 1.9756749 2.7812563 2.7812563 2.6455385 2.6527067 2.7465470 2.5053581 2.8111260 2.6767162 2.8318931 2.7165040 2.5481016 2.5481016 2.3956720 2.3956720 2.2337471 2.3189853 2.3498870 2.2337471 2.5200720 2.3405902 2.4980896 2.4980896 2.4791326 2.4930896 2.4766617 2.5094936 2.4930000 2.5094936 2.5772995 2.5390608 2.4787112 2.4777197 2.5395565 2.5210902 2.5195861 2.5560708 2.5230161 2.4369994 2.3767184 2.4820119 2.4820119 2.3150234 2.2715332 2.3150234 
Alternanthera_mosaic_virus__GQ179647        1.8234249 1.7432811 3.5520469 3.2182319 2.7016164 3.2236591 3.2991846 0.9836728 1.7018584 2.1260018 0.4261316 0.0653884 0.0828626 0.0051784 0.0428561 0.0000000 2.7972147 2.7922059 2.7922059 2.4577727 2.1332413 2.3815297 2.1893060 2.0955843 2.0955843 2.0221421 2.0221421 2.1182944 2.0843035 2.6034966 2.6706008 2.6706008 2.4617430 2.7450594 2.7450594 2.7017424 2.7017424 2.6639204 2.6639204 2.6639204 2.6831633 2.6811255 2.7317747 2.6783447 2.7387552 2.7387552 2.6702444 2.6702444 1.9726100 2.8265569 2.8265569 2.6881949 2.6962427 2.7910447 2.5459637 2.8574707 2.7196903 2.9060732 2.7603858 2.5881246 2.5881246 2.4327602 2.4327602 2.4782161 2.5327251 2.6106854 2.4782161 2.5357782 2.3542169 2.5135520 2.5135520 2.4942748 2.5140542 2.4974939 2.5305900 2.5144713 2.5305900 2.6008825 2.5606208 2.4998723 2.4991604 2.5611306 2.5422891 2.5412738 2.5777772 2.5444574 2.4571261 2.3959392 2.4705135 2.4705135 2.3047329 2.3264714 2.3047329 
Opuntia_virus__Strain_CC10                  1.5717957 2.4684329 1.7751100 2.0618118 1.7697341 1.6175054 1.6134186 2.4008313 2.2034339 2.0878078 2.6342197 2.8790328 2.8031770 2.8701414 2.9824731 2.7972147 0.0000000 0.0211079 0.0211079 0.9167374 0.9075589 0.8998389 0.9055394 0.7903076 0.7903076 0.8023459 0.8023459 0.8160251 0.7727208 1.0557716 1.0507236 1.0507236 1.0003276 1.0434026 1.0434026 1.0630417 1.0630417 1.0260241 1.0260241 1.0260241 1.0490778 1.0389153 1.0515396 1.0426392 1.0349559 1.0349559 1.0217511 1.0217511 1.2291852 1.0809946 1.0809946 1.0182665 1.0400815 1.0674555 1.0299985 1.0270436 1.1098154 1.1364910 1.1026344 1.1322619 1.1322619 1.0868600 1.0868600 1.0133987 0.9753064 0.9882853 1.0045650 0.9727233 0.9735467 0.9305097 0.9305097 0.9192008 0.9213000 0.9118212 0.9091993 0.9231311 0.9307600 1.0937233 0.9938176 0.9393579 0.9583008 0.9438167 1.0126155 0.9832217 0.9540323 0.9402866 0.9601059 0.9778468 0.9424156 0.9424156 0.9960876 1.0042880 0.9960876 
Opuntia_virus_X__KY348771                   1.6001393 2.5174343 1.8656005 2.1696325 1.8355476 1.6803033 1.6759511 2.5489822 2.3183295 2.0652882 2.6358728 2.8737578 2.7981749 2.8649279 2.9769080 2.7922059 0.0211079 0.0000000 0.0000010 0.9230492 0.9138321 0.9061130 0.9118215 0.7960294 0.7960294 0.8081100 0.8081100 0.8217118 0.7950583 1.0149109 1.0099042 1.0099042 0.9602303 1.0024877 1.0024877 1.0218585 1.0218585 0.9855652 0.9855652 0.9855652 1.0083906 0.9982500 1.0102554 1.0018902 0.9942132 0.9942132 0.9818236 0.9818236 1.1816185 1.0069982 1.0069982 0.9477881 0.9666476 0.9943192 0.9582391 0.9566005 1.0338788 1.0587674 1.0272268 1.0550094 1.0550094 1.0115546 1.0115546 1.0147644 0.9766194 0.9896158 1.0059205 0.9086232 0.9095746 0.8693482 0.8693482 0.8586915 0.8603002 0.8510488 0.8490528 0.8602265 0.8695322 1.0191187 0.9287301 0.8761659 0.8929217 0.8815668 0.9464824 0.9171416 0.8914033 0.8779291 0.8971234 0.9137668 0.8786792 0.8786792 0.9304811 0.9386064 0.9304811 
Opuntia_virus_X__KU854931                   1.6001393 2.5174343 1.8656005 2.1696325 1.8355476 1.6803033 1.6759511 2.5489822 2.3183295 2.0652882 2.6358728 2.8737578 2.7981749 2.8649279 2.9769080 2.7922059 0.0211079 0.0000010 0.0000000 0.9230492 0.9138321 0.9061130 0.9118215 0.7960294 0.7960294 0.8081100 0.8081100 0.8217118 0.7950583 1.0149109 1.0099042 1.0099042 0.9602303 1.0024877 1.0024877 1.0218585 1.0218585 0.9855652 0.9855652 0.9855652 1.0083906 0.9982500 1.0102554 1.0018902 0.9942132 0.9942132 0.9818236 0.9818236 1.1816185 1.0069982 1.0069982 0.9477881 0.9666476 0.9943192 0.9582391 0.9566005 1.0338788 1.0587674 1.0272268 1.0550094 1.0550094 1.0115546 1.0115546 1.0147644 0.9766194 0.9896158 1.0059205 0.9086232 0.9095746 0.8693482 0.8693482 0.8586915 0.8603002 0.8510488 0.8490528 0.8602265 0.8695322 1.0191187 0.9287301 0.8761659 0.8929217 0.8815668 0.9464824 0.9171416 0.8914033 0.8779291 0.8971234 0.9137668 0.8786792 0.8786792 0.9304811 0.9386064 0.9304811 
Schlumbergera_virus_X__KU854929             1.9629888 2.4192167 1.2617437 1.4092188 1.3479610 1.0917693 1.1889823 2.6989308 1.9967395 1.9728476 2.3667499 2.5606365 2.3789261 2.3936192 2.4483911 2.4577727 0.9167374 0.9230492 0.9230492 0.0000000 0.1024938 0.0973456 0.0975017 0.0857762 0.0857762 0.0856918 0.0856918 0.1087446 0.0738011 0.5978333 0.5166030 0.5166030 0.5430628 0.5714349 0.5714349 0.5741715 0.5741715 0.5591949 0.5591949 0.5591949 0.5716600 0.5494298 0.5551918 0.5716584 0.5818218 0.5818218 0.5716584 0.5716584 0.6997801 0.8445347 0.8445347 0.7889783 0.8085478 0.8615726 0.8254235 0.7970234 0.8473443 0.8766830 0.8393053 0.8126541 0.8126541 0.7837650 0.7837650 0.7399774 0.7295668 0.7197847 0.7652402 0.7059055 0.6966691 0.6803099 0.6803099 0.6941708 0.7049330 0.7104988 0.6812455 0.6513190 0.6994621 0.6971606 0.7471821 0.7035135 0.6740731 0.7132757 0.7497734 0.6942782 0.7224558 0.6949870 0.6965437 0.7214776 0.6552627 0.6552627 0.7136854 0.7228326 0.7136854 
SRR11190802_Plant__DH-1_NC_011659           1.8923357 2.0998904 1.1931701 1.2797131 1.1940642 1.0107232 1.1007344 2.5518362 2.4135743 1.9685939 2.1659686 2.1972912 2.0330857 2.0803746 2.2372975 2.1332413 0.9075589 0.9138321 0.9138321 0.1024938 0.0000000 0.0519295 0.0520401 0.0114480 0.0114480 0.0056826 0.0056826 0.0393369 0.0116022 0.5608521 0.5540543 0.5540543 0.5194387 0.5528862 0.5528862 0.5556128 0.5556128 0.5352720 0.5352720 0.5352720 0.5721949 0.5455871 0.5513570 0.5701083 0.5803942 0.5803942 0.5701083 0.5701083 0.7034248 0.8251853 0.8251853 0.7300568 0.7730704 0.8064093 0.8065363 0.8131302 0.8279960 0.8567169 0.8200688 0.8289476 0.8289476 0.7933942 0.7933942 0.6537955 0.6441913 0.6647182 0.6467053 0.6139463 0.6055495 0.6191264 0.6191264 0.6318813 0.6415200 0.6463826 0.6195343 0.5900343 0.6367367 0.6334773 0.6515948 0.6107910 0.5956262 0.6656459 0.6544388 0.6153096 0.6585535 0.6323222 0.6343792 0.6576707 0.6405555 0.6405555 0.6503348 0.6591720 0.6503348 
Schlumbergera_virus_X__KP090203             1.8952187 2.3032046 1.2425396 1.3191275 1.2173625 1.0422428 1.1345792 2.3552927 2.4123261 2.1826006 2.3966755 2.4559013 2.2422675 2.3195896 2.5008740 2.3815297 0.8998389 0.9061130 0.9061130 0.0973456 0.0519295 0.0000000 0.0228863 0.0174837 0.0174837 0.0174702 0.0174702 0.0224509 0.0177228 0.5439414 0.5637470 0.5637470 0.5218398 0.5550166 0.5550166 0.5653292 0.5653292 0.5375415 0.5375415 0.5375415 0.5798871 0.5477576 0.5534934 0.5778225 0.5881988 0.5881988 0.5778225 0.5778225 0.7345095 0.7950344 0.7950344 0.7339604 0.7473327 0.8113949 0.7768753 0.7832129 0.7978890 0.8259851 0.7900319 0.7987609 0.7987609 0.7637138 0.7637138 0.6853343 0.6753688 0.6659786 0.6780429 0.6527583 0.6439850 0.6578703 0.6578703 0.6713830 0.6817735 0.6870995 0.6586184 0.6287102 0.6765372 0.6738627 0.6920925 0.6499043 0.6347681 0.7068316 0.6948327 0.6548069 0.6991856 0.6720600 0.6738077 0.6982382 0.6714595 0.6714595 0.6905774 0.6996457 0.6905774 
Schlumbergera_virus_X__Strain_K11           1.8758034 2.2219093 1.2635327 1.3280626 1.2064804 1.0982561 1.1956078 2.4898823 2.4483122 2.0273346 2.1998726 2.2550052 2.0655123 2.1349285 2.2957144 2.1893060 0.9055394 0.9118215 0.9118215 0.0975017 0.0520401 0.0228863 0.0000000 0.0175313 0.0175313 0.0175177 0.0175177 0.0225078 0.0117692 0.5194378 0.5386412 0.5386412 0.4975386 0.5298990 0.5298990 0.5401409 0.5401409 0.5128887 0.5128887 0.5128887 0.5543602 0.5230320 0.5284863 0.5522546 0.5621848 0.5621848 0.5522546 0.5522546 0.6728949 0.7804643 0.7804643 0.6886904 0.7290341 0.7623558 0.7627147 0.7688697 0.7833196 0.8108544 0.7755643 0.7841449 0.7841449 0.7496711 0.7496711 0.6657614 0.6559925 0.6769212 0.6360319 0.6213822 0.6129726 0.6482864 0.6482864 0.6393262 0.6490389 0.6539531 0.6269844 0.5976077 0.6442050 0.6410732 0.6590915 0.6403564 0.6032495 0.6731737 0.6618969 0.6228644 0.6660282 0.6398068 0.6417927 0.6651394 0.6323351 0.6323351 0.6577913 0.6666121 0.6577913 
SRR11190798_Plant__DH-3_NC_011659           1.8420256 2.2918535 1.2353680 1.2934491 1.1547426 1.0113586 1.1052923 2.4060881 2.2861151 2.0323304 2.2016748 2.2190751 2.0458115 2.0955843 2.2612818 2.0955843 0.7903076 0.7960294 0.7960294 0.0857762 0.0114480 0.0174837 0.0175313 0.0000000 0.0000010 0.0000010 0.0000010 0.0056724 0.0000010 0.5209858 0.5283493 0.5283493 0.5017297 0.5356684 0.5356684 0.5298758 0.5298758 0.5178140 0.5178140 0.5178140 0.5430178 0.5284124 0.5341679 0.5280716 0.5505308 0.5505308 0.5280716 0.5280716 0.6252127 0.7230207 0.7230207 0.6335411 0.6856218 0.7053278 0.7060384 0.7117625 0.7308050 0.7576808 0.7230207 0.7267279 0.7267279 0.6928224 0.6928224 0.6199612 0.6102309 0.6308671 0.6127052 0.5844262 0.5758916 0.5899208 0.5899208 0.6027175 0.6122702 0.6170374 0.5900746 0.5594196 0.6075826 0.6037387 0.6003000 0.5808805 0.5649264 0.6369116 0.6257308 0.5853309 0.6298694 0.6030098 0.6054044 0.6289910 0.6106539 0.6106539 0.6215458 0.6306491 0.6215458 
SRR11190801_Plant__DH-2_NC_011659           1.8420256 2.2918535 1.2353680 1.2934491 1.1547426 1.0113586 1.1052923 2.4060881 2.2861151 2.0323304 2.2016748 2.2190751 2.0458115 2.0955843 2.2612818 2.0955843 0.7903076 0.7960294 0.7960294 0.0857762 0.0114480 0.0174837 0.0175313 0.0000010 0.0000000 0.0000010 0.0000010 0.0056724 0.0000010 0.5209858 0.5283493 0.5283493 0.5017297 0.5356684 0.5356684 0.5298758 0.5298758 0.5178140 0.5178140 0.5178140 0.5430178 0.5284124 0.5341679 0.5280716 0.5505308 0.5505308 0.5280716 0.5280716 0.6252127 0.7230207 0.7230207 0.6335411 0.6856218 0.7053278 0.7060384 0.7117625 0.7308050 0.7576808 0.7230207 0.7267279 0.7267279 0.6928224 0.6928224 0.6199612 0.6102309 0.6308671 0.6127052 0.5844262 0.5758916 0.5899208 0.5899208 0.6027175 0.6122702 0.6170374 0.5900746 0.5594196 0.6075826 0.6037387 0.6003000 0.5808805 0.5649264 0.6369116 0.6257308 0.5853309 0.6298694 0.6030098 0.6054044 0.6289910 0.6106539 0.6106539 0.6215458 0.6306491 0.6215458 
SRR11603189_RR-peel-3_NC_011659             1.9096047 2.2265043 1.1720119 1.2322807 1.1201864 0.9810506 1.0719386 2.2159854 2.2252215 1.8964888 2.0699367 2.0840158 1.9253667 1.9713052 2.1232558 2.0221421 0.8023459 0.8081100 0.8081100 0.0856918 0.0056826 0.0174702 0.0175177 0.0000010 0.0000010 0.0000000 0.0000010 0.0000010 0.0000010 0.4829248 0.4896321 0.4896321 0.4642409 0.4962247 0.4962247 0.4909944 0.4909944 0.4794564 0.4794564 0.4794564 0.5035301 0.4897310 0.4949290 0.5013237 0.5226639 0.5226639 0.5171126 0.5171126 0.6363258 0.7193529 0.7193529 0.6307325 0.6822410 0.7018380 0.7025658 0.7082142 0.7270705 0.7536497 0.7193529 0.7230311 0.7230311 0.6894507 0.6894507 0.6152185 0.6055851 0.6259890 0.6080246 0.5954183 0.5868415 0.6008532 0.6008532 0.6137806 0.6234781 0.6234781 0.6011084 0.5705433 0.6186986 0.6150383 0.6338656 0.5919822 0.5761452 0.6482031 0.6368791 0.5965098 0.6410571 0.6141338 0.6164229 0.6401665 0.6220993 0.6220993 0.6326767 0.6417792 0.6326767 
SRR11603187_RR-pulp-2_NC_011659             1.9096047 2.2265043 1.1720119 1.2322807 1.1201864 0.9810506 1.0719386 2.2159854 2.2252215 1.8964888 2.0699367 2.0840158 1.9253667 1.9713052 2.1232558 2.0221421 0.8023459 0.8081100 0.8081100 0.0856918 0.0056826 0.0174702 0.0175177 0.0000010 0.0000010 0.0000010 0.0000000 0.0000010 0.0000010 0.4829248 0.4896321 0.4896321 0.4642409 0.4962247 0.4962247 0.4909944 0.4909944 0.4794564 0.4794564 0.4794564 0.5035301 0.4897310 0.4949290 0.5013237 0.5226639 0.5226639 0.5171126 0.5171126 0.6363258 0.7193529 0.7193529 0.6307325 0.6822410 0.7018380 0.7025658 0.7082142 0.7270705 0.7536497 0.7193529 0.7230311 0.7230311 0.6894507 0.6894507 0.6152185 0.6055851 0.6259890 0.6080246 0.5954183 0.5868415 0.6008532 0.6008532 0.6137806 0.6234781 0.6234781 0.6011084 0.5705433 0.6186986 0.6150383 0.6338656 0.5919822 0.5761452 0.6482031 0.6368791 0.5965098 0.6410571 0.6141338 0.6164229 0.6401665 0.6220993 0.6220993 0.6326767 0.6417792 0.6326767 
SRR11603183_GW-peel-2_NC_011659             1.8303976 2.1455436 1.2471829 1.3212744 1.1767746 1.0325754 1.1244497 2.2282907 2.3026226 1.9495370 2.1560053 2.1820378 2.0186218 2.0657159 2.2219347 2.1182944 0.8160251 0.8217118 0.8217118 0.1087446 0.0393369 0.0224509 0.0225078 0.0056724 0.0056724 0.0000010 0.0000010 0.0000000 0.0000010 0.5295836 0.5490669 0.5490669 0.5075701 0.5403149 0.5403149 0.5506038 0.5506038 0.5230861 0.5230861 0.5230861 0.5649895 0.5332747 0.5388542 0.5628963 0.5730318 0.5730318 0.5706774 0.5706774 0.6872560 0.7626132 0.7626132 0.6722616 0.7114962 0.7447791 0.7452367 0.7512122 0.7654922 0.7925477 0.7578032 0.7662670 0.7662670 0.7322449 0.7322449 0.6570485 0.6473801 0.6680588 0.6499175 0.6257731 0.6172874 0.6309184 0.6309184 0.6438697 0.6537095 0.6448673 0.6314293 0.6018848 0.6488034 0.6457244 0.6638331 0.6227164 0.6076011 0.6780559 0.6666380 0.6273379 0.6708149 0.6443790 0.6463377 0.6699147 0.6529941 0.6529941 0.6624970 0.6713820 0.6624970 
SRR11603184_GW-peel-1_NC_011659             1.8121789 2.1916094 1.1603869 1.1646273 1.1465901 0.9661885 1.0586160 2.3523487 2.3114562 1.8670272 2.1922423 2.2097955 2.0337341 2.0843035 2.2527836 2.0843035 0.7727208 0.7950583 0.7950583 0.0738011 0.0116022 0.0177228 0.0117692 0.0000010 0.0000010 0.0000010 0.0000010 0.0000010 0.0000000 0.5037406 0.5109728 0.5109728 0.4842944 0.5181313 0.5181313 0.5124601 0.5124601 0.5003530 0.5003530 0.5003530 0.5256366 0.5110548 0.5166895 0.5233772 0.5333241 0.5333241 0.5400594 0.5400594 0.6135392 0.7265381 0.7265381 0.6350347 0.6736204 0.7084304 0.7091353 0.6994417 0.7296184 0.7569826 0.7216906 0.7310597 0.7310597 0.6963608 0.6963608 0.5982330 0.5885551 0.6089583 0.5909681 0.5960012 0.5872280 0.6015560 0.6015560 0.6147902 0.6247293 0.6247293 0.6018237 0.5705641 0.6198277 0.6160999 0.6122810 0.5924920 0.5762947 0.6500558 0.6384393 0.5971281 0.6427222 0.6151574 0.6174895 0.6418086 0.6161803 0.6161803 0.6341354 0.6434528 0.6341354 
MG210801                                    2.2449491 2.2220309 1.5277557 1.3406836 1.5558686 1.3829499 1.4351699 2.3868415 2.8280547 2.1394693 2.1826738 2.4832570 2.4870346 2.5373143 2.5931622 2.6034966 1.0557716 1.0149109 1.0149109 0.5978333 0.5608521 0.5439414 0.5194378 0.5209858 0.5209858 0.4829248 0.4829248 0.5295836 0.5037406 0.0000000 0.0424296 0.0424296 0.0106067 0.0157804 0.0157804 0.0155819 0.0155819 0.0104094 0.0104094 0.0104094 0.0262853 0.0263880 0.0211270 0.0317181 0.0319693 0.0319693 0.0317962 0.0317962 0.8643178 0.8606553 0.8606553 0.7981353 0.8230185 0.8417965 0.7485749 0.8372994 0.8861824 0.8789185 0.8781798 0.9293475 0.9293475 0.8897179 0.8897179 1.0048547 0.9890244 1.0204634 0.9638116 0.9665645 0.9269375 0.9800606 0.9800606 0.9373256 0.9523259 0.9296852 0.9181348 0.8680413 0.9437507 0.8939085 0.9459847 0.8861742 0.8763025 0.9348840 0.9419571 0.8801453 0.9452981 0.9008548 0.9213965 0.9502906 0.8751357 0.8751357 0.8963008 0.9181665 0.8963008 
SRR11190800_Plant__BSJ-2_NC_024458          2.2974525 2.3513561 1.5328200 1.4371963 1.5826850 1.3869445 1.4395237 2.3820785 2.7147067 2.1794559 2.3862104 2.5634996 2.5676349 2.6009667 2.6793927 2.6706008 1.0507236 1.0099042 1.0099042 0.5166030 0.5540543 0.5637470 0.5386412 0.5283493 0.5283493 0.4896321 0.4896321 0.5490669 0.5109728 0.0424296 0.0000000 0.0000010 0.0213471 0.0208462 0.0208462 0.0258835 0.0258835 0.0209474 0.0209474 0.0209474 0.0312501 0.0207305 0.0208665 0.0313335 0.0315787 0.0315787 0.0314098 0.0314098 0.8259161 0.8709805 0.8709805 0.7820552 0.8168289 0.8519786 0.7581622 0.8474118 0.8966985 0.9265221 0.8886497 0.9402571 0.9402571 0.9004474 0.9004474 1.0789496 1.0644652 1.0955439 1.0349837 1.0532336 1.0106372 1.0366075 1.0366075 0.9917763 1.0078023 0.9842848 0.9717729 0.9208804 0.9984811 0.9377269 1.0308317 0.9682607 0.9233653 0.9893428 1.0262128 0.9266281 1.0000358 0.9538969 0.9749763 1.0052632 0.9168808 0.9168808 0.9586686 0.9691860 0.9586686 
SRR11190791_Plant__BSJ-1_NC_024458          2.2974525 2.3513561 1.5328200 1.4371963 1.5826850 1.3869445 1.4395237 2.3820785 2.7147067 2.1794559 2.3862104 2.5634996 2.5676349 2.6009667 2.6793927 2.6706008 1.0507236 1.0099042 1.0099042 0.5166030 0.5540543 0.5637470 0.5386412 0.5283493 0.5283493 0.4896321 0.4896321 0.5490669 0.5109728 0.0424296 0.0000010 0.0000000 0.0213471 0.0208462 0.0208462 0.0258835 0.0258835 0.0209474 0.0209474 0.0209474 0.0312501 0.0207305 0.0208665 0.0313335 0.0315787 0.0315787 0.0314098 0.0314098 0.8259161 0.8709805 0.8709805 0.7820552 0.8168289 0.8519786 0.7581622 0.8474118 0.8966985 0.9265221 0.8886497 0.9402571 0.9402571 0.9004474 0.9004474 1.0789496 1.0644652 1.0955439 1.0349837 1.0532336 1.0106372 1.0366075 1.0366075 0.9917763 1.0078023 0.9842848 0.9717729 0.9208804 0.9984811 0.9377269 1.0308317 0.9682607 0.9233653 0.9893428 1.0262128 0.9266281 1.0000358 0.9538969 0.9749763 1.0052632 0.9168808 0.9168808 0.9586686 0.9691860 0.9586686 
SRR11190802_Plant__DH-1_NC_024458           2.3288076 2.2594297 1.4724720 1.3287188 1.4179343 1.3161071 1.3670915 2.0592885 2.5417199 2.0552678 2.0721161 2.3465060 2.3664661 2.3984666 2.4524723 2.4617430 1.0003276 0.9602303 0.9602303 0.5430628 0.5194387 0.5218398 0.4975386 0.5017297 0.5017297 0.4642409 0.4642409 0.5075701 0.4842944 0.0106067 0.0213471 0.0213471 0.0000000 0.0000010 0.0000010 0.0000010 0.0000010 0.0000010 0.0000010 0.0000010 0.0000010 0.0052717 0.0000010 0.0052717 0.0053332 0.0053332 0.0053043 0.0053043 0.8674085 0.8053137 0.8053137 0.7438994 0.7672204 0.7867826 0.7352027 0.7825853 0.8304693 0.8232363 0.8224954 0.8554496 0.8554496 0.8257472 0.8257472 1.0183499 1.0017431 1.0347150 0.9752868 0.9061498 0.8673767 0.9012089 0.9012089 0.8777570 0.8920631 0.8697530 0.8589379 0.8012962 0.8840468 0.8220548 0.9041854 0.8439678 0.8188222 0.8752278 0.9003320 0.8306640 0.8856337 0.8418454 0.8623684 0.8905268 0.8061627 0.8061627 0.8377963 0.8593207 0.8377963 
SRR11190801_Plant__DH-2_NC_024458           2.3911635 2.3998488 1.5465310 1.4105912 1.5669663 1.4109883 1.4648476 2.2647254 2.8063310 2.1222316 2.3001545 2.6132172 2.6175875 2.6722697 2.7329649 2.7450594 1.0434026 1.0024877 1.0024877 0.5714349 0.5528862 0.5550166 0.5298990 0.5356684 0.5356684 0.4962247 0.4962247 0.5403149 0.5181313 0.0157804 0.0208462 0.0208462 0.0000010 0.0000000 0.0000010 0.0000010 0.0000010 0.0000010 0.0000010 0.0000010 0.0051546 0.0103393 0.0051731 0.0051681 0.0052082 0.0052082 0.0051807 0.0051807 0.8501154 0.8494351 0.8494351 0.7870528 0.8116517 0.8306169 0.7375421 0.8261710 0.8749189 0.8676539 0.8669136 0.9179512 0.9179512 0.8782490 0.8782490 1.0349176 1.0184013 1.0511703 0.9920600 1.0035547 0.9622057 0.9876278 0.9876278 0.9441864 0.9594719 0.9364843 0.9246937 0.8739579 0.9507136 0.9077935 0.9819636 0.9202487 0.8762380 0.9417209 0.9776363 0.8801156 0.9522776 0.9071581 0.9279819 0.9573507 0.8708040 0.8708040 0.9024905 0.9246887 0.9024905 
SRR11190798_Plant__DH-3_NC_024458           2.3911635 2.3998488 1.5465310 1.4105912 1.5669663 1.4109883 1.4648476 2.2647254 2.8063310 2.1222316 2.3001545 2.6132172 2.6175875 2.6722697 2.7329649 2.7450594 1.0434026 1.0024877 1.0024877 0.5714349 0.5528862 0.5550166 0.5298990 0.5356684 0.5356684 0.4962247 0.4962247 0.5403149 0.5181313 0.0157804 0.0208462 0.0208462 0.0000010 0.0000010 0.0000000 0.0000010 0.0000010 0.0000010 0.0000010 0.0000010 0.0051546 0.0103393 0.0051731 0.0051681 0.0052082 0.0052082 0.0051807 0.0051807 0.8501154 0.8494351 0.8494351 0.7870528 0.8116517 0.8306169 0.7375421 0.8261710 0.8749189 0.8676539 0.8669136 0.9179512 0.9179512 0.8782490 0.8782490 1.0349176 1.0184013 1.0511703 0.9920600 1.0035547 0.9622057 0.9876278 0.9876278 0.9441864 0.9594719 0.9364843 0.9246937 0.8739579 0.9507136 0.9077935 0.9819636 0.9202487 0.8762380 0.9417209 0.9776363 0.8801156 0.9522776 0.9071581 0.9279819 0.9573507 0.8708040 0.8708040 0.9024905 0.9246887 0.9024905 
SRR11190795_Plant__FR-3_NC_024458           2.3700211 2.3050862 1.5397040 1.4054223 1.6185105 1.4058028 1.4590514 2.3398517 2.7726152 2.0991692 2.2829717 2.5739682 2.5781376 2.6312610 2.6902490 2.7017424 1.0630417 1.0218585 1.0218585 0.5741715 0.5556128 0.5653292 0.5401409 0.5298758 0.5298758 0.4909944 0.4909944 0.5506038 0.5124601 0.0155819 0.0258835 0.0258835 0.0000010 0.0000010 0.0000010 0.0000000 0.0000010 0.0000010 0.0000010 0.0000010 0.0154397 0.0154986 0.0103393 0.0154802 0.0156000 0.0156000 0.0155177 0.0155177 0.8306607 0.8481053 0.8481053 0.7865103 0.8107841 0.8295270 0.7376092 0.8251413 0.8732628 0.8660893 0.8653581 0.9157248 0.9157248 0.8765202 0.8765202 1.0309240 1.0146465 1.0469456 0.9886869 1.0025006 0.9615178 0.9867192 0.9867192 0.9436606 0.9588084 0.9360214 0.9243372 0.8740424 0.9501308 0.9290411 0.9811038 0.9199237 0.8763025 0.9412154 0.9768175 0.8801453 0.9516819 0.9069530 0.9275983 0.9567106 0.8811464 0.8811464 0.9023271 0.9243341 0.9023271 
Pitaya_virus_X                              2.3700211 2.3050862 1.5397040 1.4054223 1.6185105 1.4058028 1.4590514 2.3398517 2.7726152 2.0991692 2.2829717 2.5739682 2.5781376 2.6312610 2.6902490 2.7017424 1.0630417 1.0218585 1.0218585 0.5741715 0.5556128 0.5653292 0.5401409 0.5298758 0.5298758 0.4909944 0.4909944 0.5506038 0.5124601 0.0155819 0.0258835 0.0258835 0.0000010 0.0000010 0.0000010 0.0000010 0.0000000 0.0000010 0.0000010 0.0000010 0.0154397 0.0154986 0.0103393 0.0154802 0.0156000 0.0156000 0.0155177 0.0155177 0.8306607 0.8481053 0.8481053 0.7865103 0.8107841 0.8295270 0.7376092 0.8251413 0.8732628 0.8660893 0.8653581 0.9157248 0.9157248 0.8765202 0.8765202 1.0309240 1.0146465 1.0469456 0.9886869 1.0025006 0.9615178 0.9867192 0.9867192 0.9436606 0.9588084 0.9360214 0.9243372 0.8740424 0.9501308 0.9290411 0.9811038 0.9199237 0.8763025 0.9412154 0.9768175 0.8801453 0.9516819 0.9069530 0.9275983 0.9567106 0.8811464 0.8811464 0.9023271 0.9243341 0.9023271 
SRR11603182_GW-peel-3_NC_024458             2.3472402 2.3255511 1.5218671 1.3730439 1.5252404 1.3885645 1.4416509 2.2562188 2.7990900 2.1134707 2.2358713 2.5371859 2.5412571 2.5940526 2.6527118 2.6639204 1.0260241 0.9855652 0.9855652 0.5591949 0.5352720 0.5375415 0.5128887 0.5178140 0.5178140 0.4794564 0.4794564 0.5230861 0.5003530 0.0104094 0.0209474 0.0209474 0.0000010 0.0000010 0.0000010 0.0000010 0.0000010 0.0000000 0.0000010 0.0000010 0.0000010 0.0051743 0.0000010 0.0051929 0.0052334 0.0052334 0.0052056 0.0052056 0.8596772 0.8411845 0.8411845 0.7788150 0.8032384 0.8223697 0.7292664 0.8179565 0.8666729 0.8593962 0.8586538 0.9096660 0.9096660 0.8698563 0.8698563 1.0063823 0.9902043 1.0223341 0.9644405 0.9762936 0.9357772 0.9709490 0.9709490 0.9279701 0.9430054 0.9201982 0.9086534 0.8579909 0.9344359 0.8811948 0.9552205 0.8942469 0.8762380 0.9254922 0.9510708 0.8801156 0.9360039 0.8912365 0.9119723 0.9410273 0.8550617 0.8550617 0.8867183 0.9087398 0.8867183 
SRR11603184_GW-peel-1_NC_024458             2.3472402 2.3255511 1.5218671 1.3730439 1.5252404 1.3885645 1.4416509 2.2562188 2.7990900 2.1134707 2.2358713 2.5371859 2.5412571 2.5940526 2.6527118 2.6639204 1.0260241 0.9855652 0.9855652 0.5591949 0.5352720 0.5375415 0.5128887 0.5178140 0.5178140 0.4794564 0.4794564 0.5230861 0.5003530 0.0104094 0.0209474 0.0209474 0.0000010 0.0000010 0.0000010 0.0000010 0.0000010 0.0000010 0.0000000 0.0000010 0.0000010 0.0051743 0.0000010 0.0051929 0.0052334 0.0052334 0.0052056 0.0052056 0.8596772 0.8411845 0.8411845 0.7788150 0.8032384 0.8223697 0.7292664 0.8179565 0.8666729 0.8593962 0.8586538 0.9096660 0.9096660 0.8698563 0.8698563 1.0063823 0.9902043 1.0223341 0.9644405 0.9762936 0.9357772 0.9709490 0.9709490 0.9279701 0.9430054 0.9201982 0.9086534 0.8579909 0.9344359 0.8811948 0.9552205 0.8942469 0.8762380 0.9254922 0.9510708 0.8801156 0.9360039 0.8912365 0.9119723 0.9410273 0.8550617 0.8550617 0.8867183 0.9087398 0.8867183 
SRR11603183_GW-peel-2_NC_024458             2.3472402 2.3255511 1.5218671 1.3730439 1.5252404 1.3885645 1.4416509 2.2562188 2.7990900 2.1134707 2.2358713 2.5371859 2.5412571 2.5940526 2.6527118 2.6639204 1.0260241 0.9855652 0.9855652 0.5591949 0.5352720 0.5375415 0.5128887 0.5178140 0.5178140 0.4794564 0.4794564 0.5230861 0.5003530 0.0104094 0.0209474 0.0209474 0.0000010 0.0000010 0.0000010 0.0000010 0.0000010 0.0000010 0.0000010 0.0000000 0.0000010 0.0051743 0.0000010 0.0051929 0.0052334 0.0052334 0.0052056 0.0052056 0.8596772 0.8411845 0.8411845 0.7788150 0.8032384 0.8223697 0.7292664 0.8179565 0.8666729 0.8593962 0.8586538 0.9096660 0.9096660 0.8698563 0.8698563 1.0063823 0.9902043 1.0223341 0.9644405 0.9762936 0.9357772 0.9709490 0.9709490 0.9279701 0.9430054 0.9201982 0.9086534 0.8579909 0.9344359 0.8811948 0.9552205 0.8942469 0.8762380 0.9254922 0.9510708 0.8801156 0.9360039 0.8912365 0.9119723 0.9410273 0.8550617 0.8550617 0.8867183 0.9087398 0.8867183 
SRR11190793_Plant__BR-2_NC_024458           2.4357260 2.4148869 1.5744491 1.4393229 1.6398225 1.4368884 1.4914179 2.3304571 2.8149962 2.0519161 2.3431209 2.5574658 2.5615412 2.6138646 2.6719554 2.6831633 1.0490778 1.0083906 1.0083906 0.5716600 0.5721949 0.5798871 0.5543602 0.5430178 0.5430178 0.5035301 0.5035301 0.5649895 0.5256366 0.0262853 0.0312501 0.0312501 0.0000010 0.0051546 0.0051546 0.0154397 0.0154397 0.0000010 0.0000010 0.0000010 0.0000000 0.0051250 0.0000010 0.0102901 0.0103696 0.0103696 0.0103150 0.0103150 0.8864665 0.8322499 0.8322499 0.7714656 0.7951150 0.8139197 0.7230948 0.8096518 0.8570839 0.8499829 0.8492574 0.8988896 0.8988896 0.8600155 0.8600155 1.0288349 1.0126301 1.0447870 0.9867875 1.0269051 0.9852080 1.0083850 1.0083850 0.9645595 0.9800886 0.9569813 0.9449364 0.8943558 0.9711328 0.9125869 1.0050590 0.9432847 0.9023479 0.9621195 1.0006186 0.9058774 0.9726853 0.9273331 0.9481725 0.9777994 0.8811464 0.8811464 0.9225023 0.9448190 0.9225023 
